# Position (bp)	A	C	G	T	N
0.0	26.94702950443004	24.321663772529355	25.072315051387267	23.647818468570424	0.01117320308290701
1.0	28.713451685885676	19.005409222938844	19.372980684247228	32.88755190073209	0.020606506196155658
2.0	29.711082326033207	20.178752497529214	18.64909863009234	31.45484961368488	0.006216932660367899
3.0	32.01473671680783	19.350518332370566	19.697987217979172	28.9363353128732	4.224199692263757E-4
4.0	32.32668827780278	18.98312278121996	20.284348305955728	28.40517968065398	6.609543675491103E-4
5.0	33.114965414850545	18.967830571603546	19.818732360523093	28.096355391074212	0.0021162619486035836
6.0	28.929072892116555	18.898345990543906	18.21243544098944	33.94994475637363	0.010200919976463791
7.0	28.77818781343338	21.119696974514536	18.85087126988588	31.24791160797843	0.0033323341877726635
8.0	28.31403954184723	20.79827453429356	18.93994824396135	31.94379753387472	0.003940146023141625
9.0	32.00343962024388	19.082643672998454	19.3765180799469	29.535440373717503	0.0019582530932553406
10.0	29.902754729940227	21.17279362488313	21.143309357786798	27.780714343500257	4.279438895856873E-4
11.0	29.025377125375186	21.101721289898627	20.197212429335238	29.675230641415556	4.58513975399339E-4
12.0	29.89758647676953	20.009379027668782	19.808212768284168	30.283924736751782	8.969905257373965E-4
13.0	30.04438479952567	19.967044997515234	19.75280369113355	30.229354061038045	0.006412450787502631
14.0	30.038483851007285	20.06218072143059	19.871243441299875	30.027864854606374	2.271316558765427E-4
15.0	30.21075179380292	20.07977473527068	19.78830581546483	29.92026901436181	8.986410997598158E-4
16.0	30.263089929946624	20.00848614280667	19.864435656432903	29.86095526817547	0.0030330026383340565
17.0	30.22629183655755	20.037700871093342	19.925683895817414	29.806080924553335	0.004242471978357379
18.0	30.26366595497494	19.964357084156646	19.97532943221545	29.791804789319194	0.004842739333773601
19.0	30.17642433812871	20.000125899590998	19.842030886893465	29.980914094867057	5.047805197749837E-4
20.0	30.06104449413794	20.114045584799598	19.820597295764355	30.003802710477668	5.099148204447354E-4
21.0	29.98092456932416	20.134178030260173	19.81455025571175	30.06976219585346	5.849488504562101E-4
22.0	29.958672335504065	20.02582611625518	19.79489992129582	30.217428902862174	0.0031727240827642235
23.0	30.024557199596945	19.94266742055349	19.884204592185824	30.14795447159935	6.163160643885502E-4
24.0	30.030349663535148	19.979222270364623	19.911664096534025	30.075891023588962	0.0028729459772378592
25.0	30.04333431683502	19.952709878080473	19.95875654076676	30.04340565687261	0.0017936074451414433
26.0	30.059157306646693	19.966481551726453	19.935123775366044	30.03674767130939	0.0024896949514206235
27.0	29.99972625966703	20.000164101192208	19.921698228299416	30.073143369300652	0.005268041540697352
28.0	30.007483400490443	19.98944745154935	19.966520251220036	30.03628227364461	2.666230955617794E-4
29.0	29.977544021604825	20.0122172293508	19.94532617886064	30.06443425232625	4.783178574914226E-4
30.0	29.96543415897791	19.992277274387472	19.954438419699	30.087600663926338	2.494830092827243E-4
31.0	29.982877253681583	19.96963341368539	19.940813715074373	30.106476038478725	1.9957907992905415E-4
32.0	29.98321713871287	20.012681726344788	19.962845476638492	30.040624021679978	6.316366238693427E-4
33.0	30.028893063362037	19.98279756289243	19.95754246553515	30.01781963287463	0.01294727533574788
34.0	29.950496866286365	20.03279274222562	19.96752760556071	30.049052622041206	1.3016388609488492E-4
35.0	29.929507166192476	20.032438364879027	19.93393105706747	30.103813103185885	3.1030867514749534E-4
36.0	29.964229162561217	19.999921494699315	19.97731160521119	30.0581325098591	4.052276691823402E-4
37.0	29.99572908798867	20.01331701034802	19.92093659765654	30.069305394456148	7.119095506253029E-4
38.0	30.017474060238442	19.946432532534207	19.937882943875948	30.09694001329378	0.0012704500576309651
39.0	29.998337120766205	19.996659159830756	19.92580009552312	30.07816554062506	0.0010380832548608477
40.0	29.947420463488626	20.01588439180127	19.984971704346677	30.039651570695753	0.012071869667678708
41.0	29.979663813143663	19.979568156961697	19.929690813886562	30.110798854687225	2.7836132084473405E-4
42.0	29.940031271206568	20.048073297238478	19.95778335742345	30.05384788070023	2.6419343127554617E-4
43.0	29.949310003645262	20.004444158541403	19.959686446051627	30.0857274139151	8.319778465987239E-4
44.0	29.937671015315903	20.011326583741468	19.970333173828593	30.07924226463279	0.0014269624812467978
45.0	29.941192496256452	20.00388335719685	19.980155624143876	30.066439312733333	0.008329209669480715
46.0	29.955551945157694	19.97007353040094	20.025484226544616	30.048522564584196	3.677333125579411E-4
47.0	29.967144179728937	20.006402027125528	19.953927618958996	30.072232452267333	2.937219192049367E-4
48.0	29.95559666049839	19.985520578943934	19.96493026462754	30.09378869318348	1.6380274665558214E-4
49.0	29.97597617845369	19.989974157125385	19.974982138390995	30.057587765363575	0.0014797606663578982
50.0	29.967246381198382	20.020829678949283	19.956072959824063	30.05092733070722	0.00492364932104749
51.0	29.96877618773606	19.987223910933473	19.98299628181137	30.060811002671965	1.9261684712690535E-4
52.0	29.949039224850655	19.99695660504967	20.02309877883762	30.03079335070676	1.120405552949022E-4
53.0	29.979734041398622	20.004664312569574	19.937095944071498	30.078337342238132	1.6835972217128995E-4
54.0	29.951397721479957	19.997019412343437	19.96616113013651	30.08528432996231	1.374060777931005E-4
55.0	29.925109101989282	20.003508008158715	19.975423162481686	30.094242840102837	0.0017168872674857849
56.0	29.942591042188134	19.995034223777598	19.964936596283497	30.097121498821473	3.1663892930546206E-4
57.0	29.956839000053844	19.980982996208105	20.006466587759842	30.055573235657768	1.381803204441829E-4
58.0	29.956597458267282	19.99791271184727	19.971664912292837	30.073639901095717	1.8501649689525642E-4
59.0	29.98177920894766	19.996508177163253	19.96390631400996	30.05758311172294	2.2318815618381846E-4
60.0	29.98690984599221	19.974878671303298	19.971348319208527	30.063557642411165	0.003305521084800529
61.0	29.981537463656917	19.99120891857899	19.978853953628324	30.04775180034483	6.478637909401753E-4
62.0	29.98334083762898	19.983791938368977	19.95744783262701	30.075046062253413	3.7332912162306615E-4
63.0	29.999238609043356	20.00201534954518	19.927999412118815	30.07055678948608	1.8983980656809413E-4
64.0	29.989227838367405	19.965626750170976	19.957074810884222	30.0868659766737	0.0012046239036968445
65.0	29.94664640784605	19.982686702929254	19.960313670224338	30.11012321943302	2.2999956733322388E-4
66.0	29.938243105393266	19.98846630151267	19.972162481336493	30.100796188396377	3.319233611938313E-4
67.0	29.95271245974927	19.969226942294217	19.993507360431764	30.08438250984007	1.7072768468149175E-4
68.0	29.947859142474982	20.045118445399833	19.939867781608125	30.066925941702582	2.286888144758405E-4
69.0	29.940033111896764	20.01802056537913	19.957145897135415	30.084299169727753	5.012558609389676E-4
70.0	29.96330163493707	19.968441364540247	19.932091554891944	30.13606257002413	1.0287560660360318E-4
71.0	29.90494510373004	20.028813189109478	19.95750589605918	30.107821061694107	9.147494072021224E-4
72.0	29.96276792634659	19.97503019751166	19.98204659417827	30.08002493043891	1.3035152457045897E-4
73.0	29.939162536484176	20.003814321019668	19.977730012643356	30.07918323313845	1.0989671434876084E-4
74.0	29.97127204907166	19.987545027499507	19.9583563977674	30.082724195771092	1.0232989033623005E-4
75.0	29.946310552653955	20.00876620398759	19.979289471651988	30.065330142029723	3.036296767412485E-4
76.0	29.94341241243026	19.990145110655558	19.958723413495633	30.107138660573092	5.80402845461022E-4
77.0	29.944424732315834	20.019155214678104	19.963854186340455	30.072398536390075	1.6733027553423544E-4
78.0	29.940219958755478	20.00258954891119	19.965794575503637	30.09082775291675	5.681639129536094E-4
79.0	29.97121981181319	20.011636778380346	19.982150806163038	30.034491412687604	5.011909558255846E-4
80.0	29.997652137733404	19.974265889761664	19.943521679879183	30.084451616514922	1.0867611082582905E-4
81.0	29.936767775561485	20.01448047382804	19.98958266944381	30.058485637748113	6.834434185556449E-4
82.0	29.913994226077644	19.99942821522376	19.994022477055363	30.092103672609362	4.514090338748706E-4
83.0	29.954654286775316	20.019376909859982	19.927281162985324	30.09857968662024	1.0795375913947058E-4
84.0	29.961667327184472	20.01539479072356	19.95155184317439	30.071178322003423	2.0771691415752327E-4
85.0	29.949096237852846	19.998890590031156	19.962849300952797	30.088995398353497	1.6847280970416068E-4
86.0	29.92316892538469	20.017589583744584	19.952107565079903	30.10551281175557	0.001621114035257794
87.0	29.935116327670354	20.00038388741736	19.971921301673355	30.092439201349418	1.392818895055414E-4
88.0	29.94308428236111	20.017956603939073	19.96255456932289	30.076292242506415	1.1230187051125186E-4
89.0	29.90767168797727	20.023714321423977	19.971839867496264	30.095940541847522	8.335812549573782E-4
90.0	29.925866439214722	20.02008950710119	19.94780127817901	30.101546222120813	0.004696553384264653
91.0	29.899393266502113	20.035479035394683	19.972589674726223	30.088608817033418	0.003929206343567944
92.0	29.917180155773142	20.04242239496862	19.975999353571158	30.064274194593498	1.2390109357449263E-4
93.0	29.904281188904942	20.06417669810633	19.977778123742198	30.0517025184972	0.00206147074932717
94.0	29.928163253195116	20.027300222136866	19.97353290628261	30.070808585093793	1.9503329161122876E-4
95.0	29.968676545061445	20.050541644161996	19.932477666962704	30.047525132759894	7.790110539579512E-4
96.0	29.94250989665799	20.02805782009604	19.955061706170298	30.07413424098995	2.3633608571464168E-4
97.0	29.921513264189613	20.05667336302007	19.925785007408603	30.095142055454748	8.863099269661675E-4
98.0	29.904252247079643	20.079988465831537	19.959590956236823	30.054523052331554	0.0016452785204353964
99.0	29.90568760267658	20.069392191203157	19.9563488942447	30.068223475894655	3.478359809052449E-4
100.0	29.896969736579106	20.03900022928897	19.972963916669524	30.08683775109457	0.0042283663678285245
101.0	29.900598025604054	20.05711212292953	19.967652126454887	30.073744755449578	8.929695619557255E-4
102.0	29.903954798165795	20.040257719518692	19.97872427145564	30.07672686164539	3.3634921448990777E-4
103.0	29.922039540662166	20.043677773119498	19.98497167090688	30.049172596310537	1.384190009215279E-4
104.0	29.88236767827467	20.09418593379487	19.956907076643258	30.066333282776224	2.0602851098078739E-4
105.0	29.913194450179763	20.057243656894457	19.975066646228747	30.048917076553778	0.005578170143260348
106.0	29.921791496051362	20.039298984064033	19.96695602997692	30.07177968970719	1.738002004895662E-4
107.0	29.904580528876696	20.034004611326164	19.989384626864982	30.07189890416791	1.3132876425356007E-4
108.0	29.867599519310033	20.068983403571178	20.01030243901033	30.05301003004932	1.0460805913095934E-4
109.0	29.925527819291087	20.038377426723315	19.9739995839889	30.06200281875434	9.235124235474059E-5
110.0	29.85574786023781	20.06857096692669	20.000792149444067	30.069397845115493	0.005491178275946657
111.0	29.905004571381745	20.04152875310274	19.97063750643249	30.0826784791397	1.506899433236287E-4
112.0	29.905474686718343	20.0181328055033	19.942391689088154	30.132648386165833	0.0013524325243686628
113.0	29.88424518543945	20.029699609830786	20.007187650418057	30.078455429646095	4.1212466560866973E-4
114.0	29.880551576089765	20.083394705077616	19.97538811670945	30.060567240586096	9.836153707550549E-5
115.0	29.921656116822366	20.028820479135536	20.028601489235534	30.020831079767657	9.083503890788625E-5
116.0	29.874796575341733	20.081823786607288	20.010132703076135	30.03318340971105	6.352526378918727E-5
117.0	29.84876066291192	20.05511000112925	20.0085508369391	30.087490751677837	8.774734188887844E-5
118.0	29.85032593110229	20.07190270151644	20.013318189276998	30.064257397487264	1.9578061700814743E-4
119.0	29.896038299104845	20.072221130932334	19.96771190049382	30.06395115197293	7.751749607222759E-5
120.0	29.86149884874722	20.072586624612647	20.01829543284298	30.047404467467725	2.1462632942828453E-4
121.0	29.881405056960837	20.08268942116004	20.0290395048805	30.006482879897483	3.8313710113694363E-4
122.0	29.830486798346058	20.09381391777854	20.01885033686703	30.05673570680546	1.1324020291812979E-4
123.0	29.84703521812421	20.056550072299622	20.037221493262024	30.05811014318967	0.001083073124476157
124.0	29.83476101982442	20.037145468287314	20.010226958433645	30.117740449502794	1.2610395182546566E-4
125.0	29.832148635594045	20.068806915267285	20.004406855969787	30.094071203811453	5.663893574283842E-4
126.0	29.85089299959627	20.058763074732347	20.03344080584344	30.055096248556485	0.0018068712714586692
127.0	29.918873719425964	20.02067480698826	20.022100996292714	30.038283670054767	6.680723829413556E-5
128.0	29.98031517563503	19.949731392510913	20.068700284604958	30.001112614175838	1.4053307325734255E-4
129.0	29.863424246435287	19.975564971496667	20.160634214847963	30.00024951138085	1.2705583923773624E-4
130.0	29.801616241327906	19.968503277599847	20.152160440955285	30.07696870936631	7.513307506546263E-4
131.0	29.71869298466887	20.02846401296103	20.062596501679188	30.18997179548797	2.747052029393134E-4
132.0	29.569807670001204	20.142633240621862	20.029242360441625	30.245982629827132	0.0123340991081747
133.0	29.591026978718403	20.095044421208488	20.11630199399241	30.197503896581026	1.227094996741915E-4
134.0	29.611372670078357	20.05577137023192	20.074733828909118	30.258039820718302	8.231006230130184E-5
135.0	29.685201543870598	19.982114031830033	20.136464784175743	30.195102148414264	0.0011174917093572804
136.0	29.756705355250922	20.04634438269114	20.15755841777425	30.03923057579473	1.612684889562928E-4
137.0	29.96890929408701	19.982041189814893	20.058992640688157	29.98968523424157	3.716411683735973E-4
138.0	30.016191362433265	19.990299245963598	20.147969777477158	29.844140792317493	0.0013988218084893369
139.0	29.417922365878642	20.430960341162173	21.156971239824337	28.994016233117627	1.2982001722621056E-4
140.0	27.704967940983195	21.253445691745938	21.161342363689418	29.880022000298073	2.220032833755228E-4
141.0	29.38422890812956	19.54636140013689	19.27416741041108	31.794240676191304	0.0010016051311630058
142.0	31.595012730096055	19.162512298753775	20.862256737615343	28.370567255426483	0.009650978108340473
143.0	31.028714842373017	19.059371547590594	21.12350625050046	28.78373409533183	0.004673264204100078
144.0	33.39761368696891	18.5436543531966	19.016632252745207	29.041633844186787	4.6586290249236116E-4
145.0	27.93491350887291	20.081570741078753	19.015901922122556	32.96678496855805	8.288593677326208E-4
146.0	28.253145891574565	20.415659410952788	19.01447688179521	32.316518781196805	1.990344806245764E-4
147.0	28.68997288039778	19.808517516537936	19.50043838506868	32.00050609438138	5.651236142248602E-4
148.0	31.021413797279816	18.919639030909785	20.24190996412231	29.81663721154817	3.9999613991937276E-4
149.0	32.469767049200854	19.61991392135357	19.249763288621377	28.645077090772986	0.015478650051214111
150.0	23.24166517700046	25.362953661214394	24.48321810142532	26.90880835758886	0.003354702770971452
