# Position (bp)	A	C	G	T	N
0.0	27.822121756461105	22.696048039017025	27.63293008459512	21.843549879311215	0.0053502406155374145
1.0	28.539631548405204	19.21420204521872	20.045602977977914	32.182394934891946	0.018168493506218828
2.0	29.73513433272173	20.089661248535563	18.135325058800827	32.03954971517984	3.29644762043979E-4
3.0	31.080035785950678	19.719221637330232	19.834620323903692	29.36606105208412	6.120073127812254E-5
4.0	32.51569412865049	18.994086634702086	20.08668364409655	28.4035309023724	4.690178476651372E-6
5.0	33.037072616708215	18.913461909281374	19.918277381506012	28.130531712196998	6.563803074041545E-4
6.0	29.61810311024632	18.38889434899624	18.436223908211737	33.556692430542704	8.620200300139065E-5
7.0	28.774873892217823	21.012270357549383	18.708206855964523	31.504560565387585	8.832888068608017E-5
8.0	28.544347254042467	20.645881559908158	18.990746788750545	31.81888859274985	1.3580454897881597E-4
9.0	31.719330599241513	19.23669535769739	19.345875243993476	29.697964321091764	1.3447797585791095E-4
10.0	29.8861471056498	21.14327939007073	20.966765087962404	28.003700730573662	1.076857434045348E-4
11.0	29.06503006912031	21.14780017187643	20.15810160533845	29.629014936849458	5.3216815347507426E-5
12.0	29.944952682392596	20.115094849115035	19.838418581385753	30.10129692657919	2.3696052742743547E-4
13.0	30.14382100792097	19.988572460259842	19.755115337626616	30.112383781648266	1.074125443021884E-4
14.0	30.158694253874934	20.070024546687673	19.812386693413426	29.958869116162056	2.5389861906618444E-5
15.0	30.334847867210847	20.105916964247864	19.71333950568393	29.84586221942517	3.344343218735223E-5
16.0	30.4727785326736	19.992189159125882	19.850581220995522	29.684381938202065	6.91490029284257E-5
17.0	30.43950801314651	20.030631871995315	19.953085292852276	29.576698806110468	7.601589543050715E-5
18.0	30.547360311357995	19.869471099130262	20.0662486547328	29.516894613185496	2.532159344459856E-5
19.0	30.36115666528919	19.97338080870644	19.819456375726972	29.84596816101498	3.798926241556152E-5
20.0	30.136477346070855	20.227236758756728	19.790131127889605	29.846074168498323	8.05987844897311E-5
21.0	29.939822282766055	20.310792094054648	19.744950408751478	30.004338471241134	9.674318668832178E-5
22.0	29.91584480218658	20.152409863237793	19.712378009178924	30.219155349019395	2.1197637730643117E-4
23.0	30.03655667159919	20.011304089017845	19.858987216913622	30.093001058510875	1.5096395846121816E-4
24.0	30.046328979854554	20.074940530228204	19.919815027638233	29.958817467646924	9.799463208463001E-5
25.0	30.06918294784388	20.032689592502802	19.94852561601114	29.949560321624475	4.152201770155125E-5
26.0	30.07613688082286	20.029801040764383	19.94171983467647	29.952151849031445	1.9039470483939722E-4
27.0	30.018064420372177	20.0616189202178	19.917596761669593	30.002677181064684	4.2716675748578285E-5
28.0	30.041037049268994	20.040014334182445	19.972122870519833	29.946720633003114	1.0511302561075404E-4
29.0	29.98754659625455	20.07017289614213	19.945671217197717	29.99608577593858	5.235144670276028E-4
30.0	29.979881882490044	20.067317118387734	19.95060566175204	30.00180515294228	3.90184427906208E-4
31.0	29.97372717355504	20.036224109814842	19.917368969297826	30.07190257518427	7.771721480154283E-4
32.0	29.994633596100957	20.0711861414438	19.95088888603784	29.983160057685414	1.3131873199190202E-4
33.0	30.05190229595549	20.046804534883673	19.950180632638855	29.9510473358505	6.520067148308684E-5
34.0	29.965603981801237	20.087744251640217	19.955599926777918	29.99087453530626	1.7730447437056243E-4
35.0	29.948956111297854	20.07752626783879	19.92856945991305	30.044819588689858	1.285722604506514E-4
36.0	29.99088349838485	20.02641336489748	19.97056002074804	30.012064645587404	7.84703822267723E-5
37.0	29.99856553461112	20.066728344061936	19.91626322963345	30.01835603975537	8.685193812564645E-5
38.0	30.021904155233734	19.994325871245568	19.92138102018045	30.06228662990072	1.0232343952314831E-4
39.0	30.01283421050606	20.0502784525011	19.891578954402846	30.04521645120602	9.193138397076611E-5
40.0	29.94944425031433	20.067311677357893	19.956213002543176	30.02695429442166	7.677536294194498E-5
41.0	29.99011997835406	20.013072509410915	19.9233443086099	30.073395731692393	6.747193274132591E-5
42.0	29.94477370360478	20.094619080461904	19.942706667919733	30.01763362708318	2.6692093040427036E-4
43.0	29.948360944976244	20.044364902134436	19.93244982781295	30.074619837980354	2.0448709601419342E-4
44.0	29.927161286984717	20.0713647709643	19.95147382408796	30.04973916945117	2.609485118559156E-4
45.0	29.930061271179014	20.056359854081915	19.956092344278193	30.05680579531565	6.807351452305439E-4
46.0	29.970564777139153	20.01789548361024	19.97800285459669	30.033424366061574	1.1251859235075387E-4
47.0	29.962845661443925	20.058367392676775	19.921780087299737	30.0568616869519	1.451716276570907E-4
48.0	29.961438161327198	20.034877050376036	19.92289989375447	30.080692293792023	9.260075027773611E-5
49.0	29.967267271955034	20.041233991722702	19.938966893650306	30.05238719160619	1.4465106576795763E-4
50.0	29.969247623545442	20.065507568993176	19.91429517414413	30.05084451227182	1.0512104543387164E-4
51.0	29.978101782652605	20.050550186730465	19.916537384276438	30.053607906783203	0.001202739557286467
52.0	29.947220943368418	20.048391061612865	19.967979292354578	30.036327353558924	8.134910521690841E-5
53.0	29.970815964303384	20.067119825316443	19.87355321038877	30.087908496835446	6.02503155960218E-4
54.0	29.950218226662034	20.045777810299175	19.926766826628743	30.077112679841417	1.2445656862917714E-4
55.0	29.92242557430938	20.01881497374651	19.954540682575367	30.103808630365286	4.1013900345404376E-4
56.0	29.958847428528856	20.006296232974858	19.91756721412801	30.117200756186175	8.836818210325846E-5
57.0	29.963746957897996	20.003671187906754	19.960553555976023	30.0719310922115	9.720600772010113E-5
58.0	29.95264360418883	19.994933782706102	19.936361044422192	30.115985054634304	7.651404857785621E-5
59.0	29.98966307069245	19.97654181331642	19.929408424688326	30.10423203390476	1.5465739804467764E-4
60.0	30.002865353185854	19.96424846058286	19.934829527860305	30.097559209835378	4.974485355995881E-4
61.0	29.984316253264765	20.00029052727367	19.947735685649093	30.067438643400806	2.188904116696846E-4
62.0	29.9902504651889	19.978938131612722	19.907350176052425	30.123361463420128	9.976372582698422E-5
63.0	30.006390988052907	19.99981269539837	19.889779369308396	30.103032910381287	9.840368590448723E-4
64.0	30.00061745176965	19.963018086698124	19.91475780564035	30.12071777608541	8.888798064624068E-4
65.0	29.979923912561397	19.967064244384936	19.900193819011943	30.15272122516304	9.679887868178936E-5
66.0	29.943598963768004	19.974897887243255	19.936953419349535	30.144467797924325	8.193171488196829E-5
67.0	29.974615594822318	19.967659943485476	19.940171261980737	30.117487476623594	6.572308787744343E-5
68.0	29.941083426794368	20.048469536349277	19.885766727844082	30.12459539436113	8.49146511434911E-5
69.0	29.948026541561497	20.012732572088606	19.91593304790024	30.123236667001425	7.117144823145179E-5
70.0	29.974755286554572	19.96163876134499	19.862993682761623	30.20053197890768	8.029043113552807E-5
71.0	29.911692467757195	20.009418318143123	19.920211922638355	30.158291315768004	3.8597569332130026E-4
72.0	29.97368512837705	19.978102409000346	19.936044606112738	30.112052492691028	1.1536381883773491E-4
73.0	29.933345092023966	20.014992394842483	19.92295422021348	30.128560441463364	1.478514567013345E-4
74.0	29.987962228188376	19.97231997172941	19.89624076905266	30.142900653896632	5.763771329193621E-4
75.0	29.96149342401703	19.978826252090272	19.935248151470848	30.12435458069424	7.759172761486095E-5
76.0	29.942161951102484	19.986624163241707	19.906844636918006	30.16420193080228	1.6731793551769104E-4
77.0	29.95063050793346	20.00168525327421	19.90536982880501	30.142218154397398	9.62555899133091E-5
78.0	29.93765657855812	19.98435983852329	19.91659493801764	30.161221649516477	1.66995384469364E-4
79.0	29.958684461195705	19.988862433267705	19.9237622212072	30.128184476649643	5.064076797470506E-4
80.0	29.996153951709946	19.95116123738778	19.890804148807614	30.16170478574382	1.7587635084029716E-4
81.0	29.925524625803234	20.005807857589016	19.925866883956715	30.142704537092555	9.609555847645099E-5
82.0	29.90277417076115	19.977918059140894	19.94585438480387	30.17333453312398	1.1885217011253003E-4
83.0	29.955172334263164	19.9954434322904	19.869060808545957	30.180239966426907	8.345847357392751E-5
84.0	29.95246982271133	19.996501669241688	19.90357385329572	30.147349675593805	1.049791574513681E-4
85.0	29.942950765013066	19.97839246711164	19.90181057800524	30.17662490501581	2.212848542474648E-4
86.0	29.912917101190082	19.99697051097199	19.881001018383852	30.208256843326726	8.545261273503095E-4
87.0	29.93395500171324	19.976568702870757	19.90322934658276	30.185884712919993	3.622359132490603E-4
88.0	29.95652254959947	19.982849129337254	19.889420424260294	30.171004665109496	2.03231693484614E-4
89.0	29.9142595006741	19.99224567034175	19.91252581457255	30.180878549482625	9.046492897490409E-5
90.0	29.912844424003115	20.01692121387941	19.8733680485798	30.19600613783453	8.601757031465648E-4
91.0	29.898998638554215	20.016063731064392	19.895799130186585	30.188983560322285	1.549398725244431E-4
92.0	29.916064905384577	20.015772748706514	19.902704079198223	30.16537644653134	8.182017934628759E-5
93.0	29.903610714594336	20.0388486710849	19.90476327816443	30.152693876543584	8.345961274411321E-5
94.0	29.916826469512152	20.002051725220042	19.88749363520408	30.193518349364133	1.0982069958750796E-4
95.0	29.95554733477888	20.038847026705003	19.852065415728383	30.153278502350805	2.6172043692381127E-4
96.0	29.926762282491175	20.008259211249886	19.87250977690593	30.19235263213674	1.1609721627070421E-4
97.0	29.92094585327876	20.033669564376105	19.842265051591582	30.202842157028392	2.773737251608882E-4
98.0	29.902382382594144	20.046670348372096	19.86869032422204	30.182183180804213	7.376400750667078E-5
99.0	29.89200569520884	20.029840559152245	19.87609170797397	30.20049640690534	0.0015656307596025644
100.0	29.88869904967138	20.013442085526773	19.887522225933786	30.210209088891737	1.2754997632336045E-4
101.0	29.88532597898229	20.04107316284441	19.872840821222987	30.200678446564634	8.15903856815513E-5
102.0	29.887196256697163	20.02991720268945	19.875289408253042	30.207492654120866	1.0447823948406048E-4
103.0	29.903280519510588	20.031762801922724	19.885466976374346	30.179313988492538	1.7571369980626573E-4
104.0	29.865307888969138	20.065935996477872	19.85811072004051	30.2105515091188	9.388539367319135E-5
105.0	29.88607668460116	20.025010454457345	19.901378857540557	30.187354098781228	1.7990461971076135E-4
106.0	29.898257853303907	20.01778563536925	19.882940136073728	30.20092465239545	9.172285766575932E-5
107.0	29.86910403062959	20.009311363621194	19.898566470643612	30.22286564545016	1.5248965544703406E-4
108.0	29.842638662422782	20.03643251607981	19.931008352384357	30.18955510997144	3.6535914160992517E-4
109.0	29.88570530828233	20.031730089999876	19.866119582885418	30.216321793492916	1.2322533946732643E-4
110.0	29.845456427467294	20.031899692658214	19.905438200734846	30.217084877843405	1.208012962473936E-4
111.0	29.898570805642343	20.005405773760288	19.861503602865366	30.234394163225435	1.2565450656381154E-4
112.0	29.902513220516653	20.000195969247027	19.832024725216936	30.265160472850322	1.0561216905656736E-4
113.0	29.848862386700027	20.0147905494174	19.91496406062317	30.22127255129128	1.104519681281568E-4
114.0	29.858235840816604	20.05850689488728	19.863027532205894	30.220070048471964	1.5968361825572912E-4
115.0	29.91038824447064	20.002608573832326	19.928087860305734	30.158799529928228	1.1579146307842976E-4
116.0	29.84710413223091	20.06426086294181	19.908898067284973	30.179626633818017	1.1030372428600325E-4
117.0	29.838419918532487	20.02559832660684	19.90655628862703	30.22931619705167	1.0926918196539993E-4
118.0	29.823139028152234	20.042185239158513	19.919507203969516	30.215085858541524	8.267017821525968E-5
119.0	29.880532049226154	20.037591172860143	19.87344813377512	30.20825503726019	1.7360687839509953E-4
120.0	29.82160765927669	20.050847532909604	19.9065979654529	30.220737644408928	2.091979518792866E-4
121.0	29.83780066355478	20.0597927613789	19.924109796436426	30.178155196405605	1.4158222428780031E-4
122.0	29.794825146646186	20.078951086891543	19.89658879651927	30.229508070398243	1.268995447608789E-4
123.0	29.808106649635196	20.036893023131825	19.927835837702148	30.227033964879162	1.3052465166886207E-4
124.0	29.784289900429922	20.024224438146895	19.90718824146852	30.28415859795955	1.3882199511115208E-4
125.0	29.788976536465274	20.04413158753567	19.91617396992491	30.25058774816813	1.301579060220871E-4
126.0	29.79501985820527	20.051587901415875	19.9449375158882	30.208334857614496	1.198668761586807E-4
127.0	29.90775465756746	19.973135093908937	19.929894503155634	30.18908124410912	1.3450125885358446E-4
128.0	30.008811866231717	19.873281774860256	20.01492967272218	30.102827417741068	1.4926844477961582E-4
129.0	29.817388054378608	19.911580245309914	20.140963701315673	30.12994801618366	1.199828121464158E-4
130.0	29.682871099755477	19.930575181096774	20.075530644671904	30.310902518838724	1.2055563712448663E-4
131.0	29.606372267512317	19.99604558432349	19.85126870437818	30.54618274564596	1.3069814005389546E-4
132.0	29.32513126744784	20.21582854477136	19.76519614413451	30.693717490310217	1.265533360716912E-4
133.0	29.41816943125568	20.105437056276422	19.933633956288762	30.542633971471627	1.2558470750508542E-4
134.0	29.504008727005466	20.00203454917606	19.88048917022517	30.613315431717268	1.5212187603364993E-4
135.0	29.626379951347324	19.905078343281986	19.986291924394575	30.482109889374858	1.3989160125148326E-4
136.0	29.7051213864169	19.973019990097313	20.006034946276337	30.315683055832032	1.4062137741549714E-4
137.0	29.85644799957077	19.978679959793432	19.938662761472052	30.226044896982014	1.6438218173423332E-4
138.0	29.87522997996898	20.008533260713588	20.070422535211268	30.045695247581882	1.1897652427930796E-4
139.0	29.43560839780956	20.361773392283215	20.969516694231093	29.23296526377388	1.3625190225102432E-4
140.0	28.015508569225616	21.019109483002296	20.95756382813305	30.0076660519064	1.5206773263919148E-4
141.0	29.499694756955847	19.54308944961859	19.3085679785043	31.648518371361302	1.294435599601482E-4
142.0	31.304223797292313	19.321829523643963	20.520832265656903	28.85304168455712	7.272884969784884E-5
143.0	31.220629472927826	18.979337212622024	20.8227685546988	28.97720860032884	5.615942250959509E-5
144.0	32.91188934441461	18.81484217632014	18.39093086099699	29.882270887526396	6.67307418672165E-5
145.0	28.070183712271845	20.14647054163219	18.950540693124236	32.83237992495957	4.251280121545992E-4
146.0	28.315058052589954	20.20600174729863	19.042402880832046	32.43646449638609	7.282289328441322E-5
147.0	29.229100740162494	20.036720547005963	19.73848483533112	30.995620542567455	7.333493296610925E-5
148.0	31.65423668024256	18.520810777699356	19.878814908021372	29.94572439433611	4.1323970060273737E-4
149.0	31.65841004495483	20.425430348846447	19.249869680038405	28.650595060408328	0.015694865751984904
150.0	21.684268571062837	27.794000130042118	22.183602314197238	28.335225025744016	0.002903958953794088
