# Position (bp)	A	C	G	T	N
0.0	27.241210925811	22.052801229555733	27.042063014115275	23.65156610763885	0.012358722879144527
1.0	28.703179583426845	19.365259267799	20.125859172387838	31.78655005942663	0.019151916959683626
2.0	29.546632236496702	19.979669685789244	18.689887829581142	31.78296679968011	8.434484528011613E-4
3.0	31.268454997334388	19.5855910688266	19.976917388745	29.16785796843591	0.0011785766580963274
4.0	32.308617756218936	19.122303456037336	20.09349629227495	28.475554845378344	2.7650090428238243E-5
5.0	32.7677980978142	19.131158134699014	19.863086377036833	28.236045254382514	0.0019121360674373637
6.0	29.24150858487973	18.700802738648807	18.429199457062477	33.62837117041514	1.1804899384646284E-4
7.0	28.71329592241758	21.119361915255443	18.93146032651747	31.235803787621073	7.804818843034467E-5
8.0	28.68075250670567	20.72520741119486	19.16110994264528	31.432889111328194	4.102812599753905E-5
9.0	31.82011373024895	19.239098009839488	19.466347595644468	29.474402415959794	3.8248307300670245E-5
10.0	29.86986819894339	21.104516410089236	21.004104562146107	28.021448064594107	6.276422716305857E-5
11.0	29.043018966762634	21.098951011383487	20.171161515797188	29.686834423064308	3.408299238639119E-5
12.0	29.900571817690196	20.04769701849498	19.8026922328004	30.249022584102885	1.6346911541221965E-5
13.0	30.06175850219059	19.967211597296284	19.755084094555073	30.215836906044558	1.0889991349263122E-4
14.0	30.0752096629836	20.04575691831666	19.85350973802268	30.02531963705482	2.040436222411466E-4
15.0	30.24505239803229	20.093320889931764	19.765754515162318	29.895543231717266	3.2896515636407156E-4
16.0	30.348446555130188	20.00549272814691	19.862028320631314	29.7828449995048	0.0011873965867918298
17.0	30.297720360455667	20.030890722182924	19.9821304048122	29.68922185167736	3.666087185011656E-5
18.0	30.391483108270762	19.890489445210175	20.03992700092443	29.67806109313955	3.935245508025811E-5
19.0	30.239681941024305	19.971979497338875	19.858014428542763	29.930192441211794	1.316918822680003E-4
20.0	30.072881433731574	20.165349916640118	19.83415724196938	29.927523109173865	8.829848506832543E-5
21.0	29.916074411942656	20.227085075898643	19.807068388593045	30.049681053459835	9.107010582183185E-5
22.0	29.888050879711958	20.0937106802069	19.787314680025073	30.230873433985295	5.0326070773526124E-5
23.0	29.98073329505873	19.98654118353464	19.907912544317682	30.124740834478747	7.21426102051194E-5
24.0	30.006465421885192	20.04043756174994	19.937623159325913	30.01541800555834	5.585148061457771E-5
25.0	30.008688358148184	20.009277635091195	19.99094078732035	29.991041408880726	5.181055954286289E-5
26.0	30.025343254295468	20.005357543352126	19.97471337791266	29.994467101497403	1.187229423420666E-4
27.0	29.971359087162313	20.051001985301546	19.95869887651831	30.01879526611274	1.4478490508639205E-4
28.0	29.996346491005855	20.02965762311542	19.99499412942188	29.97890742472485	9.433173199977612E-5
29.0	29.9582356760656	20.047794964514313	19.966848238091742	30.027066390614067	5.473071428165835E-5
30.0	29.939193203586157	20.054679878729388	19.977613275014818	30.02841905550771	9.458716192577762E-5
31.0	29.94803955941559	20.02195233399368	19.934497076783135	30.09533522654222	1.758032653780919E-4
32.0	29.945277688887508	20.069612024437074	19.975706373091796	30.009313089084603	9.082449902238435E-5
33.0	30.00769996819611	20.0462985284853	19.978109131189978	29.967816540257463	7.583187114549184E-5
34.0	29.924541920071867	20.09469157693015	19.980876463951898	29.999816823838078	7.32152080088265E-5
35.0	29.886835378454023	20.092155354518574	19.982880312650227	30.037953161986042	1.7579239112395148E-4
36.0	29.935726560510222	20.027723322215333	20.019362628545494	30.01710286913149	8.461959745486446E-5
37.0	29.960563320453353	20.073866056290207	19.944954140937533	30.02048582318514	1.3065913376914085E-4
38.0	29.986869768346065	19.991350513697835	19.958842162252346	30.062681266374053	2.5628932970436926E-4
39.0	29.964685351975646	20.05986544191338	19.93426062414861	30.039224741773506	0.0019638401888547085
40.0	29.911273996656046	20.076017294584847	19.996570732488465	30.01583309033365	3.048859369963001E-4
41.0	29.94113309108884	20.03377040691901	19.959716947109474	30.064605974968693	7.735799139863221E-4
42.0	29.896911327605284	20.11887760193506	19.962858630169634	30.02124151268687	1.1092760315596612E-4
43.0	29.904302245519272	20.060930606590333	19.957753860353375	30.076892306949976	1.2098058704704463E-4
44.0	29.869293307206878	20.09494310149363	19.991850355773725	30.043848390228174	6.484529758677097E-5
45.0	29.88768017819579	20.086660335434047	20.008697417579686	30.016778453816723	1.836149737502621E-4
46.0	29.92930893517463	20.03851449883169	20.022184888051367	30.009919491919103	7.218602321196778E-5
47.0	29.919391543902567	20.081790676953844	19.971000909593776	30.027744532100886	7.233744892284646E-5
48.0	29.914020801478138	20.068137896952614	19.952065332292413	30.065692117220227	8.385205660457241E-5
49.0	29.930804399584666	20.069086658774545	19.985453656418258	30.014562720429705	9.256479282724819E-5
50.0	29.926876029921857	20.100193286621142	19.964818164827054	30.008042597886114	6.992074383799186E-5
51.0	29.94306620190622	20.078353422588563	19.967042881223016	30.01146598827487	7.150600732693455E-5
52.0	29.91061070197819	20.06646383923211	20.014159829548944	30.00863665338258	1.289758581698919E-4
53.0	29.923899696442284	20.094227492334806	19.926007295362407	30.05574632889425	1.1918696625330187E-4
54.0	29.887246445402	20.06803692318604	19.97805387751051	30.06604676683211	6.159870693376058E-4
55.0	29.86291503674875	20.05119546673801	20.004803084714464	30.08069664476556	3.897670332127274E-4
56.0	29.905682271275026	20.0516442158957	19.972996322016083	30.069525299464285	1.5189134890670992E-4
57.0	29.912227934394387	20.035125932556905	20.022725304117294	30.029819350793613	1.0147813780368693E-4
58.0	29.911622854109375	20.03771095001377	19.968327778067792	30.081406856223513	9.315615855509537E-4
59.0	29.932354903119208	20.03621327228912	19.97514556090422	30.05554196180991	7.443018775386283E-4
60.0	29.949547437928874	20.020987429757398	19.981468508798656	30.047895910475507	1.007130395624465E-4
61.0	29.926086914289584	20.053618818989243	19.99073921394759	30.029284423541007	2.706292325680543E-4
62.0	29.93848986382521	20.020929672328748	19.97423623149223	30.066262149459323	8.208289448910837E-5
63.0	29.96228340063773	20.057776526346867	19.934847871897553	30.045007005367463	8.519575038309077E-5
64.0	29.945748873125467	20.010322206940423	19.970813557297227	30.073041765062943	7.35975739413482E-5
65.0	29.90205523797807	20.024045117491376	19.96214000365545	30.111684407685406	7.523318969694744E-5
66.0	29.892749887802804	20.041438302718532	19.97484588815384	30.090872780945237	9.31403795834159E-5
67.0	29.888478794390334	20.038670286245765	19.996439393905717	30.076332993571796	7.853188639073525E-5
68.0	29.88152165161954	20.112520666058636	19.938051093968742	30.067817479306765	8.910904631919416E-5
69.0	29.901085078870267	20.0792555327407	19.957427902168	30.062160043540743	7.144268029479453E-5
70.0	29.907406168487842	20.03676562995353	19.925704405450947	30.130052195672828	7.160043484734093E-5
71.0	29.86126783632613	20.08450274761976	19.95899051779061	30.095167138546604	7.175971689356491E-5
72.0	29.899352354594445	20.042457733311206	19.995793424508467	30.062297593953897	9.889363198730708E-5
73.0	29.87937642121052	20.076550075649198	19.976403913950573	30.06757496573354	9.462345616949891E-5
74.0	29.910607949680738	20.04211559153266	19.96934644486796	30.077857747624936	7.226629370433966E-5
75.0	29.88306694278206	20.065073520906918	19.99612817138007	30.055646860136072	8.450479488505756E-5
76.0	29.86397670157147	20.063495879516115	19.97258762867093	30.099841484891126	9.830535036246166E-5
77.0	29.884488484863038	20.077023238600518	19.974386318739437	30.063945834116986	1.561236800273371E-4
78.0	29.87980275066078	20.063764700709683	19.985064961810018	30.07129314255771	7.444426181123162E-5
79.0	29.896982441052256	20.080384896117927	19.98344976537846	30.039074785696997	1.0811175435913064E-4
80.0	29.909327648397	20.037009023433345	19.951722158402653	30.101819074115404	1.2209565159541853E-4
81.0	29.84916130163475	20.09551462674116	19.99039858476094	30.06484748377643	7.8003086719794E-5
82.0	29.83068048563001	20.064593229448246	20.001980800582203	30.102647379373394	9.810496615156398E-5
83.0	29.874305826817903	20.096632536099495	19.94062050470927	30.0883320427208	1.0908965253455289E-4
84.0	29.881663492896514	20.081529396872796	19.967130459046352	30.069565777117873	1.1087406646345914E-4
85.0	29.86970315419161	20.06110363768899	19.979368292402995	30.08974002554361	8.489017279873144E-5
86.0	29.859993495581392	20.07142051499445	19.96382363839628	30.104694284049167	6.806697871148003E-5
87.0	29.85665889840718	20.069194608017124	19.96487445145208	30.10917591309092	9.612903269819745E-5
88.0	29.871611312015094	20.086045847945385	19.959743880017776	30.082524362149734	7.459787201177826E-5
89.0	29.823062276404556	20.087988253819518	19.981793438943306	30.1069052517547	2.5077907791586014E-4
90.0	29.834087045005315	20.10760679079178	19.93656278093025	30.12162628224262	1.1710103003783503E-4
91.0	29.821768280549126	20.106078266817324	19.971132672276443	30.100761004766913	2.597755901960567E-4
92.0	29.840792576397394	20.119610950434737	19.973724501068986	30.065373123834423	4.988482644606112E-4
93.0	29.824439228147774	20.136975770845833	19.973328950423976	30.065155419352585	1.0063122982982614E-4
94.0	29.83582705322576	20.105366314980643	19.957370531272474	30.101283210686525	1.5288983459920598E-4
95.0	29.880505822932395	20.133919734617773	19.923632077940102	30.061800162956658	1.42201553068482E-4
96.0	29.844665124265386	20.122205031115417	19.93750897806041	30.09545933867221	1.6152788657815858E-4
97.0	29.839332551571996	20.163543812033893	19.888689173164202	30.10832810762197	1.0635560794389402E-4
98.0	29.816084598777014	20.156302031682927	19.94779216775892	30.07974640545988	7.479632126229454E-5
99.0	29.811664247696427	20.160601502377688	19.94017435472964	30.087453016400378	1.0687879587221965E-4
100.0	29.799576671461214	20.126110929541923	19.959811857181435	30.11439178689217	1.0875492325940744E-4
101.0	29.79538686342783	20.163241788574222	19.954067534835694	30.08722845989612	7.535326613200799E-5
102.0	29.807767082240215	20.144078727134836	19.954874453676258	30.093069168854296	2.1056809439442978E-4
103.0	29.81039187868273	20.173211516969737	19.961569118771084	30.054455165159244	3.7232041721033235E-4
104.0	29.765085310214072	20.19281975765375	19.9548627908839	30.08708184549289	1.5029575538121428E-4
105.0	29.795954276868773	20.15697245670733	19.974745521064612	30.072185165379413	1.425799798751599E-4
106.0	29.81566232231858	20.14363849596405	19.95083648637831	30.0896353210722	2.273742668621284E-4
107.0	29.784155925092065	20.135206675728693	19.977631803858383	30.102527030258152	4.7856506270268514E-4
108.0	29.75812350013825	20.16794584876543	20.001028194606928	30.07278824890056	1.1420758883649535E-4
109.0	29.802226291477886	20.154771317479593	19.954483295911942	30.087423284462194	0.0010958106683841562
110.0	29.752006630072636	20.167021835466166	19.990550438049354	30.090214509188023	2.0658722382300906E-4
111.0	29.798394796782862	20.15161169402355	19.933595220688897	30.11579177861212	6.065098925708258E-4
112.0	29.792717691040966	20.144328969164864	19.918091047866863	30.14476837967071	9.391225659240564E-5
113.0	29.760426417766165	20.141787435360502	20.011808930077635	30.085630351979585	3.4686481611093914E-4
114.0	29.77986555001409	20.20534402434021	19.94798598212698	30.066680265535577	1.2417798314424614E-4
115.0	29.81532565485146	20.147485485604133	20.02684829146557	30.010162940725422	1.7762735341717676E-4
116.0	29.75080178334136	20.195332714957086	19.99933531432077	30.054395386329162	1.3480105162128056E-4
117.0	29.72598423242213	20.16774847468173	20.005412209793146	30.100701602028778	1.5348107421537304E-4
118.0	29.728988942656787	20.17079002623798	20.01428452682396	30.085822752662377	1.1375161889045702E-4
119.0	29.778898828657923	20.183974425709515	19.96048602584047	30.076528344107896	1.12375684189709E-4
120.0	29.730912903313317	20.19962834349035	19.99612698725473	30.0732022618677	1.2950407390383757E-4
121.0	29.738432896538118	20.21725364930757	20.001159361664982	30.042983746943563	1.703455457709374E-4
122.0	29.685953676340986	20.236955465100586	20.0035864158866	30.07337420591308	1.3023675875685326E-4
123.0	29.70520561540802	20.179772750707226	20.038466006634742	30.076348691268155	2.0693598186060248E-4
124.0	29.687691435580664	20.175516347394108	20.001460768028217	30.135207280312727	1.2416868428021566E-4
125.0	29.67378233110566	20.19759165187849	20.011965845492895	30.116518614342812	1.415571801468613E-4
126.0	29.673436173465934	20.217041069238196	20.035938063322686	30.073478656761647	1.0603721153602768E-4
127.0	29.796197749411213	20.14558406161095	20.00809514956475	30.050013274673226	1.0976473986099667E-4
128.0	29.88531881579755	20.05335775124064	20.095463641620423	29.96573594036878	1.2385097260168783E-4
129.0	29.72347068036664	20.08447465646451	20.19456223660646	29.997333719382794	1.5870717959539052E-4
130.0	29.596150970020958	20.120205356859966	20.145649233014392	30.137852546888915	1.4189321576868998E-4
131.0	29.532795146617147	20.179893015616518	19.962809064796225	30.324367390565065	1.3538240504655616E-4
132.0	29.322852617514883	20.348317642594203	19.902881358832943	30.42581606256339	1.323184945860234E-4
133.0	29.331386380463897	20.28691357934134	20.060279044033567	30.321314462141608	1.0653401958706542E-4
134.0	29.418821807310813	20.185640293455204	20.003777907403038	30.391225597174635	5.343946563057413E-4
135.0	29.5148748921296	20.102275924430057	20.109899404862286	30.272635136429717	3.146421483442458E-4
136.0	29.61267417529834	20.158705850895313	20.127074451460654	30.101229825635418	3.1569671027625775E-4
137.0	29.813378707912282	20.115909352009602	20.04154876254857	30.02904636411248	1.1681341706165089E-4
138.0	29.869889027120287	20.124804307846954	20.163766027220635	29.841375470526966	1.6516728515598983E-4
139.0	29.294861941050353	20.544680844084866	21.141406375636436	29.018920704334967	1.3013489337379685E-4
140.0	27.71051729177839	21.296292684822475	21.129230677074727	29.863801899319007	1.5744700539552996E-4
141.0	29.118275412186673	19.768333733686333	19.377846767574304	31.7354309315997	1.131549529916607E-4
142.0	30.954362615933018	19.545228446546034	20.77640236055292	28.72386955229333	1.3702467470026709E-4
143.0	30.881618068151635	19.262885525937175	21.13547517581782	28.71986558424754	1.5564584583137802E-4
144.0	33.01132761147023	18.9037390921289	18.755386111452594	29.329294181275927	2.5300367233920315E-4
145.0	27.879209209632794	20.32195721733326	19.138737469300093	32.65850054214289	0.001595561590967253
146.0	28.136830663161344	20.442572035713948	19.141309938973762	32.279117567475716	1.6979467523529343E-4
147.0	28.761002947879017	20.319967566060544	19.679499900903114	31.23800487464825	0.0015247105090727621
148.0	31.257805715939842	19.000138497686574	19.939064015286785	29.802219945753794	7.718253330046955E-4
149.0	31.213233051483808	20.610431738252466	19.50432190185486	28.65832894257897	0.013684365829895205
150.0	22.827897915083355	27.745605512135143	22.156832669715648	27.256889979068877	0.012773923996982626
