# Position (bp)	A	C	G	T	N
0.0	27.802088497327016	24.367553742625304	26.116721498890517	21.708358212212563	0.005278048944603101
1.0	28.44972989350453	18.745848818992165	19.39611770801912	33.38901245942397	0.019291120060221784
2.0	29.76436014286412	20.15054534951696	18.089688273733262	31.995093348087327	3.128857983291574E-4
3.0	31.408368691336452	19.672580702748732	19.581757171614942	29.337235716528216	5.771777166320835E-5
4.0	32.71837503938861	18.843747682240327	20.106544518932605	28.33132930921472	3.4502237314829797E-6
5.0	33.38595318488966	18.69905869547438	19.865834156599664	28.04850670655661	6.472564796874821E-4
6.0	29.563256333979275	18.264708882804733	18.245676984813514	33.92626981472419	8.798367827353445E-5
7.0	28.692987479892697	20.91168409351091	18.510549148470858	31.884677811009084	1.0146711645709299E-4
8.0	28.250601872681575	20.57205261175033	18.81383358162419	32.36336616966094	1.4576428296095132E-4
9.0	31.813040476774223	19.036774452049983	19.227739817206302	29.922323536655583	1.2171731390455026E-4
10.0	29.950679587065395	21.08373477051669	21.042864444619873	27.92259847091163	1.2272688641650528E-4
11.0	29.064466122439914	21.091161822971653	20.186534149883155	29.657781128149708	5.677655557031493E-5
12.0	29.95858729192371	20.01586422764748	19.819125609469978	30.206184577337243	2.3829362158782257E-4
13.0	30.15957504532884	19.899305130352683	19.708959896129308	30.232072611780854	8.7316408321417E-5
14.0	30.194202630212196	19.986938614650683	19.788957550293627	30.02986380694698	3.739789651791245E-5
15.0	30.375506562369086	20.0239621061397	19.696041003003938	29.904431434610995	5.8893876281566135E-5
16.0	30.50073908784176	19.922947630379557	19.839995236511506	29.73623314468802	8.490057915779078E-5
17.0	30.456912713114175	19.956357920493314	19.92830119882433	29.65835688582179	7.12817463864935E-5
18.0	30.540393493976588	19.826424994981664	20.03162653412609	29.601536882638825	1.8094276836781143E-5
19.0	30.372993613330042	19.9177633043424	19.787972816791072	29.92121822172098	5.2043815507253594E-5
20.0	30.14857245205328	20.15948675670819	19.772123227396087	29.919734936310473	8.26275319735724E-5
21.0	29.985288323825838	20.22711086393472	19.731402911374012	30.05606993385691	1.2796700851977163E-4
22.0	29.96888879154507	20.065858684502583	19.693482312133643	30.271558326601255	2.1188521744935725E-4
23.0	30.059465218108343	19.942434297698217	19.846274923662534	30.15168044681963	1.451137112742096E-4
24.0	30.077179353929502	19.98429040590734	19.900117766366993	30.038283144979143	1.2932881701978124E-4
25.0	30.11065899608	19.946815684499413	19.929535930354405	30.012936031964493	5.335710168946294E-5
26.0	30.11948319303091	19.95205117328653	19.902466645640445	30.025845619778536	1.5336826358019738E-4
27.0	30.05313187579994	19.995294220640112	19.893337183757616	30.058191242350198	4.547745213711338E-5
28.0	30.06163103409528	19.975422179762997	19.95032825875199	30.012481992793433	1.3653459629655367E-4
29.0	30.023856157781413	20.002791938471233	19.90684011831124	30.065888950875035	6.228345610784079E-4
30.0	30.00502091374379	19.9900706457256	19.933751908594	30.070755004846955	4.015270896524895E-4
31.0	30.020395673016814	19.956954466941966	19.899175925858525	30.122691150997195	7.827831855017767E-4
32.0	30.03793573150544	19.987649119130847	19.936540091583442	30.037745696819073	1.2936096120185446E-4
33.0	30.09649751317386	19.969814601211834	19.9266696657099	30.00693105841855	8.716148586249301E-5
34.0	30.005343284148317	20.011480931867744	19.93096114281091	30.052020473623823	1.9416754920030483E-4
35.0	29.98950218634616	20.00444979477831	19.902270046874566	30.103617965410994	1.6000658996925365E-4
36.0	30.01773110583097	19.95920600075796	19.95602169067605	30.0669512439569	8.995877811990306E-5
37.0	30.037506312241696	19.983810106876316	19.889931654101197	30.088635209967883	1.167168129089812E-4
38.0	30.065179997097406	19.919065794672903	19.897481626246496	30.118157951186873	1.1463079632068953E-4
39.0	30.045192690764367	19.971135132527547	19.879791672590848	30.103778408089266	1.0209602797375479E-4
40.0	29.999996744931156	19.984496339593708	19.95199098959743	30.06342176138611	9.416449160253852E-5
41.0	30.03946688199634	19.94045778834028	19.889999214879182	30.1299677820896	1.0833269459755336E-4
42.0	29.990879769249545	20.022334725378382	19.929620822560445	30.056858861983738	3.058208278877966E-4
43.0	29.996367571112142	19.966325643787666	19.916927137331637	30.120142211181665	2.3743658688672587E-4
44.0	29.968033321408655	19.991002690824146	19.9359632658868	30.104734661072875	2.6606080752947865E-4
45.0	29.974456876971217	19.97267590215395	19.952942236055637	30.099230823955907	6.941608632880482E-4
46.0	30.00772074050746	19.92890218965634	19.990370084704743	30.07287044735379	1.3653777767252338E-4
47.0	30.00425302337283	19.979708492380357	19.905011643559746	30.1108558044132	1.7103627386837742E-4
48.0	30.002147967410476	19.9595491750954	19.91087885794807	30.127330609658642	9.33898874119889E-5
49.0	30.026842029951528	19.951587529676683	19.927555213372965	30.09384699486103	1.6823213779283084E-4
50.0	30.033414240984612	19.991926886471987	19.896478828789917	30.078071996965384	1.0804678810619058E-4
51.0	30.035470749462633	19.957811228936002	19.91551464585233	30.09002410741019	0.0011792683388453715
52.0	29.995545093680942	19.959986347017487	19.97034809201788	30.0740393670696	8.110021409144605E-5
53.0	30.022189903742625	19.97483898659615	19.87213099496384	30.13028785049964	5.522641977412801E-4
54.0	29.984561924063556	19.959026841602377	19.928315782339553	30.127952882904545	1.4256908996939833E-4
55.0	29.95453614048811	19.968271199768413	19.938925339159546	30.13789971646791	3.6760411602724754E-4
56.0	29.98710466628449	19.959281670467735	19.90855112252279	30.144985481055166	7.705966981882056E-5
57.0	29.99005019315201	19.955105486718978	19.953802097623722	30.100950502531926	9.171997336982984E-5
58.0	29.986204485764713	19.968017762870957	19.912620101867716	30.133047548656826	1.1010083978629112E-4
59.0	30.0241486862876	19.950005787108342	19.91181354004839	30.11385371645381	1.7827010185795768E-4
60.0	30.028291019504415	19.92323586185105	19.921655507378517	30.126303388233794	5.142230322173738E-4
61.0	30.014178423938286	19.95842855882584	19.942090959292962	30.085091258068275	2.1079987464109188E-4
62.0	30.027656568009213	19.94418825472518	19.89536070348807	30.132674768468558	1.1970530898175561E-4
63.0	30.03523428643649	19.96087141767174	19.878850603679535	30.124069046864072	9.746453481689701E-4
64.0	30.030228940757453	19.92493984700755	19.90206089297441	30.141893947308883	8.763719516985022E-4
65.0	29.985717990613036	19.944523232502135	19.898373802923036	30.171301303050175	8.36709116242361E-5
66.0	29.9630808743042	19.949370417371817	19.9212254660621	30.16626526992813	5.797233375215261E-5
67.0	29.9955648808301	19.932178337689933	19.935703631755224	30.136480195550817	7.295417392220656E-5
68.0	29.976868001134882	20.01255074070295	19.881401896712838	30.129092589182306	8.67722670281153E-5
69.0	29.976826385074524	19.972525023513576	19.90611123546436	30.144457818476827	7.95374707176277E-5
70.0	29.993552557026383	19.920905568458693	19.86898762985029	30.216473259159248	8.098550538867585E-5
71.0	29.940900345291166	19.978487412895547	19.90489796598524	30.175354516857567	3.597589704837501E-4
72.0	29.989352670497958	19.94893986318607	19.925505141929804	30.13606454676253	1.377776236338425E-4
73.0	29.974512844175194	19.972358982332306	19.92087980044313	30.13207380348893	1.7456956044389397E-4
74.0	30.014796264967824	19.945016107728907	19.886980255204875	30.152646998145364	5.603739530278434E-4
75.0	29.982102890821196	19.95980003247179	19.91800513677475	30.139985880744348	1.0605918792070696E-4
76.0	29.961253350823313	19.963840512109808	19.892663508181844	30.182090703583164	1.5192530187399227E-4
77.0	29.970781342599935	19.982871007346898	19.89905781146729	30.14720478770933	8.505087654575843E-5
78.0	29.963311423293383	19.959847186620397	19.899176265237184	30.17748309808283	1.8202676620857657E-4
79.0	29.999243203668343	19.968263313759806	19.90838590455408	30.12356764742527	5.399305924967288E-4
80.0	30.033885493879808	19.917845994032216	19.88295852212901	30.165147430928602	1.6255903036789567E-4
81.0	29.951996544992653	19.970966458548286	19.925216977924386	30.15173145624753	8.856228714647908E-5
82.0	29.94446574930881	19.945621747387644	19.94034637976288	30.16945284087815	1.1328266251331232E-4
83.0	29.98554808257759	19.970948986435673	19.855012177747998	30.188397798258	9.295498074088994E-5
84.0	29.984700211106713	19.967869498149394	19.89712122962205	30.150196417013614	1.1264410822954679E-4
85.0	29.986559688878522	19.94718150694635	19.89266813900374	30.173332252588715	2.584125826722235E-4
86.0	29.947889435326903	19.969172850848643	19.87841627966459	30.203667070800506	8.543633593562081E-4
87.0	29.978269135620167	19.950409361235327	19.896781725267136	30.174162256458843	3.775214185274554E-4
88.0	29.979594710577516	19.947340402478297	19.894372388251615	30.178471078033514	2.214206590558403E-4
89.0	29.932789639634223	19.969354562001193	19.901366895607275	30.19637588784874	1.1301490857192456E-4
90.0	29.956526813847066	19.979107984763463	19.86412676879413	30.19935793630651	8.804962888333629E-4
91.0	29.935038204086755	19.98510688367458	19.88582076371575	30.193876805455506	1.5734306741288357E-4
92.0	29.93624720553069	19.994733190891193	19.90540566798054	30.163514461741325	9.947385624794297E-5
93.0	29.941616013289867	20.00591581541618	19.89691905168625	30.155473286054264	7.583355343911351E-5
94.0	29.950387437826148	19.969893053557993	19.88933409720853	30.190283983700244	1.0142770708147966E-4
95.0	29.995640419579022	19.997949141548784	19.85569041725343	30.15048170538667	2.3831623209076945E-4
96.0	29.95869785217522	19.975557096949878	19.875902967802205	30.18972120227557	1.208807971223601E-4
97.0	29.945801453615555	19.999472336634998	19.851537950739015	30.20287025963827	3.1799937216683274E-4
98.0	29.92443009341918	20.02902031063499	19.871332853086226	30.17511805639137	9.868646823719917E-5
99.0	29.908791824475866	20.00895753286618	19.875038049238032	30.20565963249512	0.0015529609248040993
100.0	29.917243139062734	19.97956237656437	19.8954684557639	30.207602188967726	1.2383964127330287E-4
101.0	29.923166411407713	20.007943918399544	19.882567818434698	30.186224898100683	9.695365736711309E-5
102.0	29.921350699290105	19.984327991485095	19.889990924474617	30.204227616582706	1.0276816746969029E-4
103.0	29.944760840545136	19.986738487758057	19.902282421646074	30.166076625987927	1.416240628027644E-4
104.0	29.90286597575711	20.03282888966578	19.868616822898836	30.195609653495247	7.865818302743533E-5
105.0	29.920603177551296	19.991978862817618	19.910414524758632	30.17681094530574	1.9248956671927958E-4
106.0	29.944886640937685	19.981098368671145	19.88239874387147	30.191514795201613	1.0145131808470918E-4
107.0	29.903080176185405	19.97688127959663	19.903028571898787	30.216869106563827	1.408657553535612E-4
108.0	29.88184300846853	20.003224882531782	19.92745596088908	30.187148592544826	3.2755556577728005E-4
109.0	29.934155865050315	19.97511928268518	19.88216819590268	30.20844144573988	1.1521062194726098E-4
110.0	29.871776278897187	20.002943084112676	19.919684041275897	30.205493641362974	1.0295435126763814E-4
111.0	29.92838728579842	19.970343946602174	19.884473410972888	30.21668352391444	1.1183271207902432E-4
112.0	29.941436284892642	19.958432034953365	19.837738607668832	30.262258082956293	1.3498952886224614E-4
113.0	29.884213684954492	19.968604479647105	19.922894231526726	30.22412784765282	1.5975621885671974E-4
114.0	29.904339882502445	20.019105018624128	19.88919667669355	30.187192326445818	1.660957340587364E-4
115.0	29.950458647945343	19.97148448906703	19.93766777819854	30.140281278391264	1.0780639782098834E-4
116.0	29.896664214399532	20.027353505419182	19.92010121157774	30.155746862536333	1.3420606721097569E-4
117.0	29.866072378788854	19.993422120173335	19.925482958273584	30.21488344490455	1.3909785967660125E-4
118.0	29.860296034440477	20.002960207654464	19.925467883529066	30.21113475970011	1.4111467588119315E-4
119.0	29.919694890194375	20.003405613804915	19.87513703826483	30.201575464527654	1.869932082313709E-4
120.0	29.86990386954075	20.007241855897043	19.922255804962383	30.200384317659257	2.1415194056714534E-4
121.0	29.883638750713686	20.02448749287236	19.93608596456177	30.15565965448421	1.281373679715641E-4
122.0	29.839540553438038	20.042036129146684	19.90803472725219	30.210246608191195	1.4198197189827736E-4
123.0	29.847993124955824	19.983667893577262	19.959988552286838	30.20821378617696	1.3664300311853493E-4
124.0	29.82234684371751	19.98337590000157	19.925853429116305	30.268294046947116	1.2978021750000907E-4
125.0	29.827456431241572	20.017690129864665	19.917919631378364	30.236821433102794	1.1237441260396207E-4
126.0	29.835100191003928	20.02221166984445	19.9579872944709	30.18456839225437	1.3245242636213285E-4
127.0	29.952702538123194	19.94218787513286	19.937360168688198	30.167620900972192	1.2851708355668217E-4
128.0	30.037748094889423	19.840956876606654	20.025768880893597	30.095403121867825	1.2302574249870658E-4
129.0	29.850795073578457	19.870558998993175	20.146948171353962	30.131561954045328	1.3580202908372875E-4
130.0	29.737990720800113	19.894102669975524	20.10681097809475	30.2609591971057	1.364340239168844E-4
131.0	29.650484935970123	19.958038570785558	19.906797728430465	30.484563253446957	1.155113668960594E-4
132.0	29.41624656408094	20.158211615561644	19.821791110298175	30.603577364442724	1.7334561652117451E-4
133.0	29.47374529636865	20.063331381476125	19.956835476573335	30.505975857599694	1.1198798219633723E-4
134.0	29.55021824674916	19.999867125266874	19.895860600335862	30.55391802645067	1.3600119743583029E-4
135.0	29.67030477393544	19.872152616462923	20.010361927620824	30.44703299560339	1.4768637741954474E-4
136.0	29.75137845681686	19.937471153517578	20.027357534933337	30.283657050846173	1.3580388605030695E-4
137.0	29.93697464151701	19.91919785947791	19.95092777011017	30.192756865722316	1.4286317259009393E-4
138.0	29.935574318498855	19.980655557959377	20.069190868666414	30.014429270748938	1.4998412641402522E-4
139.0	29.44484380848299	20.383351402441566	20.993881861288575	29.177778543903614	1.4438388324849685E-4
140.0	27.94854629694174	21.05624181719484	20.970730963893615	30.02435670328316	1.2421868664292435E-4
141.0	29.70847375268379	19.423534576313013	19.223368237842333	31.644501726834275	1.2170632659344252E-4
142.0	31.77126713294805	19.129040582335474	20.566937873366452	28.53267605040117	7.836094884726228E-5
143.0	31.50171963023101	18.810877924854093	20.813491914565567	28.873843190805136	6.733954419636356E-5
144.0	33.161587402504	18.647955509539575	18.41000955115767	29.780393050273414	5.448652534193886E-5
145.0	27.96368594259381	20.09812581259089	18.84565653690318	33.092073331291125	4.5837662099868144E-4
146.0	28.24701368577105	20.207469485670547	18.996053914516498	32.5493926510722	7.026296970356103E-5
147.0	29.12723394266259	19.777288189584674	19.792437403785517	31.302961289824278	7.9174142937797E-5
148.0	31.54972270155793	18.45210435351429	20.061217371714267	29.936562001461642	3.935717518625105E-4
149.0	32.65419286200881	19.776258373314743	19.01005801064935	28.54356951679583	0.01592123723126764
150.0	21.754294156193268	26.140804534569888	23.903905428753372	28.198051978508147	0.0029439019753231582
