# Position (bp)	A	C	G	T	N
0.0	22.96060165521019	29.20625217823405	30.872012173981318	16.93893338320423	0.022200609370213578
1.0	27.34568531813967	17.256750784842794	18.104351623622126	37.27077078245399	0.022441490941426133
2.0	30.265290582565434	20.277278895536107	17.90990702260738	31.547520846399046	2.652892030615775E-6
3.0	35.51175080774738	18.707282253405253	19.29940533181938	26.481444213990397	1.1739303758498324E-4
4.0	35.387002068578916	17.88792264586817	20.76137255585781	25.963469738878654	2.3299081645084688E-4
5.0	36.819167388598764	17.871234169555763	19.984252508080996	25.323180452680322	0.0021654810841602403
6.0	26.776861150487854	18.240697567711244	16.237690109299983	38.744749074459534	2.098041390244468E-6
7.0	26.83070577497959	23.06614400382749	17.812474928711133	32.29067005565905	5.23682274004391E-6
8.0	26.23972245187179	22.14464852528367	18.259988866986536	33.35547697347517	1.6318238282994968E-4
9.0	34.92358465275365	18.070195925528253	18.887203454900188	28.1189705187126	4.544810531080335E-5
10.0	29.971335356140905	22.894749185931524	22.925225392706615	24.208264827958136	4.252372628265255E-4
11.0	27.78433966886828	22.824929577017578	20.717854067885824	28.672874600706677	2.0855216429518437E-6
12.0	29.761187498576376	20.30408867427167	19.639994229859532	30.29472751330641	2.0839860117023733E-6
13.0	30.08135533067648	20.124952931432418	19.60259348367043	30.184926223485743	0.006172030734932516
14.0	30.128843144195493	20.355375523629238	19.935991917813553	29.57978629270148	3.121660230020055E-6
15.0	30.50454056519242	20.351944170410764	19.76765875496465	29.375853389865835	3.119566332862324E-6
16.0	30.56500564504003	20.266483888207684	19.991279449507353	29.17722945822203	1.5590228998585704E-6
17.0	30.5359312720904	20.35797245822791	19.9916610033301	29.109061333999907	0.005373932351676325
18.0	30.55407095593753	20.204413260263983	20.142801186359627	29.09871355910603	1.0383328233302088E-6
19.0	30.413020376410426	20.28134032589703	19.888906485995648	29.416731772497677	1.0391992180233725E-6
20.0	30.189668629941302	20.439597432750485	19.784795957485724	29.585935379819173	2.600003316564231E-6
21.0	30.105375944134916	20.416857207401748	19.825250799453983	29.652251660890844	2.643881185103711E-4
22.0	30.10038907422426	20.180021542895073	19.782303030646528	29.936843042057156	4.4331017698369607E-4
23.0	30.187592962247003	20.014893149303585	19.991157785763463	29.80633055107197	2.555161397864765E-5
24.0	30.20551507266836	20.06084636989589	20.040434533279665	29.687917693109867	0.005286331046212943
25.0	30.300704825813135	20.038045535840542	20.0255114314184	29.632728161168064	0.003010045759856103
26.0	30.27994246026809	20.07272349349703	19.963688752406856	29.680108259722964	0.0035370341050624723
27.0	30.20875378255305	20.125006807829237	20.011225746936425	29.647018474673736	0.007995188007553305
28.0	30.190293947019647	20.100203260612062	20.088551084407662	29.620758169383954	1.9353857667555734E-4
29.0	30.143540938701175	20.097366662376032	19.99816972377165	29.7609184741384	4.201012746544835E-6
30.0	30.180096116194726	20.090234890601284	20.010490926580204	29.719173331358974	4.735264813476235E-6
31.0	30.211687981879788	20.01517442868303	20.005708727557234	29.76742253665367	6.325226278513112E-6
32.0	30.273546410993685	20.02687232077821	20.070450926857962	29.628275382592072	8.549587780753822E-4
33.0	30.394216833239906	19.962021511513747	20.02727827187078	29.595181046398455	0.021302336977108278
34.0	30.161574549783076	20.082161700429026	20.091664660777685	29.664593258322814	5.830687407142659E-6
35.0	30.12913321034568	20.1540818663726	20.039393598656257	29.677386013926217	5.310699246439924E-6
36.0	30.241388136848833	20.01776153069392	20.093087826297666	29.64775771742292	4.788736661512763E-6
37.0	30.213646323037075	20.09212009881052	19.97856581953826	29.71461816619317	0.0010495924209810827
38.0	30.32284210299132	19.904168505460365	19.993859819004538	29.778091842112676	0.001037730431099872
39.0	30.27727132169695	20.013753111169958	20.004068974767872	29.70490017087896	6.421486258773932E-6
40.0	30.203478723219497	20.01855537532289	20.105715601553953	29.65622769878134	0.016022601122320956
41.0	30.241453752842745	19.973358517518093	20.00018147724313	29.785000342835115	5.909560907214516E-6
42.0	30.136267086728207	20.11038457359845	20.10169262059003	29.65160566015157	5.005893174282723E-5
43.0	30.239031320705028	19.986659609429967	20.02025191375451	29.753552929102682	5.042270078092953E-4
44.0	30.206025942002423	20.008180477251706	20.092611076636775	29.692683813121608	4.986909874857414E-4
45.0	30.26137192218878	19.986634863711128	20.090223223186715	29.649095501431045	0.012674489482330985
46.0	30.260699158318683	19.9389806506614	20.18915801962571	29.61114047720682	2.1694187388511537E-5
47.0	30.204540731127143	20.034439240784426	20.054553403136364	29.706461191335354	5.433616714013663E-6
48.0	30.225048164472092	19.991551654981702	20.06562722660966	29.71777132090121	1.6330353381335211E-6
49.0	30.284700538661458	20.01142636863722	20.08031415474037	29.620740870657492	0.002818067303462994
50.0	30.254476230951905	19.997432941188347	20.051986492030327	29.689230509752935	0.0068738260764880385
51.0	30.26406278742222	19.934063405187143	20.070554588758892	29.73131593468602	3.2839457269076535E-6
52.0	30.197108910799447	19.9686322503711	20.13775287390565	29.696502674841994	3.2900818082131695E-6
53.0	30.29862042590727	19.925811571460404	20.06437752030327	29.71118608735157	4.394977483459076E-6
54.0	30.25082933000759	19.93525382354542	20.09722327539953	29.716686416871113	7.154176347023956E-6
55.0	30.224992922141535	19.990848876259776	20.05449486355649	29.72676948626277	0.002893851779426812
56.0	30.23337408528705	19.98731768523289	20.06972444122764	29.709578262863463	5.5253889578218E-6
57.0	30.2121301330724	19.998271724431373	20.146039783738935	29.643553930404032	4.428353260212622E-6
58.0	30.251250452798946	20.037902188616386	20.037893314148064	29.672951271165253	2.773271350496788E-6
59.0	30.272170015578265	20.02775322679888	20.047467242967553	29.65260229014693	7.224508377762207E-6
60.0	30.29338547298487	20.035438112673035	20.01135173150789	29.659821342452204	3.340382003302246E-6
61.0	30.268976982913326	20.078180282331235	19.995800758285416	29.65703807196282	3.904507199679795E-6
62.0	30.256434081015655	20.005398805185465	20.020813264692883	29.717351054809082	2.7942969159993214E-6
63.0	30.360516132304777	19.978676864327813	19.979464038847457	29.681341844783798	1.1197361588083722E-6
64.0	30.30305488070711	19.92505527991181	20.06008947251346	29.71179700145959	3.3654080276221923E-6
65.0	30.253260264050642	19.986716909965214	20.049893966344708	29.71012885963944	0.0
66.0	30.214438205434746	20.016062794093873	20.054243193400715	29.715250739623478	5.0674471871639485E-6
67.0	30.221684830934326	20.00881559334833	20.07493790238124	29.694549827301454	1.1846034650745702E-5
68.0	30.26253596487599	20.02782523359225	20.027455044328892	29.68211311039688	7.064680598442876E-5
69.0	30.25621092154424	20.003782091350068	20.064816338050193	29.67518895010455	1.6989509538513782E-6
70.0	30.28821398232202	19.94528188721436	20.03973218563215	29.726770242646023	1.7021854421304978E-6
71.0	30.14591316300541	20.025863337015632	20.109658429494594	29.717489994530755	0.001075075953604452
72.0	30.283446153432564	19.945415876231102	20.05763584532317	29.713500985886043	1.1391271199226898E-6
73.0	30.247233210690812	19.997443918770962	20.055009100354475	29.700312628923207	1.1412605389276495E-6
74.0	30.30707410837186	19.969535301166168	20.00037186376524	29.723018154950477	5.717462565185435E-7
75.0	30.227996455958912	19.987708284328363	20.082135206283354	29.70216005342937	0.0
76.0	30.21291363834259	20.00705463096856	20.050811500636986	29.72921965616869	5.738831648251674E-7
77.0	30.258928083640473	19.98891163910957	20.08917812061298	29.662982156636975	0.0
78.0	30.234465517301867	20.000450620141052	20.092202687879436	29.67242490882273	4.5626585491440584E-4
79.0	30.325783731924933	19.951908263898336	20.076982768765074	29.64528772073628	3.751467538029074E-5
80.0	30.379439808025754	19.939119313672375	20.047773690129667	29.633665453264523	1.7349076795480245E-6
81.0	30.250065409248077	19.979740617861612	20.129378921943758	29.639658477880193	0.0011565730663557084
82.0	30.224100289225376	19.94879645361593	20.147462340203067	29.679003480715366	6.374362402659045E-4
83.0	30.320376948490747	19.991990209848034	19.95924853199022	29.728384309671004	0.0
84.0	30.314335475514813	19.983888913396456	20.020852863711116	29.680922747377615	0.0
85.0	30.337848876007435	19.965075166690223	20.045707723189548	29.651367650187034	5.839257605663688E-7
86.0	30.2578738100362	19.968894095635704	20.085798980331113	29.68498031028201	0.0024528037149678253
87.0	30.28550946874781	19.94949677511488	20.107399680157894	29.657594075979414	0.0
88.0	30.264115790253598	20.008942743277156	20.064052607291842	29.66288357150695	5.287670452683754E-6
89.0	30.200447489743333	20.051973292758618	20.050179429321116	29.695899112790585	0.0015006753863461995
90.0	30.321681473206176	20.014249378951774	20.013571500114068	29.644590839265746	0.005906808462242948
91.0	30.27317226669817	19.986548350580485	20.095558253797332	29.644720537699893	5.912241198440615E-7
92.0	30.26248645984853	19.999847273039386	20.096222843066993	29.64144342404509	0.0
93.0	30.277795261185545	20.00758500875138	20.095014514552968	29.619605215510102	0.0
94.0	30.294556976293553	19.973581147613757	20.081319096318893	29.65054099464383	1.785129963798576E-6
95.0	30.32411728542037	20.025301277987413	20.041904704975774	29.608032106232162	6.446253842766364E-4
96.0	30.28492677735309	19.97521700819793	20.113575385923706	29.62628082852527	0.0
97.0	30.274507007431083	19.99837066150149	20.041453993218937	29.685668337848487	0.0
98.0	30.205522156412094	20.05763723383164	20.067826294465124	29.669014315291136	0.0
99.0	30.21505345041634	20.038187023064445	20.10074981155558	29.646009714963633	0.0
100.0	30.22381903677518	20.02536117231163	20.08867971052264	29.662140080390554	0.0
101.0	30.302689529558176	20.054480775795362	20.03931215496885	29.60351753967761	0.0
102.0	30.2708627021628	19.985324718086485	20.059246069425825	29.68451322712943	5.3283195461046774E-5
103.0	30.238064327308745	20.003470951230266	20.060564827234497	29.69789989422649	0.0
104.0	30.251981981761634	20.026327857841274	20.077794336400878	29.643890348126927	5.4758692860353544E-6
105.0	30.315009235598456	20.008036231463592	20.103697755005136	29.570874204224495	0.0023825737083204724
106.0	30.33912484083569	19.96642693809929	20.07562082982016	29.618827391244864	0.0
107.0	30.269813775241587	19.985516039992657	20.109896100063832	29.63477408470192	0.0
108.0	30.25516677167679	20.002468757812164	20.09101476489976	29.651349705611285	0.0
109.0	30.31031006887812	20.021516825646955	20.07132905759618	29.59684404787874	0.0
110.0	30.22168932895739	20.003179167528213	20.11892707989513	29.64790074757213	0.008303676047136221
111.0	30.26476863156019	20.021613384531936	20.086092351971615	29.62752563193626	0.0
112.0	30.215035724356255	20.017367688923624	20.05445577476494	29.711316675550414	0.0018241364047647162
113.0	30.256879907974632	19.985981811920137	20.060387762754758	29.696529792753285	2.207245971947085E-4
114.0	30.305092134806273	20.040387168610284	20.059700754552622	29.594819942030814	0.0
115.0	30.352333392185805	19.985776305755053	20.049214754401238	29.612675547657908	0.0
116.0	30.239639486625297	20.029884412058728	20.09896168463497	29.631514416681004	0.0
117.0	30.239599290442193	20.023773039649065	20.143643323546122	29.592984346362616	0.0
118.0	30.287899644514805	20.013082983735263	20.10810828513498	29.590909086614953	0.0
119.0	30.27165409068192	20.04637703235811	20.042549277294142	29.63941959966583	0.0
120.0	30.260394214108743	20.061294351075862	20.07348895185003	29.604526721939063	2.95761026306721E-4
121.0	30.228955959769326	20.09062376380251	20.08988206515194	29.58987715965359	6.6105162263884E-4
122.0	30.231320231981908	20.058923984837165	20.054433646801513	29.655322136379418	0.0
123.0	30.237565484570815	20.041197043071982	20.09155991404689	29.629677558310313	0.0
124.0	30.174127025426156	20.06087807555733	20.074369968536146	29.690624930480368	0.0
125.0	30.21746417941768	20.082999579988815	20.071935667055676	29.627600573537833	0.0
126.0	30.256122044708857	20.01242202440048	20.110799223096027	29.62065670779464	0.0
127.0	30.311298805060034	19.988488370867298	20.124969358128755	29.575243465943913	0.0
128.0	30.254886168165047	20.06062689847346	20.118145678690773	29.566341254670732	0.0
129.0	30.282803438829553	20.023433698917597	20.095859543571816	29.597903318681034	0.0
130.0	30.238218584478606	20.01303607554262	20.121064488466843	29.62657730357533	0.0011035479366003432
131.0	30.299318053505885	20.038675627721798	20.064392367644626	29.597230714609758	3.832365179354952E-4
132.0	30.297827663794212	20.049773708702276	20.099734606686013	29.529416976076483	0.023247044741014605
133.0	30.292883047577952	20.11585636950228	20.084428249850454	29.506832333069315	0.0
134.0	30.212485606027386	20.06909278672676	20.1026896266043	29.615731980641556	0.0
135.0	30.173174244197202	20.06719476271261	20.11954368038287	29.63845839378274	0.0016289189245797672
136.0	30.203960344092195	20.024111462029623	20.132572093025114	29.639356100853064	0.0
137.0	30.219656865017175	20.086669107935755	20.136284820621334	29.557325703661103	6.350276463630771E-5
138.0	30.259030480058925	20.113705752202364	20.074764377938596	29.5503670042295	0.0021323855706160085
139.0	30.219878897925312	20.117601028456086	20.098737266817697	29.56372552749039	5.727931051559661E-5
140.0	30.193901228054937	20.12422280131908	20.05752753495052	29.624337607752803	1.0827922659857004E-5
141.0	30.210626289139082	20.10076584946204	20.128408662695215	29.560196480228644	2.7184750192432353E-6
142.0	30.156149438875563	20.061530396459812	20.15927183634423	29.615093653932156	0.007954674388240645
143.0	30.207966253094316	20.099202614501504	20.061156798496693	29.623145534045335	0.008528799862150554
144.0	30.25243191584861	20.06389967016513	20.105949317774254	29.577719096212007	0.0
145.0	30.26009181377275	20.106979355894243	20.128713498323563	29.504215332009448	0.0
146.0	30.340570478822354	20.015921488800615	20.078360926210507	29.565147106166524	0.0
147.0	30.276130246790604	20.068424122608057	20.118988083004233	29.53642881210087	2.873549624011801E-5
148.0	30.240588310806494	20.13324597954189	20.13098330424854	29.495182405403074	0.0
149.0	30.22718927225028	20.096152181716796	20.159474679655897	29.510814584223077	0.0063692821539496226
150.0	29.95485637803616	20.057707469139196	20.144826186927144	29.8426099658975	0.0
