# Position (bp)	A	C	G	T	N
0.0	26.43594285418737	24.391525872576576	26.784226898582748	22.334857535399443	0.05344683925385379
1.0	28.313825392364755	18.567185335383414	19.476672942767255	33.63663269062299	0.005683638861586735
2.0	29.93658980674206	19.963116699682022	18.876624428090683	31.21915842867397	0.004510636811262795
3.0	32.278780788543514	19.366154012187856	19.974880579049824	28.376311905166567	0.0038727150522339326
4.0	32.965348680769466	18.796518155022106	20.470809680581706	27.766133089895682	0.0011903937310464997
5.0	33.38573695881375	18.942715783739587	19.98954125292883	27.680066231324492	0.0019397731933398718
6.0	28.273485642849465	18.818342364755985	18.048062677858223	34.8554256256826	0.00468368885371984
7.0	27.934329619457625	21.875422939770985	18.67149680426573	31.49795826930209	0.020792367203573806
8.0	28.060044470652457	21.15863907012524	19.14434825839333	31.636204075381592	7.641254473800583E-4
9.0	32.435482141244414	19.05266564312363	19.62289949674002	28.886543417643384	0.0024093012485552558
10.0	29.63176165912086	21.66608977795362	21.690875273287325	27.000556458492596	0.010716831145601242
11.0	28.510038568593387	21.619631748973447	20.471889055776806	29.384140247001138	0.014300379655218206
12.0	29.645639611478714	20.227872122650197	19.93609701480836	30.188521961901255	0.0018692891614771187
13.0	29.850854000061737	20.1428367827327	19.915108121121968	30.089920860526014	0.0012802355575725175
14.0	29.8292081205296	20.305596560267773	20.08033824139286	29.780452968090636	0.004404109719131326
15.0	30.048572942669864	20.30587227380276	19.98273579949093	29.662179662583064	6.393214533840473E-4
16.0	30.164365292413304	20.184960138884893	20.11473865320547	29.53274272069485	0.0031931948014788628
17.0	30.123004991984075	20.21375018418365	20.22907498338974	29.432332951502715	0.0018368889398236263
18.0	30.19909464345697	20.075954069716843	20.30927920326898	29.409840528641336	0.005831554915876718
19.0	30.056171717406215	20.19046698667611	20.09210664366025	29.66051680571475	7.378465426760543E-4
20.0	29.858260964209727	20.39048969006666	20.068902973943622	29.681728590422324	6.17781357667651E-4
21.0	29.71792508324715	20.413828139239023	20.053199573033314	29.813480602346804	0.0015666021337157117
22.0	29.70475191993616	20.262449394270448	20.034781241075276	29.99734618726397	6.712574541380937E-4
23.0	29.82482342562683	20.14356128790534	20.154537413126146	29.87445891965234	0.002618953689348961
24.0	29.837519358528635	20.201397949257586	20.196112782316376	29.76267719977716	0.0022927101202376383
25.0	29.841647293883266	20.185609456633475	20.246659292247646	29.721775877395668	0.004308079839942163
26.0	29.82815665951952	20.202411441438045	20.22438002713971	29.74403526078512	0.0010166111175975692
27.0	29.76012673309862	20.23910313691451	20.21560192643163	29.784279243146365	8.889604088782471E-4
28.0	29.780068497091683	20.23211668247525	20.263012805535794	29.723316327479505	0.0014856874177604814
29.0	29.74890812622335	20.2478497285508	20.219292302430798	29.7819260022811	0.0020238405139485706
30.0	29.750253735225336	20.226399853173003	20.241962304632626	29.780365082678784	0.0010190242902577851
31.0	29.778042498013686	20.20309207366946	20.21865915850395	29.799181133694564	0.001025136118341275
32.0	29.784898327432717	20.246408112220042	20.235302211827165	29.73211095525361	0.0012803932664722593
33.0	29.836485800177364	20.212801726456277	20.232898322699956	29.714978885260685	0.0028352654057240004
34.0	29.708221053831423	20.267950999845958	20.241613976666283	29.780373120898407	0.0018408487579277993
35.0	29.700645738793007	20.265498999900796	20.20808523106098	29.82339839937987	0.0023716308653453514
36.0	29.735056127854765	20.223485245667412	20.242528477930804	29.796959584773163	0.001970563773854993
37.0	29.75282490670144	20.254856223379207	20.190580319115806	29.80134531255744	3.932382460995496E-4
38.0	29.782618801115046	20.182820435011557	20.197589690267726	29.83601719875405	9.538748516194675E-4
39.0	29.769823443358014	20.23538300703324	20.190174688061294	29.803901180415828	7.176811316261867E-4
40.0	29.709498925219098	20.25882391197823	20.26181595549723	29.767736314437798	0.0021248928676485153
41.0	29.751243708388564	20.219567838525258	20.19034004032612	29.838228258836736	6.201539233279161E-4
42.0	29.697516545679946	20.300462229354032	20.232800033000817	29.767188696227997	0.002032495737206491
43.0	29.700687241945744	20.25222117842118	20.221726393185772	29.82284906533351	0.0025161211137911445
44.0	29.69594334975323	20.25474031747566	20.238742105922018	29.809864286149907	7.099406991820765E-4
45.0	29.698149621404628	20.2379918081892	20.269674078440215	29.790412072046596	0.0037724199193614485
46.0	29.738255827905807	20.197628388741606	20.284054183696004	29.77933289260473	7.287070518518524E-4
47.0	29.730496654138395	20.25804822558075	20.212345701185015	29.798169570330064	9.398487657769027E-4
48.0	29.71979420427799	20.237255227397856	20.224177302479223	29.813525691245875	0.005247574599060789
49.0	29.736397611123795	20.240184734007073	20.23523497160906	29.7802971073841	0.00788557587597502
50.0	29.73416880210018	20.261822376075582	20.203251964701426	29.799798038222015	9.588189007981228E-4
51.0	29.72234731040162	20.238422716472265	20.23425236277263	29.80108797202506	0.003889638328430716
52.0	29.71614368965258	20.23613137684915	20.285173997004772	29.76195715816071	5.937783327934384E-4
53.0	29.741625064812876	20.249913623099044	20.193950089372912	29.812290309502327	0.002220913212838966
54.0	29.71013921209775	20.255454115079345	20.220755786379918	29.812697433344958	9.534530980239511E-4
55.0	29.683891881182404	20.261248432365168	20.22671060418047	29.825831916110186	0.0023171661617693786
56.0	29.689506047640073	20.263388165212827	20.227906795251485	29.818425200208367	7.737916872475114E-4
57.0	29.702129153195667	20.23811468851555	20.26331014876735	29.790725631600466	0.0057203779209594255
58.0	29.72006670671411	20.25006824309022	20.211890139738877	29.815185597879445	0.0027893125773455992
59.0	29.74926644620608	20.24160491930397	20.220530825771085	29.78791964788789	6.78160830971499E-4
60.0	29.74256580673675	20.231378627490283	20.220094682254057	29.802221906381256	0.003738977137662614
61.0	29.72980227116232	20.260272933742748	20.235976308012987	29.772958280501726	9.90206580217218E-4
62.0	29.724574460612963	20.238100617509154	20.221799577714876	29.813747589428	0.00177775473501109
63.0	29.755166740551793	20.273554955858415	20.18662176867501	29.78171331869727	0.002943216217506898
64.0	29.739083011549162	20.218741102512134	20.21826484280321	29.822514147503888	0.001396895631610445
65.0	29.69604170328485	20.245003521340376	20.216722094506526	29.83486308416343	0.007369596704815119
66.0	29.67904454870056	20.249923986824474	20.21201408754141	29.836210919393615	0.022806457539940907
67.0	29.711706157959423	20.212913440028778	20.2397359020362	29.83334767093196	0.0022968290436383653
68.0	29.68322249960736	20.2891089456019	20.194243026521818	29.829021125518324	0.004404402750595858
69.0	29.682504135546605	20.27642022996617	20.19976659018207	29.838052087945417	0.003256956359734628
70.0	29.71204331418406	20.221469079388203	20.182577177662345	29.88349711620277	4.1331256262115864E-4
71.0	29.640920654216433	20.28292892774608	20.202957935262017	29.860275060637015	0.012917422138450181
72.0	29.683206693977937	20.25197346614588	20.242796283014712	29.81622797728141	0.005795579580060656
73.0	29.665374544735556	20.278917981171354	20.223499591430855	29.826834795402135	0.005373087260101613
74.0	29.70727602802965	20.26275383885355	20.210190615536895	29.817370352772816	0.0024091648070925812
75.0	29.6782070555623	20.27966576860831	20.229846232931806	29.807471163409843	0.0048097794877389665
76.0	29.674721436820604	20.27596820654974	20.213551624670185	29.835023110166492	7.356217929748861E-4
77.0	29.698516421335054	20.281614110839353	20.2075732202805	29.811108005839454	0.001188241705638928
78.0	29.677104414260686	20.25449005356782	20.23609215333286	29.83044788647592	0.0018654923627157223
79.0	29.72639765259768	20.261165971564317	20.237426256470002	29.772692072049484	0.0023180473185182046
80.0	29.760555250256086	20.2356380350913	20.1778794032381	29.82539764528372	5.296661307932937E-4
81.0	29.66933710065094	20.266364447943918	20.232494314940112	29.813621399096903	0.018182737368127307
82.0	29.653615806965067	20.257657676180102	20.23557465063357	29.848676938091796	0.004474928129465356
83.0	29.6798886561919	20.27775974355653	20.168362579111335	29.869491748177545	0.004497272962687471
84.0	29.68975633252765	20.27857524991724	20.214311616679844	29.813981060088583	0.003375740786681873
85.0	29.69415291350421	20.26451971914588	20.20311004270911	29.836698761509044	0.0015185631317524435
86.0	29.655717175519232	20.282628502524165	20.197457428751424	29.863665729275645	5.311639295329036E-4
87.0	29.673242348919203	20.260609861747614	20.226505788728318	29.839439482356532	2.025182483331203E-4
88.0	29.68463494705534	20.27750305931795	20.193889508165356	29.83976357742298	0.00420890803837489
89.0	29.634329305190533	20.293234674382074	20.217972793031585	29.853851708517233	6.115188785747945E-4
90.0	29.660660046540364	20.293027771379613	20.191571070923466	29.854564593589828	1.765175667268692E-4
91.0	29.621515420402485	20.307284283491715	20.215190748564133	29.8557762845249	2.332630167728852E-4
92.0	29.63997492183662	20.31473831872716	20.217063076608675	29.827905113002352	3.185698251961859E-4
93.0	29.649146145755317	20.32105999850226	20.225096472339636	29.80390372135739	7.93662045393642E-4
94.0	29.670102601502663	20.27960297208858	20.210875256556125	29.839087510294537	3.3165955809680476E-4
95.0	29.688098316277717	20.329079440188398	20.19051008817419	29.792045035827623	2.6711953207138913E-4
96.0	29.66033797334198	20.28753822335344	20.197945218330933	29.854020394371805	1.5819060183482642E-4
97.0	29.64273658836999	20.325866966901508	20.163717402545362	29.866962580693407	7.164614897319826E-4
98.0	29.63784038425742	20.353319256307195	20.17363607479015	29.833896814068083	0.0013074705771555643
99.0	29.632715775696354	20.336954211293776	20.18412744564454	29.845982768574032	2.1979879130202455E-4
100.0	29.631935685015655	20.309038441107287	20.20643725618682	29.850616632096383	0.0019719855938542144
101.0	29.653478521606935	20.3126254747537	20.198384258067524	29.832805879538288	0.0027058660335566296
102.0	29.621337570732713	20.318230063968816	20.211831213679726	29.848156738228372	4.4441339037296903E-4
103.0	29.64563640080199	20.294850567667876	20.206953635483487	29.85231157058552	2.4782546112376636E-4
104.0	29.60381655983503	20.35952724259428	20.18028222478953	29.856183991562844	1.899812183210559E-4
105.0	29.62543266759912	20.330686416764394	20.214825542084945	29.828855574277153	1.9979927438352614E-4
106.0	29.653685736713253	20.307581190671996	20.19893439205327	29.839317750892974	4.80929668503385E-4
107.0	29.620060120193255	20.3040797617048	20.236885743146235	29.83847099755649	5.033773992196689E-4
108.0	29.58904507932594	20.329735627986604	20.25425175876749	29.826747029052942	2.2050486702476964E-4
109.0	29.643142481488177	20.30937355951103	20.212692160133162	29.834547345266177	2.44453601461113E-4
110.0	29.577944970294702	20.333246082519107	20.2335379238717	29.85488428830673	3.867350077600579E-4
111.0	29.629326356652623	20.312937608920034	20.202521352960648	29.854849565264047	3.6511620265009713E-4
112.0	29.632141331405787	20.288732668164787	20.173098560913452	29.905600116381336	4.2732313463235676E-4
113.0	29.61287706748686	20.293509735115926	20.229504759921547	29.863749649419514	3.5878805615666235E-4
114.0	29.616829562644064	20.34492787484028	20.205120761655362	29.832827455223494	2.9434563680041963E-4
115.0	29.66007025363746	20.289674758554114	20.243398689688192	29.796999457613634	0.009856840506600925
116.0	29.595034376959116	20.3430076749289	20.238301188921888	29.823314751886524	3.420073035659677E-4
117.0	29.567200868657533	20.31583638679994	20.231844783670095	29.881673179148976	0.0034447817234576944
118.0	29.559703687716333	20.34676818641116	20.244836174294136	29.84780064846135	8.913031170235708E-4
119.0	29.600036757557863	20.355636111537525	20.190395581314085	29.853678829345913	2.527202446100909E-4
120.0	29.562239410952103	20.35497649833112	20.248526340678218	29.833803237771324	4.545122672377404E-4
121.0	29.588562618921095	20.375984659183523	20.253286399190433	29.781838427835915	3.2789486903551034E-4
122.0	29.53906290857327	20.37500027149246	20.23333367580023	29.85238839054804	2.147535860005261E-4
123.0	29.55199972576081	20.334622818245645	20.275260724011577	29.83786907319732	2.4765878465203095E-4
124.0	29.534716048311903	20.32690321257986	20.22032646214076	29.917667415092442	3.868618750332652E-4
125.0	29.514556996125158	20.358473742320935	20.227681537322425	29.898641488325367	6.462359061148475E-4
126.0	29.545528629385696	20.360124409790288	20.247291755012224	29.84670186504702	3.5334076476975593E-4
127.0	29.642900746154776	20.287604421680907	20.225642010059932	29.836295393524708	0.007557428579674078
128.0	29.74225328502822	20.175353157170473	20.328756315626634	29.752284941679026	0.0013523004956482944
129.0	29.582739270128837	20.21523860084044	20.43160415826766	29.768207013333843	0.002210957429214935
130.0	29.467201163218398	20.226991686361853	20.410690371339793	29.89470272291463	4.140561653217039E-4
131.0	29.405936328451237	20.290269750716476	20.235955486308928	30.066860328294844	9.78106228516618E-4
132.0	29.20664154814505	20.45989243737492	20.15617312173027	30.17491777868651	0.0023751140632480806
133.0	29.23495982583234	20.379671248988966	20.308882721067643	30.076168662574425	3.1754153662738355E-4
134.0	29.297986440943706	20.307945860339697	20.255504910920212	30.137851530488145	7.112573082337378E-4
135.0	29.424755752567773	20.178920047684727	20.356871114352185	30.036482448548202	0.002970636847111189
136.0	29.50544298248896	20.23861613041576	20.401673899427667	29.852778295231865	0.0014886924357489404
137.0	29.788232220810727	20.161496903783085	20.268833514987357	29.78096465151477	4.7270890406111353E-4
138.0	29.873776505602933	20.15845968849981	20.386857174825792	29.579692626893056	0.0012140041784058037
139.0	29.132080764933043	20.71161680560899	21.587699433405696	28.562153429338593	0.006449566713671259
140.0	27.11655159975099	21.702936023139145	21.562512052535258	29.600547850091285	0.01745247448332042
141.0	28.782072457280876	19.85518712933078	19.337770107807984	32.024477553249675	4.927523306846812E-4
142.0	31.14649941607961	19.474033887335366	21.187271353272436	28.19147573271351	7.196105990790947E-4
143.0	31.21345760474955	19.004522341177758	21.73307058554418	28.03871564248133	0.010233826047186747
144.0	34.00208351479311	18.53011854942426	19.014657900646963	28.449001717029315	0.004138318106356432
145.0	27.620857193659372	20.26950804156467	19.18618944217431	32.923217435146704	2.2788745494567745E-4
146.0	27.74297704817665	20.594517376606966	19.079235050898692	32.583043621904835	2.2690241285784821E-4
147.0	28.245237092998522	20.218484893787018	19.609419494880285	31.923490880447897	0.0033676378862818974
148.0	30.783137352152213	19.255744845399388	20.04221544497943	29.918617902149986	2.844553189816522E-4
149.0	32.76960003276859	20.00034372642699	19.04231515789145	28.185693046285486	0.0020480366274880603
150.0	22.24802508124036	26.858033735609936	24.04510254927927	26.79765640250037	0.05118223137005865
