# Position (bp)	A	C	G	T	N
0.0	23.861486583860383	24.981435855955482	32.52508310961812	18.606033675270726	0.025960775295282176
1.0	27.55842904053526	19.531968816117715	20.748692642643164	32.13104799818957	0.0298615025142937
2.0	29.15914374252855	20.764226397337087	18.251094389095854	31.824711876708133	8.235943303766298E-4
3.0	32.17440382455162	19.72524635206514	20.588173801772705	27.507639319385053	0.004536702225480799
4.0	33.43490833174691	18.82996219635021	21.037939310517274	26.69712937241159	6.078897401484122E-5
5.0	34.319537995718385	18.975971809414638	20.601381761767996	26.102966865363726	1.4156773525700965E-4
6.0	27.972064428621586	18.449338361399406	17.993741017551926	35.58477536618078	8.082624630283069E-5
7.0	27.056409303959388	22.77929719142038	18.861023532434	31.303169033099444	1.0093908679398785E-4
8.0	26.954126195796903	21.996501166765178	19.175953876797784	31.87338850613012	3.0254510014595784E-5
9.0	32.60219143067701	19.271797577306945	19.792470430719124	28.333510333555072	3.0227741852666357E-5
10.0	28.889150632362163	22.815373200891138	22.56796521630581	25.727440481044233	7.046939665109293E-5
11.0	27.6330203379899	22.733205141000834	20.969608114590745	28.66411610072086	5.030569766356193E-5
12.0	29.166190707945024	20.84513174671488	20.309426798218976	29.67922058072327	3.01663978505436E-5
13.0	29.452344664323988	20.618654301017724	20.334085583677425	29.594835050142485	8.04008383797422E-5
14.0	29.42912410006307	20.796530002518264	20.507678286529533	29.266346173453066	3.21437436070363E-4
15.0	29.722971532114173	20.85961272559114	20.317639792310977	29.098631403386815	0.0011445465969015316
16.0	29.867892782751948	20.746046744086737	20.424005608045963	28.96097099080664	0.001083874308716507
17.0	29.85311213043288	20.77451846275648	20.589752458898644	28.782596884278178	2.0063633821026768E-5
18.0	29.931529989210905	20.54290855198748	20.764356324839405	28.761175050037092	3.008392512592379E-5
19.0	29.698096022199792	20.67423788209398	20.459804428590633	29.167641128759414	2.2053835618127409E-4
20.0	29.44606285443429	20.94074214369677	20.392927899083368	29.220227018327616	4.0084457952906775E-5
21.0	29.250678063754677	21.03213360488276	20.34553926568448	29.371428663024478	2.2040265360787623E-4
22.0	29.250997690234183	20.80433773659776	20.284014461525704	29.660630080718615	2.003092374006992E-5
23.0	29.340316316941745	20.604647879496973	20.514091378558515	29.54086432195019	8.010305257714049E-5
24.0	29.371931155782416	20.66401655336448	20.57001794882832	29.394004310521737	3.0031503046695985E-5
25.0	29.411655204633224	20.607390359401702	20.58482191647014	29.396112503137562	2.001635736724051E-5
26.0	29.425145776058958	20.614483298603904	20.532543520188515	29.42776736867647	6.003647215683528E-5
27.0	29.35621843582763	20.654696032555727	20.513728320374362	29.47534720714661	1.000409567677007E-5
28.0	29.340382784011567	20.677876318808835	20.604699876062153	29.377001012127423	4.0008990020057505E-5
29.0	29.383892464692153	20.679269948112015	20.472332043084045	29.46447554296574	3.000114604377887E-5
30.0	29.346299173139563	20.66678025557504	20.550879478827362	29.43589075419694	1.5033826108744677E-4
31.0	29.292615376177984	20.619590458625954	20.474226102042522	29.61333703909319	2.3102406035232375E-4
32.0	29.39572122309908	20.594513281677553	20.579039502132904	29.430595115319424	1.3087777103477604E-4
33.0	29.47396410683084	20.541278557290166	20.555103416506178	29.429542916853563	1.1100251925263013E-4
34.0	29.29334337916974	20.687828263533888	20.598313913776746	29.4203121512038	2.0229231583535144E-4
35.0	29.306194075327536	20.694460036648525	20.520516957371267	29.478636246504685	1.9268414798669914E-4
36.0	29.37407042150112	20.55835622556504	20.58424663287423	29.48315384616949	1.7287389012420276E-4
37.0	29.34527970111648	20.66280112550365	20.441993175397783	29.549640492435884	2.855055462001506E-4
38.0	29.359872522228535	20.500701221825597	20.504791767694627	29.634010680006213	6.2380824502697E-4
39.0	29.392587015789722	20.53813678408268	20.467947705392547	29.59708207085989	0.004246423875159241
40.0	29.28558891294341	20.602297258340016	20.57289271374316	29.538593516225898	6.275987475186701E-4
41.0	29.362824162192126	20.519095066039256	20.483404029041232	29.63418132058282	4.95422144564801E-4
42.0	29.23640114830134	20.688342927190888	20.528418262849918	29.546599493613318	2.3816804453783853E-4
43.0	29.327180052549174	20.534455279959765	20.467571492047654	29.670460730396314	3.3244504709343815E-4
44.0	29.323390260801325	20.58361757451831	20.53825783141021	29.554452854744778	2.814785253777911E-4
45.0	29.350178488710498	20.557679408248518	20.547092690687496	29.544641426202418	4.079861510670198E-4
46.0	29.369044874387246	20.549947149539715	20.553390723431882	29.527312790315325	3.0446232583180156E-4
47.0	29.34184291906919	20.59757127801955	20.4878329439874	29.572489419481684	2.6343944217435754E-4
48.0	29.324345809513424	20.529447550146237	20.521492741078053	29.624385974952293	3.279243099917162E-4
49.0	29.417483451107685	20.530928206763736	20.525129496562563	29.52620395720552	2.5488836049115715E-4
50.0	29.36310754735653	20.531297881198324	20.478042045024107	29.627243271465282	3.0925495575734617E-4
51.0	29.389339424099585	20.512865822685576	20.47622826579482	29.621330876121682	2.356112983328466E-4
52.0	29.30938444225536	20.583851825513012	20.552585803289933	29.55380148904565	3.764398960466605E-4
53.0	29.374347680209855	20.53225622116749	20.443461873413828	29.649599356014132	3.3486919469143746E-4
54.0	29.299607251027393	20.491170065958777	20.546643023380355	29.66113640780697	0.0014432518265002955
55.0	29.300854018641857	20.579559382210416	20.48982854201833	29.628874815173447	8.832419559556677E-4
56.0	29.27595364981418	20.584176249912346	20.506111510413014	29.633210767127128	5.478227333286585E-4
57.0	29.335437716879664	20.54097397956099	20.504547721426334	29.618600119519527	4.4046261347831017E-4
58.0	29.297597380066836	20.579236321357953	20.491956864956457	29.63010266901817	0.0011067646005769565
59.0	29.328192211527558	20.55354693012969	20.50155643283107	29.613533594839716	0.003170830671967999
60.0	29.37555681542075	20.58271698629904	20.523573176565137	29.517660809188445	4.922125266298164E-4
61.0	29.329060895402968	20.628132975524345	20.483885883022378	29.557750249355546	0.0011699966947593373
62.0	29.302689028266432	20.567982793803154	20.47161596358741	29.657395441480116	3.167728628833956E-4
63.0	29.389084243624453	20.520261171677085	20.458489757767083	29.631709705075348	4.551218560324411E-4
64.0	29.326194411316507	20.500180109892792	20.504163474537886	29.668969806897245	4.921973555724123E-4
65.0	29.28916878807963	20.59994575785547	20.477480584824754	29.633001795979286	4.0307326086843866E-4
66.0	29.26999137474391	20.579527283123134	20.500239358678662	29.64990591946586	3.3606398843754465E-4
67.0	29.29132960138573	20.60336677686479	20.512256809746948	29.59272025298061	3.265590219277385E-4
68.0	29.27231057656891	20.58013951048865	20.46690421343562	29.68026997060743	3.757288993879024E-4
69.0	29.3164315441482	20.548925915571047	20.49365976026901	29.640557201061817	4.2557894991940596E-4
70.0	29.33337794061287	20.53142509423784	20.453513162580318	29.681183756552837	5.000460161393423E-4
71.0	29.23715463797349	20.563792635930614	20.51054400789231	29.68810095843933	4.077597642572902E-4
72.0	29.298260727415208	20.486270906931704	20.53194171872797	29.683019193460712	5.074534644029248E-4
73.0	29.27200137715189	20.582844963035303	20.479522048430653	29.665229860918856	4.017504632913297E-4
74.0	29.323630215790786	20.506549272984127	20.450537651431727	29.71873059796824	5.522618251222432E-4
75.0	29.232943891033532	20.546680922392127	20.523975862603578	29.695892017457776	5.073065129866137E-4
76.0	29.24715924508698	20.560741483848503	20.484687763672547	29.706962371249197	4.4913614277139707E-4
77.0	29.268639819916505	20.553433596726926	20.48668753278158	29.690597261498596	6.41789076397565E-4
78.0	29.24134077034997	20.57914685890484	20.49081567714712	29.688163507390282	5.33186207793075E-4
79.0	29.29342297142405	20.5344541126622	20.473217274578936	29.698136978095274	7.686632395389097E-4
80.0	29.309984949236327	20.518362888680993	20.490325377387748	29.680706027987334	6.207567075995365E-4
81.0	29.248312787901188	20.527646021054295	20.537320245148234	29.686120386775738	6.005591205412239E-4
82.0	29.187161055604584	20.523184914072885	20.563056265676106	29.72587259125417	7.251733922543307E-4
83.0	29.29221347168425	20.561258457666842	20.418113853376553	29.72781478425606	5.994330162909909E-4
84.0	29.28314509941174	20.577988073283347	20.484418538909903	29.653855990954003	5.922974410058287E-4
85.0	29.274490720195338	20.567206649689993	20.461852957045785	29.695823863427655	6.258096412233326E-4
86.0	29.258989715369754	20.553181088362596	20.469923051307333	29.717218403038498	6.877419218177734E-4
87.0	29.26680635068478	20.519765872782383	20.512226663678803	29.700547343798924	6.537690551075846E-4
88.0	29.269664969044396	20.557131962654278	20.4678389731461	29.704590081849798	7.740133054294499E-4
89.0	29.22437120745318	20.561917239332157	20.44144454424487	29.771056299690713	0.0012107092790753257
90.0	29.210744252735577	20.571140823750653	20.443477512265584	29.773858712635263	7.786986129214653E-4
91.0	29.216311020553714	20.55684036659682	20.50824194478968	29.717642877242696	9.637908170887122E-4
92.0	29.238242645397573	20.555424120548142	20.477480448611107	29.727728313334744	0.00112447210843107
93.0	29.223883381686335	20.587758892512365	20.506875604412482	29.680777223458044	7.048979307796232E-4
94.0	29.23274661618137	20.537006495398714	20.477220477935294	29.75222034105558	8.060694290412519E-4
95.0	29.23057647436042	20.58775061033397	20.477765512635788	29.70305875222462	8.486504452020235E-4
96.0	29.192653766719527	20.561943031505848	20.523311777396287	29.721230168206464	8.612561718791716E-4
97.0	29.194536396336844	20.571655946408725	20.438310467635983	29.79454335929819	9.538303202628375E-4
98.0	29.131442792078676	20.59545881273165	20.531144326357833	29.74101752848294	9.365403489032628E-4
99.0	29.166063435316364	20.62017107148661	20.476429658300216	29.736531526429737	8.043084670701341E-4
100.0	29.138268364828647	20.57922020435761	20.493395214564146	29.788248285586576	8.67930663022248E-4
101.0	29.16176851399826	20.64347420032687	20.46256447265086	29.731394731814998	7.980812090081295E-4
102.0	29.165894586914288	20.526287587031824	20.50684154849237	29.79995644087367	0.0010198366878470036
103.0	29.139835192212953	20.57970422492062	20.5003850632775	29.778755000804637	0.0013205187842916719
104.0	29.119395949272686	20.59910166870126	20.52021819642164	29.76008191248277	0.0012022731216411494
105.0	29.193531710557497	20.58592681313312	20.505846366688292	29.713652014226355	0.0010430953947338324
106.0	29.158055054067354	20.547463274755696	20.50219862219178	29.790919880818024	0.0013631681671475724
107.0	29.143036029782277	20.52312114869156	20.50615303749209	29.826698388772982	9.913952610925215E-4
108.0	29.081828082897722	20.556950779236214	20.531739336280513	29.82809848439092	0.0013833171946327292
109.0	29.123217629553928	20.596736868034238	20.523217948421564	29.755671658805248	0.0011558951850189608
110.0	29.062575154868753	20.558190445165682	20.565391033778106	29.812537877033936	0.0013054891535269524
111.0	29.11387326071719	20.619510896391805	20.54772649285437	29.717510086387875	0.0013792636487542115
112.0	29.085435005670462	20.558392931077492	20.519904060704405	29.83472501888012	0.0015429836675178792
113.0	29.037172234660552	20.570091133022807	20.565824049677648	29.82477904096642	0.0021335416725778967
114.0	29.06000620654879	20.570595650126943	20.57963650779695	29.78838290473264	0.0013787307946755676
115.0	29.09100972125036	20.60712990914074	20.535295489686796	29.765006800898664	0.0015580790234425777
116.0	29.04940785587926	20.584858182884226	20.5428239260427	29.82123345514885	0.0016765800449610867
117.0	29.038142374488768	20.599277853515897	20.619060320471025	29.742161104854485	0.0013583466698279098
118.0	29.076889802980592	20.583692440788077	20.579050568858854	29.758938919086564	0.0014282682859148262
119.0	29.050359772943768	20.602737038205237	20.51064444770291	29.834412669746264	0.0018460714018222308
120.0	28.9159690539109	20.677837576191987	20.585727015109736	29.81888200943068	0.0015843453566935042
121.0	28.898098257768424	20.735251145667974	20.578886492072222	29.78614859148523	0.0016155130061551045
122.0	28.886083391606643	20.726249380692693	20.569073457357785	29.81664969033162	0.0019440800112638817
123.0	28.862923771833877	20.738325972812593	20.55060662183078	29.846057862956286	0.002085770566464613
124.0	28.829252444292226	20.75781461309843	20.511024722201327	29.899795622120184	0.002112598287835115
125.0	28.870241739398367	20.756465473933808	20.551064015057637	29.820018353171278	0.002210418438908723
126.0	28.879169970486075	20.73601777369941	20.61527100570429	29.767117180575266	0.002424069534961582
127.0	28.95432880144739	20.723929340559426	20.60876951149991	29.710386145648183	0.0025862008450965447
128.0	28.917222229151594	20.801553496145882	20.629817646618605	29.6483663656547	0.0030402624292164542
129.0	28.927201958360087	20.843560636698122	20.610114012079634	29.61503797376418	0.004085419097972476
130.0	28.85235370237996	20.854807518893992	20.614779329843053	29.67476838596182	0.0032910629211737774
131.0	28.783568878508746	20.879553010202194	20.573585662655063	29.75982406877516	0.0034683798588369397
132.0	28.777269522303044	20.9416745387829	20.436080848688785	29.840848205635613	0.004126884589659336
133.0	29.058811635135	20.860198571753152	20.193364489943676	29.882896368939488	0.004728934228678213
134.0	29.047922922108917	20.93755784774739	20.370568603805992	29.639810723649074	0.00413990268863023
135.0	28.73199606502571	21.086893888071266	20.265636720889365	29.909957613370608	0.00551571264305163
136.0	28.481821842551845	21.35947881611873	19.99072396237812	30.162582333822304	0.00539304512900164
137.0	27.61264018282736	21.922751571071796	20.173989195832196	30.28360335688832	0.0070156933803304155
138.0	27.84069652756521	22.1473999251777	20.46619622377198	29.538905296481055	0.006802027004047206
139.0	28.000611731338722	22.471180716345955	21.189646340146155	28.332251395913165	0.006309816256011704
140.0	27.556196895278383	23.102442497093485	21.550209730039796	27.781931974740203	0.009218902848128818
141.0	26.92256203483832	23.599534639106253	21.02937192216361	28.43673801137903	0.011793392512789456
142.0	26.266390672703505	24.543476464593606	22.402969548148164	26.77805297134903	0.009110343205696718
143.0	30.339534458921086	19.79730602192597	21.578909244369697	28.28330546133666	9.448134465849718E-4
144.0	32.1538305274117	19.586856605977502	19.218341332114473	29.04097153449633	0.0
145.0	27.454043705700435	20.9212388190625	19.61025989076776	32.01125617072499	0.003201413744309487
146.0	27.887811701464376	21.007523800601515	19.597739952382646	31.504017108650917	0.0029074369005430444
147.0	28.478490556193258	20.81289783992487	20.35212094333716	30.314097881665447	0.04239277887926536
148.0	30.896500426215372	19.506182591323636	20.405019796798943	29.190322442625487	0.0019747430365623674
149.0	30.505974626523553	21.24821026964717	20.03534613634174	28.180238719300522	0.03023024818701561
150.0	21.641648722403108	29.108889605503602	22.28001373126255	26.950376742847432	0.019071197983307503
