# Position (bp)	A	C	G	T	N
0.0	26.110898000624804	24.349925287660994	25.305281080397496	24.17917391716164	0.05472171415506527
1.0	28.63041164301659	18.507593705441273	19.11986069841255	33.736776222554646	0.005357730574941964
2.0	29.988090811999367	19.853457908994773	18.81952634321452	31.334549782474554	0.004375153316786306
3.0	32.71512994210356	19.129161130186006	19.63420558604609	28.51770853737089	0.003794804293452466
4.0	33.092161759349594	18.612755760872556	20.223743412854336	28.070227436138868	0.001111630784652362
5.0	33.66571241838681	18.76043047608297	19.76957919695394	27.80230498258659	0.001972925989685806
6.0	28.527470437629475	18.82883696829279	17.881130405050214	34.75780925448421	0.004752934543311754
7.0	28.45544303668481	21.479072970020226	18.6559346324641	31.388403609305822	0.021145751525045983
8.0	28.30956136022081	20.942680533979406	18.93328372473762	31.813657072467223	8.173085949437072E-4
9.0	32.5994265698375	18.874101866831428	19.357979879004127	29.166111763466436	0.0023799208605119666
10.0	29.985827890253837	21.341421608629904	21.370663824279948	27.291013423213467	0.01107325362284327
11.0	28.86033724224238	21.306761096947387	20.233845402633225	29.584539340599996	0.014516917577015905
12.0	29.900364733163393	20.010911921649228	19.694925267677323	30.39195221200663	0.001845865503424363
13.0	30.076232319898473	19.93506019772746	19.68103362245676	30.306349249918576	0.0013246099987301715
14.0	30.073524700823857	20.068470320351363	19.854099867680482	29.999681176986215	0.004223934158079172
15.0	30.25917623081689	20.086929950669813	19.77861319936344	29.87464501600627	6.356031435860078E-4
16.0	30.328733048161048	19.991796671500907	19.886923455838833	29.789404723904372	0.0031421005948353915
17.0	30.298081255772207	20.033228246309747	19.94850757546	29.718404827159805	0.00177809529824004
18.0	30.31351991863473	19.964295959984728	19.99322688841993	29.723256087195193	0.005701145765425533
19.0	30.209413497251997	20.009553292922373	19.852608199251485	29.927633053246836	7.91957327312257E-4
20.0	30.07077238148718	20.151027866988468	19.82691407478419	29.95076534380303	5.203329371314469E-4
21.0	29.97451828362017	20.16024027712076	19.82843770808766	30.035448374757152	0.0013553564142597832
22.0	29.963116289532028	20.031515230341796	19.806752440885912	30.19797821440254	6.378248377244305E-4
23.0	30.043257858829598	19.927266561519037	19.9061256065987	30.12078099717781	0.0025689758748581155
24.0	30.06746415057962	19.96677214293298	19.935366842099846	30.02801816047937	0.002378703908187215
25.0	30.0671966328867	19.941405117255115	19.982965413175158	30.003986824400137	0.004446012282896611
26.0	30.063112170724786	19.97005382881676	19.95535769257719	30.01035302701771	0.0011232808635549566
27.0	30.0079179343385	20.004791513923994	19.9425337217274	30.043879156193277	8.776738168265781E-4
28.0	30.01412796619835	20.000873330027318	20.004364013447464	29.979131777532466	0.0015029127944079458
29.0	29.9899329156397	20.017658766798597	19.959598166307224	30.031005751370593	0.0018043998838846668
30.0	29.984559352744256	19.988596458708237	19.968291078913445	30.05753842886506	0.0010146807690039083
31.0	30.01399767271446	19.969929058294806	19.962151099517722	30.052897784149895	0.0010243853231141243
32.0	30.002860110179245	20.006198875161214	19.985737859674366	30.00395776610031	0.0012453888848672694
33.0	30.050874408477103	19.9693000510259	19.980455349109075	29.996458825925092	0.0029113654628328436
34.0	29.960147098843514	20.033029465574927	19.980524486930932	30.02446432468308	0.0018346239675453239
35.0	29.949560122293928	20.03171980957877	19.939495835130792	30.076861347042595	0.002362885953910749
36.0	29.978411196765386	20.000357362362692	19.981360182005428	30.03790994205957	0.0019613168069249312
37.0	30.00661295030495	20.006177169811252	19.932548953360648	30.054293166655395	3.677598677559435E-4
38.0	30.01405066071249	19.956308909081432	19.939543831052127	30.089215567258233	8.810318957220238E-4
39.0	30.011188053404563	19.99587075012343	19.9314118589281	30.060802430967833	7.269065760744829E-4
40.0	29.960510082591043	20.00578503399001	20.007144429663214	30.02436404369239	0.0021964100633457308
41.0	29.974951452510496	19.981845344650623	19.950190810687886	30.09232129783529	6.910943157085119E-4
42.0	29.94522660767476	20.044614821512127	19.97147795195347	30.036823155345875	0.0018574635137746198
43.0	29.945872966657934	20.00690614991376	19.977289519926604	30.067314340855013	0.0026170226466920416
44.0	29.93438900287054	20.009022750742588	19.993242663665324	30.06269358836961	6.519943519355479E-4
45.0	29.933642194957056	20.00524819416058	20.00988800359145	30.047542966524155	0.0036786407667609537
46.0	29.95591439510553	19.97030373403246	20.03691971502492	30.036185797210855	6.763586262298258E-4
47.0	29.969269763351498	20.00470672767926	19.965260566715354	30.059886054830226	8.768874236622058E-4
48.0	29.952774590416613	19.990463458344315	19.977322832307156	30.073844458278458	0.005594660653457284
49.0	29.973137708986343	19.988319967442557	19.98917960750465	30.041296862532143	0.008065853534310927
50.0	29.962374154153775	20.019588464054586	19.979388580082073	30.037710013100806	9.387886087606027E-4
51.0	29.963835790251974	19.988281407784974	20.0005584549853	30.043481298974335	0.0038430480034245314
52.0	29.949620191132663	20.000070326082838	20.03450687118359	30.015226371450783	5.762401501272886E-4
53.0	29.98146220053127	19.99545949063503	19.95554952818111	30.06516706984481	0.0023617108077818015
54.0	29.93719627020016	19.994923706022067	20.000016186367848	30.06692533935109	9.384980588342722E-4
55.0	29.909965224977388	20.02114657462992	20.001934191211795	30.064511690924924	0.002442318255979392
56.0	29.92609029428178	20.00307699647913	19.98680035775755	30.083197010291983	8.353411895555758E-4
57.0	29.932009506309292	20.00172930941578	20.020145168845318	30.040179158839	0.005936856590618816
58.0	29.9602881676135	20.010349874107558	19.982231573606317	30.04430974996567	0.0028206347069572794
59.0	29.977454775488322	20.00660429997336	19.98609216203041	30.029180419582534	6.683429253678794E-4
60.0	29.977665426348604	19.993140828848908	19.977000208413884	30.048385519232617	0.003808017155986337
61.0	29.955087323639173	20.0253049509376	20.00845737105301	30.010122328858262	0.001028025511949973
62.0	29.9642700545595	20.000626593209702	19.985336512073822	30.047989957740214	0.0017768824167671514
63.0	29.97146515741138	20.02751368875419	19.961736418689817	30.03629688518791	0.002987849956701645
64.0	29.962151419088812	19.993580842891433	19.994822292685225	30.04793591897858	0.0015095263559472083
65.0	29.92609326651836	20.00973344815927	19.98462560528721	30.07218616800042	0.0073615120347364825
66.0	29.904398830262064	20.008314079508125	19.995993063988312	30.06869507391751	0.022598952323988408
67.0	29.937074892761316	19.99143961832993	20.01253672782819	30.056788087822493	0.0021606732580705247
68.0	29.91864139646771	20.05533278403723	19.968701982113263	30.052958538328355	0.004365299053440736
69.0	29.92298998544149	20.041615273133807	19.977227568398874	30.054758706757468	0.0034084662683639597
70.0	29.941744029818445	19.98657458791403	19.94908583951794	30.12221014591497	3.853968346192066E-4
71.0	29.872051918368975	20.045692948986556	19.983741663186915	30.085676146183605	0.012837323273945345
72.0	29.92849365946545	19.99796506962111	20.015001469002996	30.052952123259306	0.005587678651136327
73.0	29.90043010446774	20.029637299924815	20.007322620895348	30.057272330894243	0.005337643817853492
74.0	29.928908091046257	20.01716269853599	19.99190448621565	30.059702656256036	0.002322067946062875
75.0	29.902493423216313	20.043541373814122	20.014637298946173	30.034543894354375	0.004784009669011454
76.0	29.90541032829528	20.032765900280925	19.98741285272691	30.073582492487578	8.284262093078978E-4
77.0	29.90959106451142	20.052296776651975	19.991214824403766	30.045676255666937	0.0012210787659082587
78.0	29.91356119782136	20.037158592952707	19.9974069482881	30.05014995716855	0.0017233037692833643
79.0	29.939616493233444	20.04404120889734	20.00339833652802	30.01079867236597	0.0021452889752290854
80.0	29.967496663375027	20.001391956055382	19.96240223709596	30.068136082806436	5.730606671921107E-4
81.0	29.88497339307089	20.039107214324222	20.018968189767836	30.038695839939056	0.018255362897994308
82.0	29.89125835406131	20.029446653001866	20.019434169793147	30.055522525716015	0.004338297427660142
83.0	29.912070668437963	20.060004081917167	19.955695676782888	30.06809541358312	0.004134159278859291
84.0	29.914080363666418	20.0396170885416	19.997812819163265	30.04500897791894	0.0034807507097759463
85.0	29.899304810691156	20.03724649399695	19.999870344482922	30.062162243168416	0.0014161076605531003
86.0	29.872368723226106	20.0632060082365	19.984334843695336	30.079528156901052	5.622679410033356E-4
87.0	29.892621711924022	20.03665568708694	20.005950097116674	30.064520180195686	2.523236766804338E-4
88.0	29.903516019937538	20.050868724336055	19.99023858491408	30.051056378540476	0.004320292271847938
89.0	29.872437135416856	20.0603289634647	20.000474476033528	30.066130991286023	6.28433798893214E-4
90.0	29.89776146674047	20.05164896146935	19.98402598170694	30.066406466352014	1.571237312322748E-4
91.0	29.847137622351315	20.06426334911299	20.01019700268686	30.07819135105284	2.1067479599614435E-4
92.0	29.85954615775891	20.07330754122437	20.018162663440908	30.048653819603892	3.2981797191527823E-4
93.0	29.87732507047417	20.086469217823286	20.014247298999813	30.021177998380256	7.804143224806357E-4
94.0	29.889880675697576	20.05868238350009	20.013265743761195	30.037829055935923	3.42141105212537E-4
95.0	29.906540079956578	20.08950313211914	19.98278077994512	30.02091950135945	2.5650661970793047E-4
96.0	29.882781171522826	20.069445097550183	19.99246022867105	30.055113586710696	1.9991554524331296E-4
97.0	29.862875258637196	20.095630166794557	19.953423076632063	30.087347988485075	7.23509451108073E-4
98.0	29.838380381921425	20.117772180859326	19.989667855225886	30.05293274372514	0.001246838268218939
99.0	29.8672229173231	20.08689422680446	19.990804659961597	30.054813326896724	2.648690141159573E-4
100.0	29.841303021097453	20.074586744304447	20.006983599625958	30.075214019	0.0019126159721380943
101.0	29.854942325461987	20.081063692152117	20.00098627421519	30.060515547841703	0.002492160329004699
102.0	29.8437824958107	20.08241234167364	20.01255913009203	30.060868897321058	3.771351025773838E-4
103.0	29.855376853699212	20.070258729054938	20.03329101523972	30.04085135769174	2.2204431439634616E-4
104.0	29.825195476800854	20.115910186180603	20.00895044213972	30.049749630005618	1.9426487320385193E-4
105.0	29.853613459377392	20.10089411570147	20.025822673460343	30.019487352587287	1.8239887350455724E-4
106.0	29.86431719762614	20.067426670163456	20.022802939751287	30.044950814407752	5.023780513613019E-4
107.0	29.83588674996021	20.073299654370988	20.036743795562398	30.053626960629032	4.428394773680495E-4
108.0	29.817224836378482	20.097360688939414	20.050209428106463	30.03502262577797	1.8242079767593738E-4
109.0	29.855845655207737	20.0768141230635	20.0128259149017	30.054280508638293	2.337981887744935E-4
110.0	29.795889041649172	20.102004094242332	20.04151538805947	30.06015129361342	4.401824356112683E-4
111.0	29.848751949498407	20.07439088940359	19.99864281117949	30.07785834800837	3.5600191014194125E-4
112.0	29.846152701782387	20.059650587990177	19.988014625608475	30.105769857213954	4.122274050097978E-4
113.0	29.816749005010912	20.069004151782654	20.042704281329097	30.071138005067112	4.0455681022107635E-4
114.0	29.828403107560774	20.106475108567217	20.024739541930558	30.04006666772842	3.155742130248108E-4
115.0	29.847064089292136	20.077362060682542	20.071753295538507	29.99355695882529	0.010263595661527547
116.0	29.81162174769716	20.125088116768346	20.055905403292254	30.00710400049617	2.8073174607356214E-4
117.0	29.78927760980194	20.09037307568983	20.04322172725178	30.07388027491597	0.0032473123404792806
118.0	29.769964256342096	20.121297163082133	20.055035893051105	30.052842857067123	8.598304575438854E-4
119.0	29.81821519086968	20.10976126586161	20.015991022610194	30.055782396466213	2.501241923033777E-4
120.0	29.78048487870198	20.109610779881613	20.0697751403597	30.039679891440755	4.4930961595260576E-4
121.0	29.801612958162327	20.135376747012952	20.091088433541913	29.971557941220052	3.639200627595312E-4
122.0	29.77002539016039	20.14702918147017	20.05823432330452	30.024461788226358	2.493168385566702E-4
123.0	29.769711209922306	20.106098295716148	20.080775371096653	30.04316669067863	2.4843258626023706E-4
124.0	29.75005486749318	20.082901538892127	20.055387189478584	30.111322478154523	3.339259815830993E-4
125.0	29.729275704903685	20.115890761356013	20.06641710787837	30.087788176756536	6.282491053954361E-4
126.0	29.756096305311207	20.120062778140788	20.079335680910596	30.04409879689681	4.0643874059498336E-4
127.0	29.823948555055736	20.07188124093294	20.0754306534692	30.0207835015219	0.007956049020225101
128.0	29.899635226037557	19.994274342070632	20.1509870404811	29.953912417074996	0.0011909743357135637
129.0	29.77234356383322	20.0212948785417	20.240780877068833	29.963576170565677	0.002004509990569977
130.0	29.683472483326316	20.003109998993544	20.25010704906571	30.06283758483437	4.728837800626997E-4
131.0	29.613720609920225	20.052005334544354	20.15480376914661	30.17846668925519	0.0010035971336236533
132.0	29.459183456937865	20.192555503509656	20.10421470148058	30.241631981168176	0.0024143569037213134
133.0	29.46320541454025	20.151409800087674	20.189600419109777	30.195496647881054	2.8771838124843404E-4
134.0	29.487828944753364	20.09075905271845	20.14491383856333	30.27578549533441	7.12668630446826E-4
135.0	29.58256939651575	20.011017595008045	20.20960905915173	30.193828456312005	0.0029754930124631603
136.0	29.684262705885217	20.05716533261968	20.229664906860002	30.027761558361515	0.0011454962735891136
137.0	29.934129789494452	19.966861838792806	20.13686032458428	29.961650850411175	4.971967172872017E-4
138.0	30.007004261975744	19.951006419477686	20.24694401512267	29.7938880650649	0.0011572383590065128
139.0	29.285110315038708	20.49249160005974	21.38364891250964	28.832691080146933	0.0060580922449768124
140.0	27.293418665694492	21.442866602182978	21.35462373080218	29.890798514960675	0.018292486359674922
141.0	29.007272016778124	19.603456770562797	19.203579775035763	32.185260347180666	4.3109044264991425E-4
142.0	31.308550556885738	19.279256287940676	21.066445850316548	28.34498894172478	7.583631322559326E-4
143.0	31.066813166571844	18.973171528705155	21.48617458954438	28.464222048727482	0.00961866645113885
144.0	33.9075317229467	18.37515224761995	19.077318344997785	28.6355691250758	0.004428559359763385
145.0	27.663579737836212	20.100609787421277	19.041073395023027	33.19453031720397	2.0676251551624784E-4
146.0	27.93927748717988	20.42374008727756	18.918200883012634	32.718558251583794	2.2329094612753812E-4
147.0	28.268226040741844	19.929028232573234	19.427527794064684	32.37213461024394	0.0030833223762953654
148.0	30.804596454698196	19.18093273460694	20.0397940217119	29.97441330721423	2.6348176872741856E-4
149.0	32.840194708188	19.647385526402648	19.063144367516177	28.447394976724418	0.0018804211687558337
150.0	23.811637769673393	25.532635534862987	24.203376554059915	26.40360098804426	0.048749153359443985
