# Position (bp)	A	C	G	T	N
0.0	26.43955579284857	25.29900499698349	34.047107397009945	14.204281534454651	0.010050278703341946
1.0	27.51045975885593	18.447595935846852	20.240329876914075	33.73706938047856	0.06454504790458318
2.0	30.025358437788462	20.104659865543148	17.03945524365015	32.83052208750485	4.365513381994518E-6
3.0	32.3029470126711	19.572036042163866	20.019604914662192	28.105379422744598	3.260775825001065E-5
4.0	34.64019887715152	18.244815117099602	20.553431783432256	26.561548159812666	6.062503965527147E-6
5.0	35.50444140638984	18.057305363304156	20.26816231883728	26.169572620260528	5.182912082020885E-4
6.0	29.15491888761163	17.143716388665688	17.551982197927	36.14938037534638	2.150449294876493E-6
7.0	27.57969984806491	22.034150062580814	17.89791271277231	32.48823394408715	3.4324948191853974E-6
8.0	27.22643309252216	21.26395338368751	18.55718809231294	32.95241772060323	7.710874159184862E-6
9.0	33.206937743761266	18.674951567203326	19.126583666959863	28.991524455731323	2.5663442219112716E-6
10.0	29.677649691321374	22.258005046680683	22.188664361491686	25.87567577561113	5.124895124893545E-6
11.0	28.179463349762578	22.233577720524277	20.66679909992031	28.920155990240985	3.839551851603403E-6
12.0	29.87143245586255	20.292187461185073	20.037225081860885	29.799151165545503	3.835545988074937E-6
13.0	30.236946549192155	20.04736415694584	19.92638845052741	29.78929062550416	1.0217830435972431E-5
14.0	30.284953131801117	20.22246295137764	20.033551089055287	29.459019217156087	1.3610609868502836E-5
15.0	30.636997375876984	20.203757703635112	19.82494835319951	29.334294867583743	1.6997046474225314E-6
16.0	30.91492781697645	20.010348287631242	20.0919993944102	28.982717282885677	7.21809642671151E-6
17.0	30.892636320705652	20.082178384591952	20.205539257586917	28.819641794454864	4.2426606203322215E-6
18.0	31.14196204611548	19.73271933563641	20.474172739703327	28.651139943556654	5.93498813152868E-6
19.0	30.771207639085098	19.95304541591989	20.049181984642136	29.226559872640305	5.087712567439909E-6
20.0	30.357555649448788	20.38460293773111	19.955794205527333	29.302039574769395	7.632523376171748E-6
21.0	30.073796668102045	20.480897816123118	19.867062315134092	29.578234718084733	8.48255602010415E-6
22.0	30.02809383922588	20.217296589105608	19.79807366652371	29.956532935407807	2.969736992752429E-6
23.0	30.21818882282864	19.972348542497837	20.08549912001964	29.723941023305755	2.2491348130048947E-5
24.0	30.234900040762223	20.03098970064043	20.202559297790497	29.531545441669653	5.519137198546159E-6
25.0	30.29361382200711	20.004097267746594	20.1749331327076	29.5273460087907	9.768747996397931E-6
26.0	30.279863459358836	20.00835919922966	20.142812101469975	29.568839887221817	1.2535271971358359E-4
27.0	30.23439733687926	20.038591006451455	20.164204318375234	29.56280478751962	2.5507744297838355E-6
28.0	30.244149059164112	20.011280818264776	20.246354579766233	29.498210013158815	5.529646068070088E-6
29.0	30.198430943880318	20.02688443291681	20.18140961780889	29.593010295979088	2.64709414899332E-4
30.0	30.206749034948388	20.01932429413003	20.226582787819382	29.547189941020097	1.5394208210179846E-4
31.0	30.217837230981637	19.944634104926163	20.174391623012596	29.661207950056273	0.0019290910233331826
32.0	30.304701316774928	19.948857148242883	20.22422078972332	29.52215952422644	6.122103242832279E-5
33.0	30.37361518660362	19.89182281929726	20.21048226337057	29.52407072246946	9.008259093660606E-6
34.0	30.20566991475671	19.95247542421037	20.235561563761152	29.60621057589648	8.252137529264465E-5
35.0	30.18410044216393	19.99565657053352	20.178779185410384	29.64146078669856	3.0151936079721856E-6
36.0	30.24961243258811	19.90295704134232	20.248240761615126	29.599187174441283	2.5900131665045994E-6
37.0	30.22554401494911	19.98990680753649	20.163785541338914	29.620753685835293	9.950340188287086E-6
38.0	30.28001273740008	19.866431160472402	20.15704401788881	29.696487804355648	2.4279883056810396E-5
39.0	30.312449174489313	19.902259204011568	20.147848028188854	29.63742099876302	2.2594547241402832E-5
40.0	30.227334176147245	19.942803174603537	20.233676924105872	29.596181370296073	4.354847274678656E-6
41.0	30.29100950786464	19.883966546752653	20.160804972692432	29.664215044498725	3.928191541273264E-6
42.0	30.218049920722294	19.968523823847097	20.232531458667566	29.580893921880445	8.748825978637877E-7
43.0	30.229324105253998	19.906086679974585	20.193639639085497	29.670851808223464	9.776746245800685E-5
44.0	30.229751069171897	19.901851825095136	20.223047223485743	29.645346366766645	3.51548057691708E-6
45.0	30.25877347368186	19.881910473637088	20.236587438701033	29.622224297822115	5.043161579047453E-4
46.0	30.25902861919092	19.837990825297133	20.270317091769616	29.632661256306708	2.2074356215087087E-6
47.0	30.19930344877226	19.897182767288196	20.222064618586945	29.681369510440692	7.965491191018608E-5
48.0	30.24886276109732	19.871980758970082	20.2336651832029	29.64548907881104	2.217918661568062E-6
49.0	30.338890074870417	19.879824250595426	20.193779159596076	29.58748028110873	2.6233829350869814E-5
50.0	30.291450419801098	19.88205198189923	20.16861743260285	29.65787882858244	1.337114377829114E-6
51.0	30.292244328183195	19.842392983089013	20.198900257290816	29.66646109106649	1.34037048689159E-6
52.0	30.23353040537514	19.848134363092736	20.280493089053913	29.637831393224403	1.07492538047163E-5
53.0	30.283205745728726	19.85611341587119	20.19716029357713	29.66310026705464	4.2027776831229826E-4
54.0	30.283832384787303	19.83708436337702	20.227576780241254	29.651505121270873	1.3503235544026794E-6
55.0	30.245302057396273	19.89840718028256	20.159250362981478	29.696801075853895	2.3932348578901654E-4
56.0	30.234695583595826	19.90408623292293	20.152571137320468	29.708646593481962	4.526788087858547E-7
57.0	30.254298098253624	19.89406741670799	20.190118588073197	29.66151544312103	4.538441642282489E-7
58.0	30.275240661431962	19.9235557886985	20.127146580941787	29.674049686497998	7.282429753193313E-6
59.0	30.30790022114348	19.898728205978102	20.128191942171235	29.66510297152878	7.665917840343024E-5
60.0	30.32453459437388	19.897058701144516	20.143543711993743	29.63486116243334	1.8300545214875693E-6
61.0	30.280371602658303	19.93781899306298	20.12885711484467	29.652950454698956	1.8347350900539583E-6
62.0	30.282185240465324	19.90976845079806	20.12576424128753	29.68228068772803	1.379721051309177E-6
63.0	30.35016079469116	19.900314203869293	20.111031891974253	29.63769304296247	8.000665028188879E-4
64.0	30.318021071691646	19.859009053524552	20.143178734313828	29.67959371340057	1.9742706940025696E-4
65.0	30.299373013677698	19.907005112446726	20.10787338714688	29.6857480231316	4.635970908095743E-7
66.0	30.267085189683673	19.89343835814881	20.139850115547393	29.699626336620128	0.0
67.0	30.290976061541297	19.887883910298665	20.135995997788893	29.685144030371152	0.0
68.0	30.27485944057021	19.920944281005617	20.108793684515888	29.695395583433772	7.010474513548431E-6
69.0	30.292452179108537	19.884282291385833	20.14825218940588	29.675012402784862	9.373148832396692E-7
70.0	30.306192269945985	19.864619076370833	20.09984781359968	29.72933285067933	7.989404170210496E-6
71.0	30.211571894907596	19.92151538346517	20.139387451374212	29.727523856411292	1.4138417292030857E-6
72.0	30.307581466724926	19.85846513385792	20.154853815199488	29.67526932292735	0.0038302612903202177
73.0	30.2397366392875	19.925151777876362	20.14795003123772	29.687153967154533	7.584443882763705E-6
74.0	30.299779917341006	19.90598185343191	20.080580449121026	29.713378232184297	2.7954792175683774E-4
75.0	30.283960956903222	19.885806056708365	20.130809469691354	29.69942351669706	0.0
76.0	30.239747280197427	19.933455779013094	20.13608914959638	29.690707791193105	0.0
77.0	30.295836726682445	19.916125307715816	20.112128078564197	29.675909887037538	0.0
78.0	30.270339318821993	19.905072233139848	20.140834715978567	29.683753250930323	4.811292681278081E-7
79.0	30.295668052475534	19.887921363719784	20.144675036806294	29.67136684219139	3.68704806997608E-4
80.0	30.347204407936	19.855027919633713	20.11282823403263	29.68493895431379	4.840838647025099E-7
81.0	30.28411076963522	19.887153260663144	20.16242617056802	29.666295232913686	1.4566219936724048E-5
82.0	30.24822078942081	19.871167692560597	20.189819479199013	29.690782784464858	9.254354721851845E-6
83.0	30.28964203663953	19.919070334378542	20.088732805463046	29.702554334937087	4.885817946019724E-7
84.0	30.30413062394426	19.907458231781497	20.13191086615167	29.656498807780395	1.4703421764139186E-6
85.0	30.30851532374455	19.90067081917159	20.101219956242154	29.688801857783943	7.920430577615272E-4
86.0	30.253601869758857	19.89103805961741	20.12750518846008	29.727232923438855	6.219587247967935E-4
87.0	30.304922532786737	19.85609018699545	20.15255320579942	29.68643258992852	1.484489871681883E-6
88.0	30.314797501762037	19.883164024297805	20.113816018722183	29.688201108204865	2.134701310830219E-5
89.0	30.270607339492923	19.91858747065742	20.11323504655629	29.697569645255665	4.980376990931227E-7
90.0	30.299354833951135	19.905767499951114	20.10659056579932	29.68619131018759	0.002095790110847958
91.0	30.250878035721374	19.914581988753053	20.12227956234597	29.71226041317961	0.0
92.0	30.28750692281792	19.902067874708447	20.1260535804814	29.680219704597494	0.004151917394743423
93.0	30.258815537149676	19.928779905448323	20.132184840337857	29.680219717064148	0.0
94.0	30.286407047991386	19.894400034227317	20.10658215771211	29.711936180475853	6.745795933372888E-4
95.0	30.286330073465173	19.955730320557784	20.122047794705544	29.635891811271502	0.0
96.0	30.29781692007525	19.902214255097633	20.127512799798712	29.672446847462137	9.177566267280056E-6
97.0	30.281943423265716	19.887707724662533	20.108214285328746	29.722134566743	0.0
98.0	30.24685971677395	19.937086673818303	20.098749616343024	29.71730399306472	0.0
99.0	30.24793969023228	19.940966119735165	20.125137042163537	29.684779930304494	0.0011772175645250078
100.0	30.2406786279745	19.954462425485183	20.124228619446583	29.680630327093738	0.0
101.0	30.318170984101805	19.949861447655866	20.082025901974713	29.649941666267623	0.0
102.0	30.263189178427847	19.932252806296134	20.113589060409176	29.69096687157176	2.083295085337626E-6
103.0	30.25919954995701	19.925801098687057	20.080287483275075	29.73362979271111	0.0010820753697486825
104.0	30.251334888422637	19.951998266527106	20.099724123951415	29.69583180308794	0.0011109180109028234
105.0	30.29995186391612	19.921490134631124	20.124740332148356	29.653815562369683	2.106934711181548E-6
106.0	30.310413589845904	19.917466058502615	20.110696182941872	29.661424168709612	0.0
107.0	30.257907411183027	19.942181994361807	20.114618876466075	29.68529171798909	0.0
108.0	30.272064694459267	19.919545729211706	20.114340115690837	29.693843304772916	2.0615586527659868E-4
109.0	30.278851037944175	19.935212153848017	20.107725299891683	29.678193860897185	1.7647418944121343E-5
110.0	30.21803594339018	19.94660824342579	20.111342352951553	29.724011312824484	2.147407995069465E-6
111.0	30.30394718569286	19.9218098470804	20.10023473958392	29.674004993892066	3.233750751449568E-6
112.0	30.220274765657834	19.94789065262336	20.10015204872919	29.731025592434296	6.569405553214836E-4
113.0	30.2251641689928	19.942835511959295	20.08441763742321	29.747582681624696	0.0
114.0	30.276723387825143	19.954694488053008	20.080910569666198	29.687626283851166	4.527060449292751E-5
115.0	30.308098915174565	19.919511801307255	20.06990943802989	29.7024798454883	0.0
116.0	30.227101146056544	19.960856262790376	20.10943431097089	29.70260828018219	0.0
117.0	30.271640202415995	19.923930388637878	20.13236592562303	29.672063483323097	0.0
118.0	30.273120678308313	19.938405950355897	20.128893813060152	29.659579558275635	0.0
119.0	30.261554514413554	19.95214431460602	20.069406575323484	29.71687844674509	1.6148911855970328E-5
120.0	30.242187356036847	19.967473467577726	20.085946081208846	29.704393095176584	0.0
121.0	30.232555984435244	19.986528806522283	20.108164262810448	29.672750946232025	0.0
122.0	30.244546176295938	19.966314188218067	20.078324035992352	29.710809395055616	6.204438026623886E-6
123.0	30.249969974869533	19.97021903615932	20.104115822224035	29.67569516674711	0.0
124.0	30.19677001669765	19.991453577273127	20.078149777722732	29.733626628306492	0.0
125.0	30.218107144426394	19.98410318081475	20.112145995586136	29.685643107496862	5.716758555366423E-7
126.0	30.21975442415715	19.972205477155363	20.124782279425794	29.68117149527455	0.002086323987147578
127.0	30.242541308091532	19.93216371207974	20.129722324025597	29.695572655803133	0.0
128.0	30.23265584452572	19.981560735881455	20.111998706252646	29.67378471334018	0.0
129.0	30.24994539501453	19.972749678563606	20.110850889363217	29.66645345413913	5.82919513912744E-7
130.0	30.23362883986066	19.95104396718692	20.10556598631393	29.708932774010467	8.284326280241122E-4
131.0	30.253329297421633	19.958620246710648	20.0885249769612	29.699520768458694	4.710447829811897E-6
132.0	30.263479015619932	19.998590435464237	20.11270384656703	29.622476346958436	0.0027503553903648298
133.0	30.26983082801195	20.035782949072434	20.099354198128562	29.59502964535639	2.3794306642262195E-6
134.0	30.22224589393931	19.997490115048492	20.113755701366475	29.666494537834325	1.3751811397565859E-5
135.0	30.19228916539438	19.97483982063496	20.140203265452467	29.692667748518197	0.0
136.0	30.225306032386463	19.97389642533403	20.124404344614515	29.676380506723433	1.2690941561259936E-5
137.0	30.22868785391517	20.010065534990453	20.12380973845584	29.637432619064953	4.253573580597536E-6
138.0	30.226219186214248	20.01134934206424	20.110953229114596	29.651365190395445	1.1305221147114024E-4
139.0	30.201676323055064	20.031869778908394	20.09890895730201	29.667543711413497	1.229321030075382E-6
140.0	30.190071279411555	20.031935142005434	20.052435366653445	29.72555512054243	3.0913871351466847E-6
141.0	30.21579192667535	20.002281219215106	20.099796123187904	29.682130730921642	0.0
142.0	30.18325553347606	19.994722062492034	20.112196938231406	29.7098254658005	0.0
143.0	30.123999524012053	20.083645175189027	20.08440907533543	29.707946225463488	0.0
144.0	30.33448962246259	19.991021050983814	20.072730729493905	29.601758597059693	0.0
145.0	30.27616100162821	19.95160788887175	20.21153668715101	29.56069442234903	0.0
146.0	30.44302427714915	19.89735190924361	20.143064299549557	29.51655951405768	0.0
147.0	30.406788802770745	19.877417945765664	20.12150796513308	29.594285286330507	0.0
148.0	30.30963916370168	20.04946574730605	20.10503253642021	29.53560603624304	2.5651632901687715E-4
149.0	30.29734867639751	19.976204257872183	20.260012345108038	29.46643472062227	0.0
150.0	30.01435759530836	19.949671071847206	20.469761087361576	29.566210245482853	0.0
