# Position (bp)	A	C	G	T	N
0.0	26.10574929683864	24.64338546343936	24.146965785889368	25.092117276178318	0.011782177654317733
1.0	28.46543300034803	18.842970137099407	18.888900237481028	33.781850043968944	0.020846581102586557
2.0	29.617906013801537	20.125158611200565	19.312608220385037	30.9378272199079	0.0064999347049618395
3.0	32.83083585938008	19.185046992198064	19.80041954761779	28.183294673639832	4.029271642404875E-4
4.0	32.53920978398558	18.908873621047743	20.506105172341147	28.045202672514346	6.087501111842757E-4
5.0	33.3672092480178	18.977425734566143	19.982395386101352	27.67081335954173	0.0021562717729847326
6.0	28.066094692960448	19.27313681273936	18.075192235633907	34.57477369203217	0.010802566634122013
7.0	28.386674153336173	21.3856410286491	19.141869392409752	31.082432188882752	0.0033832367222275243
8.0	27.895976977452268	21.149942262248253	19.174419645193296	31.775540630204972	0.004120484901211331
9.0	32.365205858870695	18.95871251507355	19.52632380770337	29.14771395707786	0.0020438612745246935
10.0	29.864783498031894	21.407852232625444	21.613547339462215	27.11338037195799	4.3655792245889406E-4
11.0	28.72560371281519	21.409835292830117	20.427542585365067	29.436598819418275	4.1958957135203307E-4
12.0	29.667594753253262	20.128499301960865	19.873692618274774	30.329398808396967	8.145181141289957E-4
13.0	29.820223843381083	20.10538093962812	19.810615533007624	30.256657305873606	0.007122378109564024
14.0	29.816021955231793	20.211042076439824	20.002600377221498	29.970084522591023	2.510685158592016E-4
15.0	29.985094063253054	20.229726823801652	19.952048099893887	29.83219350372499	9.375093264148953E-4
16.0	30.022491304947568	20.157304694457707	19.998926554893917	29.817962869607605	0.0033145760931997665
17.0	29.97990282585427	20.19186544906104	20.05290365080463	29.770804852265805	0.00452322201425459
18.0	29.946204691926226	20.18212315125731	20.056369801975624	29.81041390017128	0.004888454669560436
19.0	29.90687239862809	20.197238156000726	19.969026587835394	29.926392045792532	4.7081174325883264E-4
20.0	29.84390147212428	20.256657371898235	19.958302991925265	29.940594145404138	5.440186480814342E-4
21.0	29.837574559254282	20.23336986685946	19.978474946565	29.949984045185406	5.965821358531868E-4
22.0	29.805829419365974	20.137670056964282	19.980442981095774	30.072662974260574	0.003394568313395713
23.0	29.848150189952392	20.064846992108635	20.021519531419887	30.064859332153198	6.239543658895167E-4
24.0	29.865446525363364	20.099157121829077	20.039745451146228	29.99318037017425	0.0024705314870804226
25.0	29.89319122458763	20.073428564618062	20.09625007881705	29.935426591787255	0.0017035401900038004
26.0	29.902318891905367	20.0917981404239	20.059966548360013	29.943228940332272	0.002687478978444633
27.0	29.84711396955139	20.12772080148916	20.055376081957807	29.964135341425624	0.005653805576009118
28.0	29.8357016440388	20.13028944547974	20.099317981832172	29.934434407227617	2.565214216725015E-4
29.0	29.810449427490738	20.137190695139797	20.062489774498978	29.989424700521063	4.4540234942559183E-4
30.0	29.78751486971583	20.118774568105067	20.068047489827173	30.02544377333813	2.1929901380180858E-4
31.0	29.83716123461715	20.09753350127538	20.064232707812177	30.000863434177642	2.0912211765140048E-4
32.0	29.822161469265197	20.147783701861965	20.083110707090217	29.946370257360417	5.738644222066309E-4
33.0	29.893778618112087	20.1100507824542	20.08109206121734	29.901393332201533	0.013685206014843495
34.0	29.792587975082046	20.18270209566449	20.089915255891423	29.93464099622587	1.5367713617180892E-4
35.0	29.773688716263084	20.178714586787315	20.05720804653456	29.99009787460637	2.9077580867244336E-4
36.0	29.80914968782193	20.136620637417398	20.092313690982927	29.96155558697638	3.603968013684964E-4
37.0	29.85547720421531	20.138443725763278	20.028912169460224	29.976483985321018	6.82915240176171E-4
38.0	29.857367432582667	20.0750745147593	20.063735354139954	30.002574845469997	0.0012478530480826235
39.0	29.838942382079587	20.154492397405757	20.04721186626062	29.958271374083285	0.001081980170747754
40.0	29.787424573948684	20.1514341581999	20.114012093393494	29.934014406861344	0.013114767596579088
41.0	29.80564188362881	20.11225499197682	20.047055934041882	30.034780200919442	2.6698943305288535E-4
42.0	29.775571216965652	20.18634351295804	20.078978595286628	29.958844005403446	2.6266938623405623E-4
43.0	29.786978724206804	20.12826361915143	20.079338718124063	30.00457640578634	8.425327313651237E-4
44.0	29.75904580733344	20.162171065635338	20.099350846152095	29.977992977782144	0.0014393030969873464
45.0	29.76057027254731	20.164304530791366	20.10312487362736	29.96347808222942	0.008522240804541772
46.0	29.806275720498476	20.104675269823723	20.153222325708185	29.935474519195925	3.521647736908635E-4
47.0	29.820844421377558	20.1567483925856	20.066722363242082	29.95541454847192	2.702743228395726E-4
48.0	29.811838033847483	20.113092471071166	20.063921149935837	30.01099581143641	1.525337091056523E-4
49.0	29.80903284293485	20.13235388650769	20.108581550157524	29.9486797706644	0.0013519497355353243
50.0	29.80473588208036	20.15631338800284	20.09208207665535	29.941755502420747	0.005113150840701733
51.0	29.807169588937366	20.129879716258174	20.11001110293103	29.952776635077743	1.6295679568881016E-4
52.0	29.796466918032387	20.140853660116417	20.142474352721557	29.92009827695498	1.0679217465534934E-4
53.0	29.831011048024692	20.134561877568583	20.05238847135159	29.981870251045056	1.6835201007437875E-4
54.0	29.78407637451415	20.130894432077707	20.09404123551743	29.99086500637032	1.2295152039202398E-4
55.0	29.746189573948584	20.1598415254878	20.095011752789702	29.99722048355927	0.00173666421464477
56.0	29.76318157601574	20.153425994763936	20.091164069459666	29.99196573625654	2.626235041232409E-4
57.0	29.78707920074708	20.140776745382816	20.139834705378913	29.932166207347738	1.431411434497472E-4
58.0	29.79873260025151	20.158739956025286	20.080380045779158	29.96198134094045	1.6605700359475421E-4
59.0	29.812566263722186	20.170464355590916	20.076739017185666	29.940024744716915	2.0561878432061385E-4
60.0	29.81796366261509	20.12424736544634	20.079705221470622	29.97474391955597	0.0033398309119774374
61.0	29.817924747944808	20.16151095412456	20.112131517126986	29.907796111420442	6.366693832047997E-4
62.0	29.8270429389437	20.136595106314243	20.10218796937098	29.933825516509643	3.484688614362173E-4
63.0	29.83853943315722	20.17366314750899	20.045793172901195	29.941809049617156	1.951968154356107E-4
64.0	29.829586365196693	20.11871865749166	20.08215551697316	29.96822722606593	0.0013122342725598068
65.0	29.771773703381722	20.126697772659487	20.09193639688184	30.00938950006923	2.0262700772381932E-4
66.0	29.769668312982954	20.141615233908357	20.09725188642921	29.991146138264362	3.1842841511666467E-4
67.0	29.786144272052073	20.124125741036845	20.117042735429038	29.972518771317052	1.6848016498870888E-4
68.0	29.767339319982337	20.214188795783468	20.065395601267987	29.95284775068755	2.2853227865250844E-4
69.0	29.78207894880869	20.195667176296787	20.075913184537605	29.945885333010995	4.553573459188947E-4
70.0	29.795555016405544	20.118941556897116	20.061248049132093	30.024177279120668	7.809844457638292E-5
71.0	29.74033022515249	20.176307709966178	20.092152698169294	29.990236801986885	9.725647251525203E-4
72.0	29.796089774046862	20.113720814681628	20.121584820115203	29.968467318942853	1.3727221345069491E-4
73.0	29.776097378059845	20.178148408361015	20.09295625431858	29.952703161801015	9.479745954611013E-5
74.0	29.821643837316884	20.137129849608268	20.082726548037066	29.958400408613983	9.935642379556921E-5
75.0	29.775338567904175	20.174603467009653	20.113717689955514	29.936034822822705	3.054523079519785E-4
76.0	29.75789568523798	20.152143906425255	20.08605340312253	30.00333234358223	5.746616320083779E-4
77.0	29.783055336158043	20.168838036049692	20.085626998644845	29.962321681890625	1.5794725679889494E-4
78.0	29.768057944692206	20.148882823188792	20.10358003120821	29.97890900819749	5.70192713302908E-4
79.0	29.81288661484522	20.17498192450074	20.104614318837704	29.90700755772157	5.095840947648949E-4
80.0	29.836575767583227	20.13481128808049	20.07574618176958	29.952756295231854	1.104673348535247E-4
81.0	29.760822256018326	20.175847413556873	20.13655097135007	29.926140888867664	6.384702070691791E-4
82.0	29.75964253907592	20.14099326414361	20.131454668121762	29.967491068616887	4.1846004182383915E-4
83.0	29.79956624623865	20.163738986027653	20.06724931870687	29.969344655874668	1.0079315215917336E-4
84.0	29.811659680462544	20.159179649876457	20.091828540297037	29.937112981893627	2.1914747033858158E-4
85.0	29.793743859519665	20.157858683649973	20.099247345867724	29.94900355381874	1.465571438943798E-4
86.0	29.75280746920983	20.182588927421456	20.08421723286255	29.97867919859491	0.0017071719112562679
87.0	29.77831071216309	20.150891355770735	20.10687278790578	29.96377744377512	1.477003852732441E-4
88.0	29.778537058210393	20.179259329482534	20.09836229168847	29.943744190655288	9.712996331941611E-5
89.0	29.721095237707406	20.174708058503867	20.117054825752646	29.986390574117845	7.513039182342157E-4
90.0	29.76644866686744	20.16763192308556	20.076645232019967	29.984445453923108	0.00482872410392571
91.0	29.7251822723468	20.183494851803648	20.12759015782024	29.959670202070694	0.004062515958614038
92.0	29.739541860033686	20.20623912397562	20.133064987146373	29.92104975527836	1.042735659619164E-4
93.0	29.738807839477076	20.224775427442797	20.130494288317113	29.90388920095426	0.0020332438087563827
94.0	29.766505371875006	20.179824889721772	20.11718484404965	29.93632953903203	1.553553215411841E-4
95.0	29.811906364822168	20.190286755120944	20.06928813436418	29.927743860677186	7.74885015528826E-4
96.0	29.765033671289405	20.181662572444957	20.116087403248674	29.936979567746857	2.3678527010366466E-4
97.0	29.75493196904101	20.225583588630023	20.037491306552848	29.98106597413682	9.271616393020147E-4
98.0	29.731284818076116	20.234417297534833	20.113831971670443	29.918770800265143	0.0016951124534656452
99.0	29.744462253802222	20.22035744341669	20.102925622240235	29.931899943225638	3.5473731521489E-4
100.0	29.735161153055024	20.18789494661649	20.10878172049429	29.963891186250336	0.004270993583860148
101.0	29.738909009721947	20.199428033228333	20.123715459247244	29.937093393745297	8.541040571818061E-4
102.0	29.72998417422415	20.186386391592908	20.129231255843035	29.954037580193948	3.605981459651853E-4
103.0	29.753680175116713	20.189020145190366	20.143613599657716	29.91354934317657	1.367368586284158E-4
104.0	29.707679060104	20.249732195177703	20.114373296146603	29.928014257016034	2.011915556647961E-4
105.0	29.760974255915507	20.20549271944731	20.121357650860038	29.906482606537377	0.005692767239767521
106.0	29.75440664421326	20.1836066663498	20.12362719658045	29.938178165599954	1.813272565366749E-4
107.0	29.74915664140873	20.176967258110672	20.139146831055463	29.934597511801194	1.317576239452952E-4
108.0	29.7088073660951	20.225968399877527	20.16591958115999	29.89922331300679	8.133986058601249E-5
109.0	29.784556109180983	20.19688033854105	20.108995644851753	29.90950711669418	6.079073204005794E-5
110.0	29.6926086942233	20.2240734155647	20.147987972966046	29.929470600563963	0.005859316681990647
111.0	29.741398358905013	20.202195804415027	20.112025742891586	29.944236563219828	1.4353056854691644E-4
112.0	29.73896702079697	20.1695622447271	20.069646832634326	30.02038369300527	0.0014402088363297417
113.0	29.723558156449258	20.17544114222385	20.166070140971385	29.934564258373662	3.663019818452254E-4
114.0	29.721527862985436	20.239309994923698	20.126779772655606	29.912287907715758	9.446171950624724E-5
115.0	29.765006325004332	20.18949089046942	20.188410669567624	29.8570089690444	8.314591421822511E-5
116.0	29.70614653411947	20.25854006434423	20.165992122411193	29.869258962752237	6.231637286901457E-5
117.0	29.677978521637627	20.213979896445714	20.15175619975805	29.956199171547247	8.621061135596584E-5
118.0	29.677313223184875	20.237364025250166	20.152828594145962	29.932304384279863	1.8977313913578196E-4
119.0	29.718686216250294	20.233993150537813	20.109582342506414	29.937664671212584	7.361949289298206E-5
120.0	29.703635549545538	20.224218759404554	20.16827836746833	29.9036241074566	2.432161249776716E-4
121.0	29.727629450127317	20.255880292741328	20.16462489255352	29.85144090493481	4.2445964302067715E-4
122.0	29.68427156806399	20.260121442620882	20.15810399265546	29.897391153477372	1.1184318230000261E-4
123.0	29.674275330180798	20.222031440922365	20.183264216779204	29.919358850484645	0.0010701616329901725
124.0	29.66267024858548	20.18760925322824	20.163957946538865	29.985633656058248	1.2889558916192123E-4
125.0	29.652968932475694	20.240277925299168	20.14477731586094	29.96140389197621	5.719343879909362E-4
126.0	29.69270805677689	20.23702665002423	20.17823242219456	29.89041748144406	0.0016153895602591243
127.0	29.746284996227494	20.219026168641243	20.16753137934025	29.867086007507883	7.14482831279312E-5
128.0	29.752824029907366	20.17548633087812	20.21139876352745	29.860165730724873	1.2514496218838826E-4
129.0	29.682398743835943	20.16754540718395	20.278614778041124	29.871312147400218	1.289235387663255E-4
130.0	29.665361371355935	20.13529918785043	20.32002809402773	29.878519888960913	7.914578049918801E-4
131.0	29.570216759939544	20.190090970590656	20.29569535346458	29.943742699053725	2.5421695149166593E-4
132.0	29.5110577958964	20.25938190620636	20.276658395488898	29.94050637249628	0.012395529912064074
133.0	29.48296013606273	20.25354055891887	20.306191554908953	29.957194388910757	1.1336119868948258E-4
134.0	29.47883308166284	20.24960429466435	20.24997209877547	30.021519929098663	7.059579867882645E-5
135.0	29.52737637988207	20.18673047075379	20.290447438854446	29.99427335139885	0.0011723591108412231
136.0	29.62291919270555	20.20344322240911	20.33999523589221	29.83348258920823	1.5975978490340184E-4
137.0	29.92166761794957	20.082419686532305	20.24064872238155	29.754927815667426	3.361574691490414E-4
138.0	29.970986280286127	20.091849796919966	20.339149637426026	29.596666129261777	0.0013481561061033577
139.0	29.11414211105577	20.71264278626015	21.494411091224332	28.678677170123056	1.268413366944233E-4
140.0	26.96039414250459	21.766882179646878	21.422129714009422	29.850376114187725	2.1784965138663462E-4
141.0	28.945228351224202	19.72785391826793	19.166655632091754	32.15905622853	0.0012058698861200136
142.0	31.380386007707695	19.418698717776685	21.24649380187463	27.9446281325986	0.009793340042397323
143.0	30.832858765639713	19.360548741785717	21.432665718076098	28.36911493231077	0.004811842187702888
144.0	33.93308066698136	18.45071627573211	19.39975700097029	28.215987385967463	4.5867034878569433E-4
145.0	27.416596661406533	20.310521721778567	19.004245677727937	33.26783353618899	8.024028979747059E-4
146.0	27.76606250263729	20.689226193521517	18.957491374219106	32.58704107420534	1.788554167478048E-4
147.0	27.827034741022445	19.984575700364722	19.35339141864064	32.8344003505177	5.977894544998106E-4
148.0	30.439602101695634	19.56610285176575	20.23801265153564	29.75590459336585	3.7780163712456186E-4
149.0	33.27271708757532	19.15998157765399	19.156872604883418	28.394590764224386	0.015837965662883688
150.0	24.470378573458785	24.594909854371686	24.90121408993776	26.030178509516688	0.0033189727150824285
