# Position (bp)	A	C	G	T	N
0.0	25.37962457656843	26.3113290732502	24.538512226442435	23.715807828407527	0.05472629533140731
1.0	28.109646362716926	18.317193381928348	18.391852890372682	35.17554173457874	0.005765630403307829
2.0	29.695231861015554	20.295965147842654	19.31411461289704	30.68999680247198	0.004691575772774556
3.0	32.95644663100499	19.446471015369852	19.74721139604346	27.84587927217291	0.0039916854087931565
4.0	32.81243311838614	18.9042762285078	20.64074885532578	27.641458756123267	0.0010830416570116268
5.0	33.70379357686267	18.880196140404497	20.269558977498146	27.144434790225713	0.0020165150089710023
6.0	27.754431260610062	19.175569070542576	17.97482487509281	35.09025009619576	0.004924697558794588
7.0	27.834543919785236	21.643453285478536	19.065737029525142	31.434468813839988	0.021796951371097155
8.0	27.376531152887047	21.297833660783514	19.304110198265466	32.020723235407885	8.017526560844284E-4
9.0	32.48550824943869	18.80219270638415	19.529800491177205	29.180102506240154	0.002396046759798558
10.0	29.948231621176042	21.53537845111262	21.9711146767816	26.534107329257345	0.011167921672391765
11.0	28.491502105512794	21.676347357783193	20.706596567079128	29.11066431149193	0.014889658132954828
12.0	29.54964547875524	20.264853025656652	19.956720171114362	30.226931683712632	0.0018496407611123477
13.0	29.742616187013194	20.169952272654665	19.90643074348571	30.1795472061431	0.0014535907033278001
14.0	29.773154426556786	20.297741647842216	20.11847633832276	29.806173549823768	0.004454037454469987
15.0	29.958832523980433	20.30621436528372	20.09453428938049	29.639812520493496	6.063008618566752E-4
16.0	29.993039366955564	20.23944746816972	20.212095453948645	29.551978447092036	0.0034392638340335316
17.0	29.912595589079583	20.309404262719134	20.24708187109916	29.529019525210927	0.0018987518912000371
18.0	29.874622796589577	20.299432482944606	20.255810373736917	29.56445223861501	0.005682108113877828
19.0	29.81888498161338	20.34739987773986	20.138849664525036	29.694059834131536	8.056419901874568E-4
20.0	29.71558608342083	20.43957520780705	20.114269100609558	29.729987141068108	5.824670944481514E-4
21.0	29.68486265580311	20.406654897216374	20.144944900093492	29.761922162175114	0.0016153847119107173
22.0	29.683361217520304	20.27401080510475	20.144771244189734	29.897184228041258	6.725051439564511E-4
23.0	29.731826022956216	20.18974012280938	20.221234524179795	29.854633277095775	0.0025660529588318447
24.0	29.740582604772705	20.21716791850959	20.250973179053943	29.788949612627352	0.002326685036415904
25.0	29.767485353524258	20.201959015676064	20.28763066971274	29.73830544596575	0.004619515121189131
26.0	29.78172208797989	20.21677815512314	20.241030603745518	29.759336992455342	0.0011321606961122084
27.0	29.713287277576466	20.278010454346113	20.231277438397445	29.776538735184083	8.860944958983453E-4
28.0	29.709220099526203	20.270499259108423	20.286205239162115	29.732477306233722	0.0015980959695376838
29.0	29.67789756619421	20.2748461786405	20.258607345900675	29.78688195257442	0.0017669566901925265
30.0	29.673706710550157	20.266848304965883	20.25207334026417	29.80629234210227	0.0010793021175136616
31.0	29.7197278499823	20.23057899071993	20.263325582240398	29.785327061390028	0.0010405156673445174
32.0	29.71211843784149	20.29026198422725	20.27295686518498	29.72337478101783	0.0012879317284503128
33.0	29.76854326655661	20.258852721321556	20.270158170840745	29.69957478797723	0.002871053303867298
34.0	29.66184576081808	20.306520268674262	20.282231417599	29.747554507827225	0.001848045081439781
35.0	29.652901804264364	20.315975798562025	20.23584360966388	29.79293807550215	0.0023407120075767942
36.0	29.669770000870688	20.299253890575045	20.268333257274637	29.760760330369866	0.001882520909759969
37.0	29.698573978590016	20.300420583128314	20.20893937272793	29.791661337904547	4.0472764919359565E-4
38.0	29.736237927559834	20.221043205743186	20.235175323502432	29.80668472559087	8.588176036777858E-4
39.0	29.713673493235763	20.28275674362873	20.220819796378805	29.782050300508484	6.996662482100815E-4
40.0	29.67281543672906	20.288547135788864	20.294495592193805	29.7419258516831	0.0022159836051728952
41.0	29.685107977643167	20.264151129503354	20.21952350854844	29.830547537534695	6.69846770342998E-4
42.0	29.658902444171652	20.33871231241619	20.25706983933679	29.74324929995965	0.0020661041157089143
43.0	29.6547628469754	20.287917374603623	20.25380325800169	29.80094057915592	0.002575941263361424
44.0	29.647596240285147	20.29940927769509	20.274455106402304	29.77781464257315	7.247330443050996E-4
45.0	29.62323338603593	20.30217504421313	20.295007833122654	29.775977838047	0.0036058985812879056
46.0	29.664541089414236	20.243442880252204	20.333598703075985	29.757655740799617	7.615864579574668E-4
47.0	29.677245513430133	20.304025022489355	20.239930500716685	29.777919882389043	8.790809747802308E-4
48.0	29.669326280908415	20.28892598385103	20.24074976343137	29.79566771736353	0.005330254445654848
49.0	29.67735061593908	20.28865466470153	20.270487013458315	29.755473204205412	0.008034501695666205
50.0	29.671857496721405	20.306183668428417	20.254219783826404	29.766902470268814	8.365807549616806E-4
51.0	29.672180177723916	20.28229010277311	20.27800105074237	29.76384641583087	0.0036822529297325323
52.0	29.64894147462961	20.2821544218496	20.336030174955464	29.732354439361114	5.194892042114896E-4
53.0	29.71173012463436	20.285008276319413	20.234042122514975	29.766920735606945	0.0022987409243047903
54.0	29.6372716352792	20.292966559238128	20.286420636907422	29.782369434091827	9.717344834215834E-4
55.0	29.605495661071313	20.31418756823776	20.286605587823022	29.79137240448169	0.00233877838620904
56.0	29.61865985945924	20.311955593584752	20.26436971611639	29.80423276446843	7.820663711880035E-4
57.0	29.64453193215162	20.305934524095086	20.317533237743053	29.725982971382788	0.006017334627458629
58.0	29.646690126799278	20.306330562731087	20.270437572038073	29.773744757529936	0.002796980901623951
59.0	29.669972558124535	20.306862921195773	20.271033156072445	29.751422187793942	7.091768133084159E-4
60.0	29.68158369560569	20.27168403763086	20.2739746083779	29.76893169244474	0.00382596594081196
61.0	29.670601393193024	20.31154198571227	20.312586752057616	29.704300418565072	9.694504720209931E-4
62.0	29.69042364909505	20.290144078356622	20.275716032201743	29.741772625917562	0.0019436144290218339
63.0	29.709298141040108	20.30573026273034	20.242335218146852	29.739572287495374	0.003064090587325233
64.0	29.678303393916313	20.274375008874745	20.278619325099257	29.767136426756462	0.0015658453532226167
65.0	29.615288435449887	20.30344488178421	20.286682050306627	29.786865189651344	0.007719442807927336
66.0	29.602071907814278	20.312728727431402	20.274096545154276	29.788872309124542	0.022230510475500124
67.0	29.651573444221718	20.275462465130538	20.3036542943437	29.766936964417944	0.0023728318860952915
68.0	29.625824167957926	20.373772257736654	20.24577734116253	29.75024681367285	0.004379419470046646
69.0	29.62204560038358	20.327739124361198	20.267068567355913	29.77993196960184	0.0032147382974667235
70.0	29.63615727675087	20.271006281202787	20.257682619364036	29.83475127128789	4.025513944173107E-4
71.0	29.5989121138811	20.32095401800462	20.268736702747628	29.798915963075974	0.012481202290678419
72.0	29.64321394338601	20.2729391713929	20.30046619094188	29.777359840237423	0.006020854041790199
73.0	29.614165855059195	20.335782312427654	20.293779315399043	29.750892715223575	0.005379801890534327
74.0	29.657690638085484	20.29360682661778	20.275475595227093	29.77092418205079	0.0023027580188567996
75.0	29.61420462642435	20.341210058939048	20.303794021358136	29.735868655968638	0.004922637309828436
76.0	29.595446999990273	20.32506636865453	20.26480075149541	29.813897099566777	7.887802930170642E-4
77.0	29.623596888462224	20.336460785827754	20.263128662655074	29.775509178105242	0.001304484949705583
78.0	29.596879853372954	20.313248868631153	20.287385674985895	29.800628459106576	0.0018571439034211126
79.0	29.649334322134656	20.31932252639437	20.308639470004213	29.720454510795495	0.002249170671266298
80.0	29.702781751054257	20.286825012481387	20.25223954122689	29.757587416543164	5.662786943020917E-4
81.0	29.602637968365304	20.33192988830973	20.306834961110567	29.740889199083316	0.017707983131082874
82.0	29.58160353925834	20.3081468322943	20.320616453854708	29.785327556975282	0.004305617617367569
83.0	29.642555458210417	20.337902702778504	20.23166439947363	29.783374918298804	0.00450252123864135
84.0	29.63646152103618	20.332504073304065	20.28254246113689	29.745056393919374	0.00343555060349401
85.0	29.62066957809556	20.332315711053365	20.297970984721033	29.747467791136927	0.0015759349931118935
86.0	29.587247515257236	20.349197349810463	20.269220209110983	29.793788347551285	5.465782700288162E-4
87.0	29.602266530111727	20.32735723102486	20.292004775013126	29.77813448947157	2.3697437872169548E-4
88.0	29.62318604729824	20.332525305813164	20.272565323352165	29.76770243632912	0.004020887207315932
89.0	29.554059895193085	20.346941617848394	20.294594518101487	29.803856981549163	5.469873078639743E-4
90.0	29.609698066434003	20.343977057697675	20.270615141083535	29.77552483416804	1.8490061674951116E-4
91.0	29.56789332954003	20.344356347249075	20.311675364824616	29.77586454344238	2.1041494389431353E-4
92.0	29.562550503663548	20.371922563002574	20.325508130652416	29.739736768726953	2.8203395450650254E-4
93.0	29.572245193609568	20.377361233740242	20.33035516501753	29.719286327292544	7.520803401129361E-4
94.0	29.60422506181718	20.323850811801584	20.32729648022869	29.74433350372584	2.9414242670443454E-4
95.0	29.63642633123817	20.36729369873699	20.268261464903766	29.727748800314036	2.6970480703516564E-4
96.0	29.602588267533708	20.35121983875798	20.303702984284993	29.742294497317495	1.9441210582205932E-4
97.0	29.566053331824065	20.3798272675622	20.25641032704239	29.796942008595238	7.670649761034891E-4
98.0	29.55064097922868	20.409700863609157	20.297130478429132	29.741220722343957	0.0013069563890754342
99.0	29.586177861306002	20.385968227508044	20.28759022095717	29.74001005626688	2.5363396190294273E-4
100.0	29.57393244221016	20.334993460626077	20.314229844825693	29.774954513187694	0.00188973915036943
101.0	29.58875681103167	20.356520380196756	20.325779469578432	29.726158261574703	0.002785077618440893
102.0	29.57279453311058	20.33774769864203	20.328990738396264	29.760045525870733	4.215039803954198E-4
103.0	29.598609870694677	20.33123001850917	20.348108311005838	29.72183176070102	2.2003908929703984E-4
104.0	29.54342587492872	20.418401122748094	20.307652021671547	29.73031538876884	2.0559188279964207E-4
105.0	29.5779223352086	20.373683310672735	20.336497132823673	29.711695311291493	2.0191000350085894E-4
106.0	29.592298064377154	20.35595195557946	20.31661373762186	29.734628750877086	5.074915444394336E-4
107.0	29.570008770987975	20.3408327006694	20.340465622302492	29.748194728256472	4.981777836568583E-4
108.0	29.524737930130968	20.378712060554545	20.37500336183018	29.721325265350053	2.2138213425572676E-4
109.0	29.616114032991938	20.347973340295646	20.304922171861953	29.730790329373985	2.001254764745685E-4
110.0	29.51589416632561	20.393587949473993	20.338312412796157	29.751783975576018	4.2149582822848924E-4
111.0	29.57444421491703	20.352280240689613	20.30580093925925	29.767109201820972	3.6540331313177126E-4
112.0	29.567085812472683	20.323356795214792	20.29076144615269	29.81834931277232	4.466333875167035E-4
113.0	29.545321765482726	20.338846460473547	20.36209755120324	29.75328155463121	4.5266820927667453E-4
114.0	29.551794094734586	20.408485006084945	20.324944140702534	29.714427711286152	3.490471917844494E-4
115.0	29.59653661775898	20.34732126686144	20.390700442441094	29.655770669821262	0.009671003117220058
116.0	29.53563048501676	20.42157674822609	20.3493988112577	29.693110029925528	2.839255739132968E-4
117.0	29.490071067745017	20.368454084131944	20.36217561119498	29.775859194659642	0.0034400422684167957
118.0	29.495823089175317	20.412992971400676	20.35551158929439	29.73464411343344	0.0010282366961833398
119.0	29.55362885164487	20.415560791892123	20.292558603416953	29.738028464827654	2.2328821840449494E-4
120.0	29.526924222822277	20.38465841300722	20.364792348745546	29.72322252580713	4.0248961782604566E-4
121.0	29.54573571632019	20.43721757602222	20.37115197061249	29.64555267799978	3.420590453141228E-4
122.0	29.494422103757696	20.427806308354764	20.35305514413183	29.724492879394425	2.2356436128710658E-4
123.0	29.496659258222273	20.402319024352995	20.368385186659246	29.73236348658902	2.7304417646521176E-4
124.0	29.496247677081154	20.373816636605195	20.342557443878142	29.787022760312183	3.5548212332678575E-4
125.0	29.46886589330476	20.4151606130828	20.32180095929896	29.79345170942107	7.208248924116361E-4
126.0	29.51554806842524	20.417461989470926	20.357622310432355	29.70892725510923	4.403765622504948E-4
127.0	29.565046844973885	20.390738435911544	20.355756188602296	29.680950237517976	0.007508292994292192
128.0	29.592987370129386	20.32824439688909	20.420868440290718	29.656680868783763	0.0012189239070451463
129.0	29.49792073623993	20.319727582874563	20.502667678677053	29.677598450950278	0.0020855512581758238
130.0	29.476786215342425	20.268822347286612	20.550836844543348	29.703087495964738	4.670968628773767E-4
131.0	29.385900017654155	20.333023138908253	20.518354633018053	29.761654583047825	0.0010676273717156544
132.0	29.30303777817634	20.442577114734824	20.460392211534952	29.79174226380804	0.0022506317458388498
133.0	29.277456939197528	20.43723506743971	20.4788228582807	29.806250844472725	2.3429060933770297E-4
134.0	29.252503180907997	20.435957213520954	20.404851173734972	29.906067281587617	6.211502484564598E-4
135.0	29.354548966201556	20.319561103886503	20.452051549338638	29.87083022584124	0.0030081547320687284
136.0	29.479141252769196	20.322792016092446	20.483736085431847	29.713167117870515	0.0011635278359949952
137.0	29.819724337448285	20.180292892753464	20.387390071928216	29.612107790763716	4.849071063210275E-4
138.0	29.84210923544126	20.21566834872622	20.51243632412511	29.42864075651294	0.0011453351944659186
139.0	28.83598301968811	20.94934864726277	21.758196606971207	28.449961953387344	0.006509772690573595
140.0	26.603164215793186	21.992438347384834	21.56809992949773	29.818647568771585	0.017649938552667544
141.0	29.007961199474618	19.779883104423114	19.18576753001918	32.02589798623309	4.901798500034576E-4
142.0	31.52137118711889	19.573065474659227	21.445403998083886	27.459375581577294	7.837585606976888E-4
143.0	31.129807527266212	19.344504767330985	21.673569941833065	27.841943775403504	0.010173988166235388
144.0	34.2070307361377	18.45911934733415	19.416076422818847	27.913622013560925	0.004151480148383717
145.0	27.03106974855628	20.58538000390253	19.156953259040595	33.22638358094738	2.1340755322352237E-4
146.0	27.52300764276311	20.802968784565003	19.190067688783184	32.48377203352716	1.838503615495043E-4
147.0	27.62160047721721	20.018546685441578	19.725346673541914	32.630986324433294	0.0035198393660034045
148.0	30.218814103771596	19.64971470929647	20.516084299605975	29.615108599755395	2.782875705613231E-4
149.0	34.182117778032946	18.93100543593279	18.95417939481805	27.930787144690843	0.0019102465253725393
150.0	23.363524036360584	24.773362863979067	26.237097751218823	25.576343655495275	0.04967169294624671
