# Position (bp)	A	C	G	T	N
0.0	26.538432146887835	24.86045716034347	36.827444671631206	11.764111116557126	0.009554904580361701
1.0	26.560175453573915	18.980611518548855	21.279098717407592	33.113936750872845	0.06617755959679295
2.0	29.497950975441313	20.655773244454743	17.814750231004574	32.031520811299934	4.7377994399794724E-6
3.0	31.42215596888142	20.222412460883167	20.92568841003785	27.429708044697023	3.511550054169066E-5
4.0	34.06941650652748	18.871892939698334	21.189655632257708	25.869029703174277	5.2183421952003245E-6
5.0	34.54591498359413	18.78694014129709	20.99464516487764	25.671976139511028	5.235707201073777E-4
6.0	28.213518845080017	17.645218674665745	18.23383594595428	35.907421873998764	4.6603011957840945E-6
7.0	26.43358340372144	23.047470487495772	18.388809296773957	32.13013164830944	5.163699391563366E-6
8.0	26.53178469859642	22.014237575443417	19.245261397314774	32.20870756446535	8.764180037312621E-6
9.0	32.67273804183017	19.203348097508744	19.890668158670525	28.233235921936554	9.78005399784003E-6
10.0	28.734779968684375	23.12248271280704	23.04978266178615	25.09294540552119	9.25120124406865E-6
11.0	27.180998529693507	23.114129057197673	21.383642719844108	28.321223019340856	6.673923857243782E-6
12.0	29.028802332233354	20.999313932875367	20.686119431576326	29.285757636743497	6.6665714543512805E-6
13.0	29.457648981160094	20.731223589445964	20.589456653945728	29.221660530025723	1.0245422487387873E-5
14.0	29.489895977375312	20.917622054509565	20.729571568614563	28.862889417777293	2.0981723266084845E-5
15.0	29.828561469686083	20.883848006960175	20.502300001503034	28.78527774094035	1.2780910350502663E-5
16.0	30.208666336204377	20.603631022995394	20.808272426365967	28.379425106457013	5.107977250152219E-6
17.0	30.2239803568657	20.626003999582334	20.96791346036967	28.18209656913171	5.614050588587526E-6
18.0	30.5239779820415	20.23303900463884	21.30345813354342	27.93951417132707	1.0708449172407195E-5
19.0	30.121728179517476	20.52791565387726	20.773552384406685	28.576795114148585	8.6680499990664E-6
20.0	29.648953583001436	21.055324291499495	20.684602108896513	28.611112368756846	7.647845705875357E-6
21.0	29.318461290498092	21.186572635925156	20.54774907165601	28.947209353812177	7.648108566920208E-6
22.0	29.22623088703264	20.91580743960719	20.493318190097998	29.364636344491945	7.138770233320864E-6
23.0	29.469653876873515	20.62693015004682	20.79197693489897	29.111407931146367	3.1107034333114265E-5
24.0	29.510203879482667	20.690638812769496	20.946620178715865	28.852527437907344	9.691124628847142E-6
25.0	29.546640936345504	20.682795481199072	20.9017775783233	28.868781922804608	4.081327511360452E-6
26.0	29.507527612786262	20.69156545530846	20.89308393619359	28.90769950530662	1.2349040506598057E-4
27.0	29.480130159379026	20.713995779704003	20.90196040840254	28.9039100795567	3.5729577244171174E-6
28.0	29.497069637405254	20.684502349294252	20.98637033089929	28.832053597777584	4.084623618706022E-6
29.0	29.437474563320578	20.715771662592235	20.923690533737073	28.922803791837964	2.5944851215675625E-4
30.0	29.467481210441658	20.69417691347579	20.97165641992578	28.866525783703107	1.5967245366039275E-4
31.0	29.487646926375692	20.606037474006296	20.924997035488786	28.9794396557922	0.0018789083370260242
32.0	29.56579727088262	20.610733494583986	20.954398954838343	28.869005018498644	6.526119640227049E-5
33.0	29.62468412008647	20.569668563401244	20.948538313599595	28.857099734230317	9.268682371992378E-6
34.0	29.468004608597674	20.616062485659533	20.95675541943962	28.959079965460493	9.752084268080071E-5
35.0	29.468499349415932	20.633028279279362	20.90715385943391	28.991312305488087	6.206382706038717E-6
36.0	29.501017847168676	20.57314475493065	20.982874605070194	28.942956053579845	6.739250642503308E-6
37.0	29.48636959212353	20.653024535478316	20.901266184198338	28.959330334493526	9.353706287636197E-6
38.0	29.523830687113666	20.559360743437644	20.896329063269118	29.020460232987677	1.9273191890190895E-5
39.0	29.558026304553653	20.579982912567697	20.900944804698867	28.96101882642885	2.7151750937573454E-5
40.0	29.501933666511203	20.608763688667008	20.968453015178994	28.920842824810034	6.804832758724531E-6
41.0	29.555758836574025	20.56789532840446	20.891048336018255	28.985292776093836	4.7229094230355315E-6
42.0	29.49799091283396	20.62443583472849	20.95379032441306	28.923779245376235	3.6826482500163363E-6
43.0	29.498095850106935	20.57707055698068	20.930954575394928	28.99377353116932	1.0548634813087738E-4
44.0	29.484279574517615	20.56916563631482	20.95705879898618	28.98948858677221	7.403409174738278E-6
45.0	29.52089854202926	20.555285150555672	20.96228656164561	28.961022868946152	5.068768233117529E-4
46.0	29.529267744301308	20.509947454531012	20.980701029049882	28.9800811139108	2.658207004393532E-6
47.0	29.46059145072996	20.56047880840496	20.96006154637353	29.018781301329273	8.68931622768401E-5
48.0	29.52365585458445	20.541662742746883	20.976517426889295	28.958157561015803	6.4147635698028825E-6
49.0	29.5946826211561	20.544142389997212	20.919211356777684	28.94193736564658	2.6266422423960024E-5
50.0	29.562679333023457	20.55046700869051	20.89558446326876	28.9912665072578	2.687759471931811E-6
51.0	29.569907819973334	20.516134918494323	20.918883539921246	28.995071026129477	2.695481623993392E-6
52.0	29.52136481838405	20.51371134120221	20.99532805720636	28.96958010429515	1.5678912226913695E-5
53.0	29.538052151096096	20.544521869152767	20.92708697581705	28.98992797478793	4.1102914616351525E-4
54.0	29.56688792144555	20.508925147149064	20.95342675167937	28.97075691675016	3.262975851596726E-6
55.0	29.528424447306538	20.56844899404356	20.889191117817045	29.013678917868685	2.5652296417590217E-4
56.0	29.496776967415162	20.574673235209556	20.885509535416023	29.043038619677557	1.6422817029891937E-6
57.0	29.53104078455551	20.56931687225968	20.906482357559106	28.99315669093483	3.2946908741735754E-6
58.0	29.54093446954583	20.5960586080088	20.843164004961228	29.019834101953062	8.815531083653511E-6
59.0	29.571890144770812	20.565300617681743	20.85324680364712	29.009472901831725	8.953206860185848E-5
60.0	29.58427477514619	20.568664379543918	20.873128890634284	28.9739314002449	5.544307019061638E-7
61.0	29.538317470702953	20.604841832061105	20.85480603298914	29.002030771078612	3.893168194482127E-6
62.0	29.53536887775473	20.58538392606637	20.856938729096917	29.022307909106804	5.57975180828736E-7
63.0	29.605224808289282	20.582303267153776	20.847490792570195	28.96420189805599	7.792339307562766E-4
64.0	29.57977232366458	20.537781917081787	20.88022271456973	29.002012433888495	2.1061079540053655E-4
65.0	29.56540365131642	20.582049827368714	20.832381999815482	29.02016395801055	5.634888429744405E-7
66.0	29.546603277617738	20.559180228133794	20.867381722870086	29.02683420601317	5.653652104632206E-7
67.0	29.558859286469996	20.55079158785988	20.872591130807	29.017757427608558	5.672545632452987E-7
68.0	29.54271395771305	20.59941108902586	20.84129770009076	29.016570423012883	6.830157451464716E-6
69.0	29.55298180425192	20.56067365608996	20.865165018048806	29.02117837933764	1.1422716731428901E-6
70.0	29.558734006489473	20.550291626604196	20.83598988462753	29.054976458608422	8.023670377809077E-6
71.0	29.4951023339324	20.590601322583066	20.850583046720374	29.063712721635525	5.751286368654753E-7
72.0	29.57872748484305	20.546046677372097	20.884797943432513	28.986453314417272	0.00397457993506797
73.0	29.50510094257944	20.62124930075041	20.859327409183667	29.014313078517283	9.268969201816446E-6
74.0	29.547626063752517	20.59213110378268	20.81432921708199	29.04563975900197	2.7385638084117273E-4
75.0	29.553417987774864	20.564414197424778	20.854865478425985	29.027302336374365	0.0
76.0	29.511735830222257	20.605089022908775	20.86544018032284	29.017734966546126	0.0
77.0	29.562809867974018	20.60433951606463	20.832828495816887	29.000022120144465	0.0
78.0	29.553109482025373	20.58707834515609	20.85669147850572	29.003120694312813	0.0
79.0	29.56673980366304	20.57407811001824	20.850623137435715	29.008178560898283	3.803879847238318E-4
80.0	29.596837413529325	20.544878599033765	20.83983545731143	29.01844853012548	0.0
81.0	29.55874381476193	20.56229160741643	20.877424400559363	29.001516294564585	2.388269769423958E-5
82.0	29.524777277178526	20.564829881510715	20.895549720420497	29.014831132227915	1.1988662345996717E-5
83.0	29.548113645583634	20.598738653542338	20.812836397229052	29.040311303644973	0.0
84.0	29.575760746801205	20.59572532900843	20.85870550659041	28.969806000869237	2.416730712547977E-6
85.0	29.559263315176814	20.585832768039936	20.826908827860116	29.027178023819044	8.170651040871792E-4
86.0	29.532874002617543	20.575518200851917	20.845150887160678	29.04580096509197	6.559442778929311E-4
87.0	29.56919188272075	20.549864630145134	20.863787147452015	29.0171514472084	4.892473702219979E-6
88.0	29.582511723584503	20.57178210907312	20.82399362453208	29.021694734515137	1.7808295164067178E-5
89.0	29.55940732225691	20.581683347801135	20.819890313044176	29.039019016897782	0.0
90.0	29.55511356619171	20.582952672995198	20.845241962756834	29.014518969784653	0.002172828271610469
91.0	29.495133630672616	20.611400632482127	20.83143637697292	29.062028116170417	1.243701924546644E-6
92.0	29.540762797368846	20.590711522883566	20.83299911010646	29.031227361866968	0.004299207774166738
93.0	29.516466954786942	20.61004421514038	20.843057453654296	29.030431376418385	0.0
94.0	29.537549613873832	20.591649982396916	20.81156079827889	29.058554315072893	6.852903774680806E-4
95.0	29.533029502084446	20.64162952028355	20.836185589163616	28.989155388468387	0.0
96.0	29.546923249556244	20.604497550037067	20.83559795850442	29.012975523954022	5.717948250738587E-6
97.0	29.534309448690703	20.589822087607363	20.80939600447783	29.0664724592241	0.0
98.0	29.52075022873062	20.62127619697869	20.80538431294476	29.05258926134593	0.0
99.0	29.52444348151335	20.622092042248422	20.826708818394273	29.025559433719607	0.0011962241243459138
100.0	29.51114335849426	20.642842502422084	20.823907416614336	29.02210672246932	0.0
101.0	29.571494382666224	20.62752033338628	20.794714682072403	29.006270601875094	0.0
102.0	29.51282052972571	20.63538713070733	20.82828278621511	29.023506289477012	3.2638748347345133E-6
103.0	29.51880038916127	20.621803230535924	20.785418435590476	29.07290304764209	0.0010748970702437561
104.0	29.508402329647893	20.65062517455291	20.799179833618044	29.040676973355662	0.0011156888254900562
105.0	29.54967741998707	20.6235597859154	20.825695130883396	29.00106567681469	1.986399440852394E-6
106.0	29.565833959165346	20.622763864414843	20.806754017438337	29.004648158981478	0.0
107.0	29.510847560794755	20.644811744531903	20.807099863558005	29.037240831115334	0.0
108.0	29.51965131554242	20.6281619144978	20.82383505067281	29.02813409945991	2.176198270684044E-4
109.0	29.523549458918495	20.642967634598726	20.81027375510878	29.02319430227747	1.4849096528995339E-5
110.0	29.462244334310565	20.656627633735603	20.805214287149827	29.07591238823231	1.3565716866843855E-6
111.0	29.56013375868628	20.627250839212564	20.790627553421505	29.021987167034485	6.816451694298255E-7
112.0	29.490762317338977	20.641677885615998	20.806649827355255	29.060230348237003	6.79621452769094E-4
113.0	29.48102183464339	20.66411596989819	20.787112393905325	29.067749801553095	0.0
114.0	29.525154524229347	20.658858480808583	20.784020567007673	29.031916605313313	4.9822641085471484E-5
115.0	29.529629015740632	20.636652044993063	20.767809554072052	29.065908689671495	6.955227607145681E-7
116.0	29.47974178089764	20.664641256510414	20.8007647466893	29.05485221590265	0.0
117.0	29.524713905580196	20.632000664906126	20.82267066218448	29.0206147673292	0.0
118.0	29.52072126447195	20.654209119762427	20.81782056224263	29.007249053522987	0.0
119.0	29.4987931494048	20.66926406701993	20.78068794762468	29.05123566240225	1.917354834313735E-5
120.0	29.499165440531712	20.670878795278718	20.788209371532226	29.04174639265735	0.0
121.0	29.484191430521157	20.69508700017139	20.799692042159247	29.021029527148208	0.0
122.0	29.49524893112414	20.67948656033832	20.783041107921385	29.04221690662992	6.493986233225411E-6
123.0	29.50598794521367	20.679859972284504	20.795151736049057	29.01900034645277	0.0
124.0	29.458192857555222	20.69197615836265	20.779127396026208	29.070703588055917	0.0
125.0	29.472912356258302	20.687304471777455	20.81782828574347	29.021952685379702	2.2008410675534667E-6
126.0	29.452047551955047	20.693197894146724	20.829737933193435	29.022850138389593	0.0021664823152063085
127.0	29.46803682553846	20.657806482656156	20.81591264278177	29.058244049023617	0.0
128.0	29.46990967904503	20.69435418974242	20.803180248790056	29.03255588242249	0.0
129.0	29.48293677204365	20.687737306724962	20.81428261639109	29.015041051513872	2.25332642243127E-6
130.0	29.480169737440303	20.682478067240353	20.796667773774388	29.03983427284337	8.50148701587536E-4
131.0	29.49728107269735	20.670769594754503	20.789856231021734	29.042085499006237	7.602520174617724E-6
132.0	29.499946635793762	20.714308051367457	20.814544940709123	28.968338624773804	0.0028617473558555984
133.0	29.50419034535373	20.74135499286835	20.802416244909868	28.952037647214272	7.69653776866949E-7
134.0	29.458429408834903	20.706150590232575	20.82077869813374	29.014625040526937	1.6262271849134686E-5
135.0	29.446155922099543	20.7001865608138	20.835693448776695	29.017964068309958	0.0
136.0	29.477882670876472	20.69773501181812	20.835413609129226	28.988953806112544	1.4902063637772558E-5
137.0	29.49011540173037	20.725249995610735	20.819485826708696	28.965146407640535	2.36830966728849E-6
138.0	29.468004346488303	20.719903535132055	20.817234146847976	28.99471889941858	1.3907211308663976E-4
139.0	29.432502519817668	20.73979867206723	20.80441927023155	29.023277937631004	1.6002525454557135E-6
140.0	29.429145545636832	20.744890588128882	20.768897127820306	29.057058681987474	8.056426502256271E-6
141.0	29.470974960570445	20.700299238053475	20.795313698748156	29.03341210262792	0.0
142.0	29.438638529516254	20.724233445838934	20.80011841518396	29.037009609460853	0.0
143.0	29.34851308267531	20.824105964600527	20.784583015215542	29.04279793750862	0.0
144.0	29.668216438663325	20.71378678135325	20.738491673610763	28.87950510637266	0.0
145.0	29.56991550498	20.628441467384654	20.980336127273546	28.821306900361805	0.0
146.0	29.808276814475164	20.57518942546608	20.89893365005918	28.71760010999957	0.0
147.0	29.742610706959216	20.514908634993965	20.844988394110782	28.89749226393603	0.0
148.0	29.628425075348552	20.77343015279306	20.79298946669492	28.804898531394414	2.567737690599317E-4
149.0	29.572748168104184	20.676719238302972	21.060248207131984	28.690284386460856	0.0
150.0	29.296796545524522	20.635262746378302	21.37583267960365	28.692108028493525	0.0
