# Position (bp)	A	C	G	T	N
0.0	25.689038535625357	24.983960308142994	24.137669541506764	25.13366919968033	0.05566241504455254
1.0	28.734385050902468	18.722248750135375	18.967398049134303	33.570412950476495	0.005555199351362077
2.0	29.83957337401163	20.140940177025264	19.121689273330816	30.893122528845996	0.00467464678629809
3.0	32.958604975125624	19.1445629525183	19.694393811271343	28.19871779033693	0.0037204707478029676
4.0	32.803225176470605	18.71825470942268	20.52140076812093	27.95615794466608	9.614013197059944E-4
5.0	33.547091161215974	18.908751171937546	19.943357610721037	27.598896759057695	0.001903297067747641
6.0	28.280196628531108	19.235059030476602	18.087205953767224	34.39276363794882	0.004774749276240154
7.0	28.48555750104777	21.48284095773168	18.996752133975882	31.01315057990965	0.021698827335022885
8.0	28.0349136257695	21.127343144054176	19.05720650385956	31.779679448687265	8.57277629494E-4
9.0	32.39606136761151	19.008939933002555	19.48150221917535	29.111177264688493	0.0023192155220937336
10.0	29.85261394922857	21.439808481418034	21.551214226862044	27.144865073688184	0.011498268803164687
11.0	28.766065867984793	21.42194492610475	20.395202105871636	29.401921390092454	0.014865709946370554
12.0	29.74408899805291	20.170748000749462	19.845864267796024	30.237482073819912	0.0018166595816942982
13.0	29.891513977581933	20.12937787200461	19.825427365014512	30.152313094743448	0.0013676906554943166
14.0	29.88096550387429	20.245685361684302	20.006572324038387	29.862708863196087	0.004067947206937124
15.0	30.065778596882275	20.251979380630306	19.948519650765572	29.733124842951046	5.975287708022609E-4
16.0	30.07799562668621	20.185565755021916	20.01296463464041	29.720176169814184	0.0032978138372774463
17.0	30.02980369488371	20.22078709705385	20.05358906569885	29.693875689089538	0.001944453274047635
18.0	29.991253062230534	20.209779513083085	20.05972653809745	29.73355071282563	0.005690173763307162
19.0	29.952297846849785	20.227590117241775	19.978592206064057	29.84082229608237	6.975337620075068E-4
20.0	29.88642008017926	20.282781663905517	19.957568766454592	29.87262779584812	6.016936125122803E-4
21.0	29.858986320592663	20.262052821309965	19.985977703777984	29.891577954083864	0.0014052002355262455
22.0	29.845239063257562	20.150785492056613	19.97957400144065	30.02374137571642	6.600675287516225E-4
23.0	29.900777082185325	20.07601775636165	20.040269241782287	29.98028385341245	0.0026520662582863895
24.0	29.901137338259332	20.11641231111213	20.0476765334956	29.93248491456537	0.0022889025675672395
25.0	29.93257043773545	20.087204929066182	20.09860414555254	29.87705945858504	0.004561029060786284
26.0	29.933515121956617	20.102716952686823	20.059109732071878	29.90362296714399	0.0010352261406969463
27.0	29.86516008364689	20.14563038164147	20.065963388427598	29.922381023969542	8.651223144937072E-4
28.0	29.844003638376698	20.150221428078023	20.116079198375843	29.88817362046092	0.001522114708519753
29.0	29.8456049963364	20.1501313101124	20.071151261919074	29.931314437717244	0.0017979939148795238
30.0	29.813547186217075	20.14192156550167	20.09579955285983	29.947635083394132	0.0010966120272954858
31.0	29.85782189076608	20.111522552531575	20.076842855055368	29.952752601337746	0.0010601003092355007
32.0	29.84532007217994	20.156105404341048	20.105400260971855	29.89192813932303	0.0012461231841218406
33.0	29.909201933193792	20.12801983143174	20.08933939214982	29.87052660608941	0.002912237135239317
34.0	29.805579546293405	20.17948742211057	20.111823350315053	29.901276998803272	0.0018326824777006269
35.0	29.795296744774046	20.184219147508774	20.062340033448788	29.955704369015606	0.0024397052527881337
36.0	29.837649640139503	20.151836231511254	20.084137051242603	29.92441222041333	0.001964856693305776
37.0	29.8444379940133	20.157119385515653	20.04558314868224	29.95247077187324	3.886999155644029E-4
38.0	29.859970504139284	20.090905925579143	20.072127997418594	29.976140620378345	8.549524846367107E-4
39.0	29.85911657126708	20.132659033720916	20.07355672233335	29.93392824592408	7.394267545711475E-4
40.0	29.818367967094833	20.152318836837974	20.124861037857702	29.902247846038094	0.002204312171399695
41.0	29.823556410667006	20.13651462514265	20.06165660313303	29.97772742159167	5.449394656424258E-4
42.0	29.78916858021056	20.18825542306649	20.098210630465935	29.92232312398912	0.002042242267895078
43.0	29.78894032518199	20.142241401856936	20.099634715138833	29.966672769277714	0.0025107885445272656
44.0	29.778359069184564	20.149335030723194	20.11561464576138	29.956065637735907	6.256165949590052E-4
45.0	29.77912606651472	20.15492944426523	20.126163888535707	29.936038013616223	0.0037425870681269935
46.0	29.803228636033136	20.121594492827523	20.155640459358143	29.918901022809496	6.353889717010565E-4
47.0	29.816456404526015	20.156314202323028	20.08104504577912	29.9453100655451	8.742818267346516E-4
48.0	29.797871416260197	20.137673144265104	20.088034530406247	29.970833413337317	0.005587495731137393
49.0	29.821476521311236	20.136412915946515	20.118346091919577	29.915567862211017	0.00819660861165603
50.0	29.80900089330452	20.163666099660134	20.108975287319836	29.9174915515838	8.66168131701201E-4
51.0	29.821561925939015	20.12924476689307	20.11181078239746	29.933666707097412	0.0037158176730466767
52.0	29.810192328115164	20.141854476822598	20.153022439276608	29.89441292961066	5.178261749707241E-4
53.0	29.843565909608966	20.132021053299535	20.074655721959502	29.947390649666794	0.0023666654652019833
54.0	29.782475207518715	20.142289304438513	20.11902979180189	29.955295906651084	9.09789589797859E-4
55.0	29.754105005772775	20.167851267375934	20.10349131123568	29.972136789251223	0.002415626364389854
56.0	29.760838625471408	20.1656274026957	20.1075563539988	29.965230469216337	7.471486177561988E-4
57.0	29.798444208613194	20.150884355482862	20.143098720003724	29.90132800619452	0.0062447097056955985
58.0	29.794716409605222	20.154436281728902	20.110353755818757	29.93762052786456	0.002873024982558374
59.0	29.818827422607107	20.1561126809299	20.110283805091207	29.914068777467435	7.07313904355024E-4
60.0	29.821646552396842	20.13230367301661	20.100789157411146	29.941572864054844	0.003687753120557109
61.0	29.829187107487847	20.16543288018928	20.11854018031446	29.88586032630261	9.795057058024628E-4
62.0	29.831097856646103	20.13909453276511	20.110328776943014	29.917608230769225	0.0018706028765464392
63.0	29.834676967896424	20.177642833894332	20.068412187032354	29.916266788068942	0.0030012231079501795
64.0	29.827286557276793	20.12979987837574	20.10954746439283	29.931931653070308	0.001434446884325563
65.0	29.762766246430843	20.149339278066893	20.11478261679639	29.96558766101999	0.007524197685888348
66.0	29.75630132872257	20.151789675529493	20.106249206979903	29.96389498863501	0.021764800133018753
67.0	29.78315841057016	20.124479791308577	20.13945922245496	29.9506918614398	0.002210714226498726
68.0	29.76551731675572	20.214587894478896	20.085860709376238	29.929612399814804	0.004421679574340138
69.0	29.76711537538126	20.19422549012261	20.092424798800877	29.942862937200488	0.0033713984947686426
70.0	29.783304819410546	20.130053679564533	20.08193991209112	30.004319557015073	3.8203191872971943E-4
71.0	29.735025351159965	20.179719243026863	20.1155174689754	29.957342185957675	0.012395750880090877
72.0	29.787320281065533	20.128781436849188	20.14045863077907	29.937661591716086	0.005778059590123229
73.0	29.775674110279322	20.17147977285962	20.123600785846428	29.923782515027085	0.005462815987545228
74.0	29.795812511938447	20.15395082594259	20.11520519570145	29.9326477532184	0.0023837131991120684
75.0	29.74973161564848	20.184089853816843	20.13467772629121	29.926656551561997	0.004844252681471088
76.0	29.74989941221847	20.18148998344202	20.10418909104362	29.963690273396498	7.312398993964283E-4
77.0	29.766124539919396	20.187059596360886	20.102543095445764	29.94309521213966	0.0011775561342893305
78.0	29.76329239523397	20.163960021946753	20.124251364320543	29.94658491474046	0.0019113037582747696
79.0	29.78817412158388	20.17706426204072	20.136333613074548	29.896141104674268	0.002286898626592428
80.0	29.821415677075013	20.140997062039332	20.09668521786293	29.940315646455247	5.863965674736072E-4
81.0	29.750513481981383	20.18415916885639	20.13859305271292	29.909198770268436	0.017535526180875397
82.0	29.730317901764003	20.15918656309614	20.154614044747525	29.95152444100677	0.004357049385562603
83.0	29.770704834994227	20.18767360238314	20.08567458605431	29.951686185575127	0.004260790993196307
84.0	29.790760528532324	20.178287952815793	20.11149253851185	29.915952105909593	0.0035068742304399255
85.0	29.77628042919257	20.170731577051875	20.14047879659907	29.911056787045208	0.0014524101112795898
86.0	29.731564156695217	20.19911855737461	20.109545251140467	29.959225069278283	5.469655114170865E-4
87.0	29.75305675562772	20.17634149360952	20.133003143367638	29.93738426185856	2.1434553655254708E-4
88.0	29.750636967169953	20.189519257944546	20.129660963744477	29.926074813072052	0.004107998068969881
89.0	29.71975330278828	20.195883889978028	20.13491023290361	29.9489576582824	4.949160476819587E-4
90.0	29.741593448211432	20.19613875240605	20.12064688932528	29.941443849835576	1.7706022166422093E-4
91.0	29.707580580107955	20.19221683381598	20.152687462736388	29.947253726985316	2.6139635435576446E-4
92.0	29.705998883401424	20.219872833871715	20.159841872180557	29.91394414761882	3.4226292747612853E-4
93.0	29.723143530260682	20.23584222151851	20.153007832452765	29.88731425008358	6.921656844646059E-4
94.0	29.751028328937778	20.195143077575246	20.138543280314508	29.914937315252672	3.4799791979819736E-4
95.0	29.778872738276295	20.211990178868007	20.116623478261726	29.892257332582915	2.562720110551803E-4
96.0	29.733187700534092	20.204339086018656	20.1468715964907	29.915427676697952	1.7394025859737778E-4
97.0	29.71956431253035	20.234966779885642	20.090666335342384	29.9540257832515	7.767889901257635E-4
98.0	29.70621838905539	20.245962399652726	20.13669540747009	29.9098918876312	0.0012319161905956352
99.0	29.720099642820113	20.237174489455267	20.119450727640753	29.923026096788664	2.490432952006209E-4
100.0	29.697207026486826	20.199486435077045	20.157264398830147	29.944020340576845	0.0020217990291408966
101.0	29.706991558991273	20.21860590148431	20.150935358946253	29.92085491333513	0.0026122672430321826
102.0	29.69163112764389	20.199021741741973	20.171134527103792	29.937782704077076	4.298994332639789E-4
103.0	29.735802686319502	20.18755216167574	20.173715580244536	29.90266968256328	2.598891969460078E-4
104.0	29.681387416010217	20.258308860939554	20.16664194843764	29.893490026699727	1.7174791285874604E-4
105.0	29.730498890368708	20.23094687098444	20.158683892106172	29.879667690814397	2.0265572628377286E-4
106.0	29.723372722885216	20.21752008324459	20.153367116131747	29.90533560286421	4.04474874234229E-4
107.0	29.70609020842717	20.20229288013201	20.170807051741107	29.920371593928373	4.3826577133522114E-4
108.0	29.66558607432188	20.235212318302967	20.19638949817161	29.902597449060636	2.1466014290641246E-4
109.0	29.72478943648152	20.21867682465313	20.15473417003021	29.90157194922565	2.2761960949087647E-4
110.0	29.655539849651348	20.244763327351613	20.181071820613315	29.91822591474743	3.9908763629177064E-4
111.0	29.70116521954128	20.212296193899597	20.15473795201299	29.931470421246914	3.3021329921679597E-4
112.0	29.700221958512827	20.188194269895863	20.13949146320021	29.97165341381004	4.3889458106176923E-4
113.0	29.67597980074371	20.196367142234596	20.210576085735365	29.916663642861145	4.133284251794443E-4
114.0	29.675246777741798	20.25271897584797	20.17780010930512	29.89389869193259	3.354451725178896E-4
115.0	29.71815408227335	20.20085960375318	20.224446470542272	29.84681370986423	0.009726133566966782
116.0	29.655251539089523	20.2751786178903	20.20969914484739	29.859591785480156	2.789126926308939E-4
117.0	29.62671862621886	20.237731742588622	20.200504752701118	29.931663476007266	0.003381402484129344
118.0	29.63743413222455	20.25180694564388	20.19642379011587	29.91344423883765	8.908931780446006E-4
119.0	29.671303273752358	20.241597619774804	20.169953681947394	29.91692086858323	2.245559422131128E-4
120.0	29.65244550937549	20.241963833600433	20.206149098216464	29.899003679082455	4.378797251526744E-4
121.0	29.667586024327232	20.250717036046932	20.227700208271358	29.853663957940853	3.32773413622741E-4
122.0	29.63359835754753	20.268062335640856	20.21269576229587	29.885444438088264	1.9910642748090034E-4
123.0	29.62169904577891	20.238947953442494	20.237241857663264	29.90186403856292	2.47104552407169E-4
124.0	29.58942031910976	20.216921496035873	20.221666513567957	29.971642265449955	3.4940583645352386E-4
125.0	29.572406341905854	20.25533917039492	20.222700019576564	29.948915843098362	6.386250243029294E-4
126.0	29.61602503727904	20.250929974115515	20.245779719344146	29.886898014807134	3.6725445416089625E-4
127.0	29.65559561683807	20.231295734287823	20.23836147997159	29.867020441143367	0.007726727759152965
128.0	29.687885513929146	20.178200648468238	20.288615451327104	29.84409167908597	0.001206707189543915
129.0	29.602620523953068	20.1874489285251	20.356940092430175	29.850820113250503	0.0021703418411539777
130.0	29.573086573699193	20.160581320427347	20.399322847353048	29.86655221227824	4.570462421724207E-4
131.0	29.490358435152643	20.1844043362599	20.375923146827983	29.948300895483737	0.001013186275737869
132.0	29.415313346757223	20.26530386703923	20.358876564810235	29.95809287843867	0.0024133429546459835
133.0	29.383796303448044	20.257396147637895	20.39936813011346	29.959139852686352	2.995661142525934E-4
134.0	29.376838657400565	20.25311968395141	20.35154361684425	30.017790844293245	7.071975105210784E-4
135.0	29.41070718173219	20.200630144592864	20.38176215948145	30.004097736968223	0.002802777225277154
136.0	29.49840940428941	20.210788671326362	20.420368277454234	29.86924677888202	0.0011868680479742032
137.0	29.769402704257185	20.10504870610868	20.32796127593481	29.797084464043493	5.02849655825577E-4
138.0	29.847028741315363	20.098359239240008	20.419994340154865	29.63357988862266	0.001037790667107385
139.0	29.080314113538435	20.664905461659615	21.53267099756216	28.716001799258052	0.006107627981738123
140.0	27.078196136055904	21.646148501167765	21.50263841258466	29.75544838471571	0.01756856547596143
141.0	28.89811795158898	19.73828443764869	19.328104990493014	32.03504707824447	4.455420248464864E-4
142.0	31.2533269699395	19.378515016066512	21.27850415325302	28.08900293183976	6.509289012058843E-4
143.0	30.691474571629985	19.282436080511285	21.53345546286876	28.48293849545617	0.009695389533797675
144.0	33.5972569385511	18.53722093555129	19.47521901494806	28.386021586475042	0.004281524474511833
145.0	27.408026324548178	20.272028991746364	19.14945033604535	33.17026914161317	2.2520604693881924E-4
146.0	27.732548623402764	20.69402589636328	19.0123031138768	32.56088847320613	2.3389315102141853E-4
147.0	27.878986590205052	19.981356739925058	19.45236708791456	32.68413768808152	0.0031518938738113824
148.0	30.37676004148559	19.481221198103746	20.348561845577155	29.793200574193364	2.5634064014593813E-4
149.0	32.748717991890345	19.4748174966786	19.289702822589405	28.484827353516128	0.0019343353255202892
150.0	24.642053194560745	24.483883060622045	24.931367164970972	25.89397004279168	0.04872653705456267
