# Position (bp)	A	C	G	T	N
0.0	26.719781364687066	24.9230787871308	24.446641354765745	23.852589383794832	0.05790910962155144
1.0	28.640233508316058	18.089648333634997	18.76854012552559	34.49608215868124	0.005495873842110346
2.0	30.087990763534656	19.83281677737995	18.624915818583705	31.449482413671465	0.0047942268302252145
3.0	32.71234543347899	19.141232091686135	19.319673579547405	28.822787475239902	0.003961420047573676
4.0	33.13023557627775	18.566510590648395	20.066812327832178	28.235441032831982	0.001000472409695068
5.0	33.68756327468406	18.671713175442374	19.569314401123034	28.069300281849575	0.0021088669009549765
6.0	28.697870231876028	18.736539530822995	17.757329984246407	34.80294667529675	0.005313577757817847
7.0	28.515329473961533	21.340621139114987	18.370379558041545	31.750021611175217	0.023648217706714294
8.0	28.357301190359813	20.790644965857823	18.699540030058078	32.15178596510641	7.278486178734816E-4
9.0	32.609738663914264	18.79755181116574	19.17073847211049	29.419615592128594	0.002355460680917181
10.0	30.10352925560013	21.21099340517951	21.158921812937372	27.51431830918057	0.012237217102418076
11.0	29.02058376382155	21.157878706699147	20.070939648442284	29.734243494642875	0.016354386394142613
12.0	30.02701781573383	19.87594246849294	19.56703325747607	30.527918694203265	0.0020877640938949593
13.0	30.19061521778467	19.823286988699213	19.542747344134863	30.44191893505024	0.0014315143310138488
14.0	30.197238460954377	19.949725636429502	19.68685759830338	30.161982101364604	0.004196202948131121
15.0	30.376967590615795	19.97382757010987	19.633291145997966	30.01534299948351	5.706937928565254E-4
16.0	30.45124833565373	19.878581525123355	19.7387886729134	29.928093257773085	0.0032882085364258034
17.0	30.417056392708353	19.90474663816413	19.81354301458971	29.86266275306484	0.0019912014729668976
18.0	30.417661737824766	19.81815515318372	19.871205161904044	29.888222156259626	0.004755790827846086
19.0	30.322247421858613	19.8943552670845	19.7074228417046	30.075201526872224	7.729424800687429E-4
20.0	30.184387549564846	20.024631640752588	19.693791306330695	30.096680016149367	5.094872025076685E-4
21.0	30.07983532634291	20.04956567438758	19.69130886473618	30.177878274170016	0.001411860363314965
22.0	30.06368449261634	19.902712047701783	19.681507679274112	30.35144552447062	6.50255937147338E-4
23.0	30.138756496914297	19.819107857327488	19.78185624163698	30.257330738360004	0.002948665761229516
24.0	30.1553852544739	19.850120570223464	19.808347184651847	30.18357751349758	0.0025694771532087024
25.0	30.173123045672945	19.836294729771268	19.864351866891482	30.121232038860274	0.00499831880403167
26.0	30.177297393312212	19.851880911304008	19.834645813179204	30.135120558761546	0.0010553234430271698
27.0	30.108915655519326	19.901943881456496	19.826026560020086	30.162273900400084	8.400026040080724E-4
28.0	30.12409298169714	19.892279428672936	19.879198214024214	30.102812330225902	0.0016170453798088611
29.0	30.089792843434743	19.907217660896944	19.833813893948264	30.167516940800954	0.001658660919097356
30.0	30.07832453982124	19.87218014711269	19.85452871558649	30.19392359011969	0.001043007359884964
31.0	30.10969605756526	19.858949881925582	19.835464460428817	30.19480654132739	0.0010830587529529812
32.0	30.101050774559074	19.901939258892092	19.861899909799135	30.1338969133349	0.0012131434147956797
33.0	30.161541773390077	19.875633612177456	19.86313744774707	30.096795317822284	0.0028918488631128917
34.0	30.05347346517887	19.93055075077018	19.876612735514833	30.137511335571883	0.0018517129642387545
35.0	30.042332189828645	19.93381917688497	19.83504081632278	30.186166056962875	0.002641760000725954
36.0	30.0801450437244	19.887351432776367	19.875742778570693	30.15488806148011	0.0018726834484318296
37.0	30.101020141283	19.9064099187696	19.811445972021634	30.18077191311242	3.5205481334451275E-4
38.0	30.11766787754711	19.83863715280124	19.838345540053297	30.20448028135936	8.691482389932901E-4
39.0	30.10304901441	19.90584006379323	19.827281739273065	30.163104998139573	7.241843841298642E-4
40.0	30.042094232535117	19.90778970813194	19.89732490291482	30.150495328160932	0.002295828257188482
41.0	30.074093154654726	19.88134008326478	19.8369451227664	30.207076169290875	5.454700232152615E-4
42.0	30.032090267190082	19.9541143716011	19.864555365873223	30.147347428750287	0.0018925665853063915
43.0	30.048897393500333	19.89320812940845	19.86466497303032	30.190695721928883	0.0025337821320099915
44.0	30.020222549497316	19.92531571865996	19.885482507137294	30.168418640092632	5.605846127968583E-4
45.0	30.02068596277364	19.928566260025494	19.891420391779167	30.15543431821628	0.0038930672054155683
46.0	30.054511128678353	19.877592156750502	19.925909861773683	30.141272021067916	7.148317295514316E-4
47.0	30.060525888860617	19.926084236204932	19.83897609595561	30.173649596166356	7.641828124816024E-4
48.0	30.05696890756053	19.888784885546883	19.85724771117889	30.191512695638163	0.005485800075531112
49.0	30.054079766920726	19.88978199617352	19.90092342491656	30.14654343071651	0.00867138127268264
50.0	30.0569234161394	19.928155118553	19.87693304930371	30.13708934791277	8.990680911116187E-4
51.0	30.072535893582238	19.901728828539806	19.882149832820886	30.13979865139831	0.003786793658769025
52.0	30.047113515856967	19.90591193064242	19.935470748321375	30.110932124599277	5.716805799549968E-4
53.0	30.07399033531946	19.914938201788186	19.838062264544124	30.17056193057874	0.0024472677694922893
54.0	30.011000674872136	19.90995709009643	19.900308279142003	30.177837521736688	8.964341527457852E-4
55.0	29.983128901411117	19.93347175113162	19.891776135119173	30.18912513469958	0.0024980776385118758
56.0	30.011112053150253	19.928896285621168	19.875749112101825	30.183433749218146	8.087999086100462E-4
57.0	30.02933197721015	19.92111510736628	19.926530847991923	30.116444646737463	0.006577420694183558
58.0	30.040136780272885	19.927892691902105	19.879428959975236	30.149369169474127	0.0031723983756488604
59.0	30.065212590508622	19.92240293564426	19.878524387559487	30.133188764448082	6.713218395492575E-4
60.0	30.059121002165806	19.9002551332928	19.883457860032756	30.152981975426457	0.004184029082179299
61.0	30.052948063785106	19.93149480433353	19.90519103835058	30.109280816530127	0.0010852770006603148
62.0	30.065507998278935	19.906728865599128	19.88692480475997	30.138904364452486	0.00193396690948163
63.0	30.06990886455271	19.951346991053086	19.841744867133826	30.13388734614199	0.0031119311183879627
64.0	30.05746301506047	19.90731287484848	19.878376635451854	30.155221353055307	0.0016261215838923647
65.0	30.004103984181008	19.913569867033175	19.89168496626555	30.182249307429114	0.008391875091152542
66.0	29.993550954259362	19.92000252583848	19.885680127331266	30.178857160812523	0.021909231758370316
67.0	30.02435885525324	19.899910568693763	19.914571810816902	30.15895920046532	0.002199564770771517
68.0	29.98911045587047	19.991850967380238	19.859425774562318	30.155151962940664	0.004460839246308978
69.0	29.995448066072516	19.955352168593212	19.886282054265333	30.159093654919634	0.0038240561493034326
70.0	30.0265020732615	19.883781427464754	19.865530183558107	30.22377968336224	4.066323533940354E-4
71.0	29.96104471516942	19.958804576073554	19.887338049839194	30.180185837690775	0.012626821227056906
72.0	30.015259251779554	19.913049878845534	19.914959617064003	30.1502497628729	0.0064814894380161815
73.0	29.994197522049266	19.949748120055368	19.905818137133377	30.144657445420393	0.005578775341598481
74.0	30.037281597456843	19.925258721728405	19.889098588865934	30.145763531245606	0.0025975607032051244
75.0	29.992320825912127	19.955143691291415	19.91700627530488	30.130380117886613	0.00514908960495883
76.0	29.98148848331082	19.94690460795522	19.887939018767828	30.182804580338562	8.63309627570385E-4
77.0	29.99594727581163	19.968835655507476	19.879133506405072	30.154756598266747	0.0013269640090749508
78.0	29.992910250076083	19.937297605179822	19.894210453489176	30.173583074093646	0.0019986171612756485
79.0	30.0294437034615	19.95915195779498	19.903366729589365	30.105477799750425	0.0025598094037282367
80.0	30.051966715915718	19.93069694896827	19.86349717529136	30.153256125371623	5.830344530294929E-4
81.0	29.971699324101248	19.967024457169952	19.9266997567804	30.116727083343914	0.0178493786044846
82.0	29.959067383537423	19.935029977006796	19.939681109079697	30.16242443296041	0.0037970974156739533
83.0	30.017480349315324	19.95786446573699	19.853424557778425	30.16638940471396	0.0048412224552984145
84.0	30.00122162486143	19.966699353103373	19.89816133696883	30.13007089971965	0.00384678534671172
85.0	30.01029043889129	19.951666968115514	19.905380896491895	30.131127733652246	0.0015339628490543466
86.0	29.968530696856465	19.985642591149244	19.877025644624883	30.16820096504015	6.001023292601769E-4
87.0	29.98868241513043	19.951251722865806	19.90650741553774	30.15332795218652	2.3049427951087726E-4
88.0	29.97366617251746	19.973236929278354	19.900744976718894	30.14819555587846	0.0041563656068293
89.0	29.942373504541653	19.981696254872414	19.907794055419785	30.16760023684476	5.35948321389244E-4
90.0	29.977174954445328	19.977369296028836	19.87366748294899	30.17163889528616	1.4937129067584836E-4
91.0	29.943167216343436	19.975177949727822	19.913657129899118	30.167795448163247	2.0225586637964596E-4
92.0	29.940460370087017	19.99885751176597	19.9312036297097	30.129148095779524	3.303926577877125E-4
93.0	29.951461242133515	20.008361851192543	19.93534361240449	30.10401591995631	8.173743131436493E-4
94.0	29.969213896565055	19.977211665411033	19.922648047381113	30.130530397998577	3.9599264422020036E-4
95.0	29.998603058379853	20.003778201662776	19.876224930931407	30.121119048251817	2.7476077414924664E-4
96.0	29.957495581467764	19.986925730911352	19.909352614654132	30.14603927008772	1.8680287903173755E-4
97.0	29.945783762652123	20.019644256511835	19.855488668268386	30.178292597920088	7.907146475757383E-4
98.0	29.932814384064248	20.03722496118943	19.89752178402413	30.131248531078832	0.0011903396433625983
99.0	29.942056281426808	20.02561516522558	19.896866654917115	30.135174994575166	2.869038553248569E-4
100.0	29.929681774545223	19.991168531379337	19.926189118942492	30.15101921811854	0.001941357014401506
101.0	29.950880159331106	20.001613187734836	19.914097590303264	30.130649319786073	0.0027597428447194788
102.0	29.915489805241364	19.99514876442483	19.943963398759195	30.144963953041582	4.3407853303127126E-4
103.0	29.933301281431085	19.99892633269976	19.95356699707671	30.113938771227033	2.6661756541621447E-4
104.0	29.895355179891787	20.05451067078172	19.920814687181682	30.129089921439856	2.2954070495328021E-4
105.0	29.9357606492199	20.017033440086653	19.94254891275533	30.1044581358696	1.9886206851327465E-4
106.0	29.937536738019844	20.010126230110522	19.93534915733334	30.116548019092885	4.398554434030341E-4
107.0	29.912405954482995	19.99277101649861	19.945969210111365	30.148366712892198	4.8710601482635126E-4
108.0	29.887836012349595	20.033664951709653	19.977971547310133	30.100343785793093	1.837028375236778E-4
109.0	29.961096969182794	20.00227477104061	19.924354904495615	30.112056031034832	2.1732424614947057E-4
110.0	29.87903434840141	20.021663181288414	19.96215570923385	30.136735963267558	4.107978087612462E-4
111.0	29.930018043040075	19.99965116822544	19.922694743466995	30.147299219175423	3.368260920698115E-4
112.0	29.947842250671968	19.97524761742898	19.88492547374288	30.19154004261088	4.446155452838593E-4
113.0	29.912003046774753	19.98318656784836	19.95912452783546	30.145369141505324	3.16716036105427E-4
114.0	29.904318283771513	20.04685299576941	19.94071784484551	30.107783323909366	3.275517042044839E-4
115.0	29.93401472576486	19.99596823361464	19.99231569778228	30.067653080361634	0.010048262476579946
116.0	29.888030812291166	20.065525818586536	19.973066188494613	30.0731020081815	2.75172446182769E-4
117.0	29.85656416470342	20.02985369185973	19.958090074603763	30.15236418457428	0.003127884258803987
118.0	29.855337862577148	20.052461540607375	19.96199340619042	30.129289206141614	9.17984483449113E-4
119.0	29.892329637388176	20.03789364148432	19.924002775246652	30.145556178065274	2.177678155807394E-4
120.0	29.863639406629517	20.029138927135197	19.988464846393388	30.118279244356188	4.775754857091932E-4
121.0	29.880137877995367	20.05259653379351	20.00840039583787	30.05851631599888	3.4887637437410683E-4
122.0	29.83568248901315	20.06245539883085	19.98685602591259	30.114783150065215	2.2293617819103516E-4
123.0	29.849629662403803	20.020177361931243	20.020099980240154	30.109864289537803	2.287058869978657E-4
124.0	29.82078239035805	20.0019307184216	19.994096443868788	30.182800716766277	3.897305852820452E-4
125.0	29.808595410255297	20.05132467792255	19.981858391248853	30.15759900082814	6.22519745159092E-4
126.0	29.83690893585568	20.041068045250217	20.01216007579125	30.109420739610833	4.422034920237502E-4
127.0	29.91966556684226	20.00860437254679	19.99666371002228	30.067224747424813	0.007841603163854707
128.0	29.971805593682728	19.920635525558932	20.076505423606523	30.029813349084854	0.0012401080669587892
129.0	29.842874406329916	19.921232078369044	20.18627255880718	30.047539092893544	0.002081863600320677
130.0	29.75197667901571	19.930154829159274	20.183795082975358	30.133583820215193	4.89588634468335E-4
131.0	29.68685643205407	19.96577957736963	20.075478471550216	30.270868175089678	0.0010173439364039648
132.0	29.511258403018626	20.111688908756935	20.03122684954686	30.343719566754167	0.0021062719234129163
133.0	29.510909539581597	20.071280811813573	20.121950539241322	30.2955385830061	3.2052635740477425E-4
134.0	29.544160467736326	20.030792227072027	20.06819940964542	30.356171123783067	6.767717631636326E-4
135.0	29.649795522750004	19.91187933161338	20.14956372050892	30.28561275648797	0.0031486686397254318
136.0	29.739772173113877	19.960145518095125	20.19397085021983	30.104895750630554	0.0012157079406127386
137.0	30.033271868239886	19.856716974769416	20.092974324571568	30.01653817592171	4.986564974224123E-4
138.0	30.118935772407955	19.86388786965413	20.16816506624862	29.84793321358327	0.0010780781060208647
139.0	29.366028414296157	20.412947621978887	21.355206156816166	28.859371342367414	0.006446464541374417
140.0	27.31448652112573	21.359452207020354	21.341501826172987	29.966290011407064	0.01826943427386114
141.0	29.160165299096153	19.436947064500707	19.11911024691726	32.28327871344347	4.986760424071922E-4
142.0	31.691905108439062	19.02560754117667	21.015564743285747	28.266195323633102	7.272834654187311E-4
143.0	31.378366104454102	18.70593724846399	21.486807556893364	28.418896684673605	0.009992405514934473
144.0	34.12944654438972	18.213224921278034	18.97807909511129	28.674757155635838	0.004492283585114605
145.0	27.72386421827364	19.984275821060564	18.937376929799306	33.35421018343459	2.7284743190150365E-4
146.0	27.917060073675632	20.36425877332999	18.879673565887252	32.83876265233027	2.449347768604918E-4
147.0	28.374944323199653	19.700443279034857	19.447727944031215	32.47367575270119	0.0032087010330849844
148.0	30.90828083249391	18.972682873688314	20.08370851272985	30.035054675066803	2.7310602112293E-4
149.0	33.61996701029275	19.301397466602	18.725544668542785	28.351239108943826	0.0018517456186410077
150.0	23.093460935543522	25.031669518836345	25.076985173143584	26.750572130544096	0.04731224193244346
