# Position (bp)	A	C	G	T	N
0.0	23.85392477874248	29.92915016374817	29.53704564759927	16.62796908519567	0.05191032471441111
1.0	27.111555656739732	16.942550789292987	18.24119236513357	37.704051987305185	6.492015285234784E-4
2.0	30.44275312694744	20.086839981170503	17.75271137278468	31.717472151907845	2.2336718953009366E-4
3.0	35.2734843559509	18.82043204032487	19.240048237486945	26.665077870684012	9.574955532740782E-4
4.0	35.79444132296438	17.698147990360848	20.63007262824177	25.87694759950304	3.9045892995860404E-4
5.0	36.944099064613134	17.8495431445537	19.744528901444212	25.46099251590052	8.363734884380832E-4
6.0	27.104506386018322	17.889252441648658	16.15356309599273	38.852505043104294	1.7303323599502008E-4
7.0	26.790024571305427	23.157145832596264	17.22276376665344	32.81597521330888	0.014090616135991224
8.0	26.443917544338763	21.99988955450547	17.952644418870005	33.603526982884716	2.149940104862495E-5
9.0	34.98510465654993	18.089657521916184	18.738785546144186	28.18644482552684	7.449862861171542E-6
10.0	29.87261992115751	22.94731918892414	22.709202099340594	24.470856164397354	2.626180395867982E-6
11.0	27.74223418424919	22.826272307103157	20.54876014013507	28.873954666005247	0.008778702507332056
12.0	29.84195240692007	20.27578845084123	19.514345287318065	30.367909047592683	4.807327955095851E-6
13.0	30.18891882089396	20.09392443378179	19.511170203590282	30.20596645281429	2.008891967248947E-5
14.0	30.238670074609658	20.320510571560433	19.824190072126267	29.61651319446859	1.1608723505330697E-4
15.0	30.613834006917884	20.307814828837472	19.649945401497074	29.42837523411157	3.052863599794493E-5
16.0	30.727061826072593	20.17755676973108	19.893024892676063	29.202329921507808	2.6590012455677228E-5
17.0	30.703903267480754	20.25447458713242	19.95147769578587	29.090138350024596	6.099576359587837E-6
18.0	30.745791183227496	20.077810528577658	20.093579708199456	29.07861064940096	0.004207930594428484
19.0	30.526852233067448	20.226777258157036	19.78887425395815	29.457420856718784	7.5398098582857E-5
20.0	30.27006881633369	20.433889092538788	19.702499516204263	29.59353472322077	7.851702487267548E-6
21.0	30.13620380431406	20.426965819395633	19.70341541969071	29.73331060172757	1.0435487202464283E-4
22.0	30.129791830156154	20.1605275665259	19.670491028287124	30.03900076205703	1.8881297378698557E-4
23.0	30.266457373987592	19.969203398859857	19.909687711039947	29.854278750060825	3.727660517721469E-4
24.0	30.288200653265022	20.004969275854506	19.961561045418875	29.745263330970385	5.6944912122786825E-6
25.0	30.374801453304638	19.98078280652731	19.94375237780293	29.698407345531162	0.002256016833955534
26.0	30.332906504563596	20.0284888289924	19.89334760914457	29.74524388384303	1.3173456402222089E-5
27.0	30.268753503648192	20.07679689062902	19.936327363300013	29.71811828536129	3.957061486140392E-6
28.0	30.255723644476824	20.063937184313076	20.005355238510443	29.674812685512652	1.7124718701182445E-4
29.0	30.215138376707273	20.05402845461937	19.927324607327165	29.802513725342855	9.948360033344681E-4
30.0	30.267613399352676	20.022896825286903	19.96027004662717	29.749095586710904	1.2414202234361133E-4
31.0	30.299432689655227	19.95383406722561	19.939051638619326	29.80767407735414	7.527145699000902E-6
32.0	30.34690023963788	19.96537765154877	20.014663619419544	29.67279266885595	2.6582053785390963E-4
33.0	30.438983141453797	19.91630754539044	19.970307957768547	29.67435909806287	4.225732434860179E-5
34.0	30.226270553955565	20.003931608469216	20.02024651305471	29.749503176917074	4.814760343297762E-5
35.0	30.204597221961233	20.069522805045473	19.951211055276268	29.774421793446965	2.4712427005892166E-4
36.0	30.2868402228487	19.96054095163644	20.003294159870812	29.749206399507855	1.1826613619466424E-4
37.0	30.273246540731957	20.011370613332335	19.912200267743902	29.80317225033298	1.032785882125929E-5
38.0	30.360396098001928	19.858043265528817	19.92303683728846	29.858481939280423	4.185990036875601E-5
39.0	30.35352397641178	19.932297520023955	19.93687360941275	29.77728052925041	2.4364901103813948E-5
40.0	30.268257556668633	19.951689049841363	20.047627247459477	29.730905500043107	0.0015206459874220865
41.0	30.308234393612043	19.92458341043314	19.943269171075148	29.82388355493155	2.946994811788431E-5
42.0	30.22943039481239	20.032054628768556	20.03092114697577	29.70740021948189	1.9360996139794592E-4
43.0	30.29923218128077	19.927837669420185	19.96726932235854	29.805626655028288	3.4171912210863076E-5
44.0	30.26127785375488	19.95002530443544	20.025349381312285	29.761245875496694	0.00210158500069963
45.0	30.2992016285754	19.93938683611623	20.02903298683665	29.732375343422202	3.2050495170535238E-6
46.0	30.301386013988076	19.878658295141744	20.09776440341277	29.722158699047547	3.258840986593638E-5
47.0	30.243321116431908	19.968693122225943	19.984938376852526	29.80302115723324	2.6227256378949586E-5
48.0	30.288849762690802	19.93330144959147	19.990898566035185	29.78629934165353	6.508800290088603E-4
49.0	30.362649113790773	19.931031240938466	19.9945511429432	29.706902774248828	0.004865728078726204
50.0	30.325897952504178	19.923730942934732	19.977072645630145	29.773295213794242	3.2451366990654933E-6
51.0	30.33346703968604	19.862479494715853	20.018635754771772	29.784318028673518	0.0010996821528158663
52.0	30.268169545377155	19.898975952292023	20.07905474945188	29.753727527142747	7.222573619844348E-5
53.0	30.35946566884307	19.879931564697536	20.00102797965912	29.75947340905712	1.0137774315091967E-4
54.0	30.309518896418393	19.877649944144302	20.038599436778654	29.773944122979724	2.8759967893383595E-4
55.0	30.276619717468243	19.932686586724778	19.988807013350886	29.801550328194853	3.363542612359634E-4
56.0	30.280682587979346	19.935879023823	20.01065919615436	29.772774481837306	4.710205989554458E-6
57.0	30.28098002463467	19.93519082368187	20.067678520726627	29.713720864180154	0.002429766776675361
58.0	30.32029199594708	19.965088095908616	19.978335056150136	29.736266381741068	1.847025309854124E-5
59.0	30.357126854606225	19.935191405755525	19.988939982916314	29.71873653278841	5.2239335274404565E-6
60.0	30.368698417059097	19.943050494333818	19.967887747993515	29.7193700790221	9.932615914675267E-4
61.0	30.343269263369276	19.985997021151338	19.956789692244573	29.71382083995366	1.231832811525612E-4
62.0	30.328867047905057	19.933288859047877	19.979865215369365	29.757937707535515	4.1170142185442416E-5
63.0	30.397574629358857	19.917352160193587	19.95167723765194	29.732915002181937	4.809706136747261E-4
64.0	30.348762385237226	19.873383421551477	20.017221966286566	29.760557623368268	7.460355646031327E-5
65.0	30.317438805156133	19.93408349745111	19.99444076061079	29.74910506541079	0.004931871371176419
66.0	30.286129244038918	19.947385318459414	19.985140930640725	29.765356588114734	0.015987918746212998
67.0	30.30525711316002	19.93415568614687	19.992370354673668	29.767142248086152	0.0010745979332860774
68.0	30.316297154386195	19.954141580398318	19.97743694150944	29.751955922332453	1.6840137359646641E-4
69.0	30.312588158882303	19.940114163278725	20.003956799781804	29.743309642219145	3.1235838024882996E-5
70.0	30.354121336279583	19.871403171552515	19.98412113425291	29.790257455586826	9.690232816946373E-5
71.0	30.232466694395026	19.94243455504462	20.04954968886486	29.767105094417794	0.008443967277695332
72.0	30.34009894063368	19.893871990843348	20.01662510660739	29.74575558794595	0.0036483739696333804
73.0	30.30336137159925	19.933630188800635	20.01357368865362	29.747923085577387	0.001511665369104523
74.0	30.358163524690546	19.910833710730614	19.965697451310653	29.765293926743674	1.1386524515578385E-5
75.0	30.286452010291775	19.929414556915905	20.029514246460536	29.752533703720342	0.0020854826114371553
76.0	30.268918503250458	19.955477702175763	19.998389074428893	29.777212728274005	1.9918708761737038E-6
77.0	30.32211647726088	19.938100057262837	20.007903888657978	29.73174122580229	1.383510160166474E-4
78.0	30.307148477040062	19.93271367391306	20.01289416618886	29.747240676991314	3.005866700332374E-6
79.0	30.380289159618982	19.89851489940917	20.01494051614427	29.70594689013436	3.0853469321624115E-4
80.0	30.431183839621394	19.882186217732688	19.979394014083795	29.706660722568927	5.75205993188704E-4
81.0	30.319695328597803	19.917059511794932	20.044392098300154	29.706717816670558	0.012135244636554859
82.0	30.292247602596646	19.903162655770444	20.084442083007517	29.71693876917988	0.0032088894455157228
83.0	30.362322358744265	19.94509957315105	19.927428452138454	29.762566353855814	0.0025832621104152184
84.0	30.367853430557094	19.938917315536955	19.978587828087075	29.714615387258515	2.603856036108192E-5
85.0	30.381845336080556	19.930472565205186	19.982433144001504	29.705063547673653	1.8540703910525883E-4
86.0	30.31132087560819	19.929387656169137	20.017286994997043	29.74167820268524	3.262705403875607E-4
87.0	30.337840596589455	19.911475199569765	20.03350701690425	29.71715708148913	2.0105447400850242E-5
88.0	30.3284119238999	19.944940114310615	19.991960407596174	29.731817416498284	0.00287013769502402
89.0	30.2902643909108	19.988964926426537	19.987673655389166	29.73305239330677	4.4633966725824145E-5
90.0	30.383114673489942	19.951477056353568	19.959017769302847	29.70636133586123	2.9164992413820912E-5
91.0	30.333706475841886	19.927329023725655	20.027675760839127	29.71126313440397	2.5605189362968912E-5
92.0	30.329204609268174	19.94617798196759	20.030962795645	29.693631541850923	2.3071268317125425E-5
93.0	30.34258294589322	19.94958679047001	20.02815939800901	29.679567738850167	1.0312677758863602E-4
94.0	30.36360389719271	19.91465842414608	20.024662803611744	29.697059562047833	1.531300163446227E-5
95.0	30.37746559298311	19.97887782297466	20.00192561210285	29.64172408377766	6.888161723906381E-6
96.0	30.338976634879145	19.953368331314238	20.037971620145058	29.66967650110685	6.912554710012454E-6
97.0	30.332184306668392	19.950774006865064	19.97924303351343	29.73751421883743	2.84434115685289E-4
98.0	30.26664604143451	20.000603310000546	19.99608384108667	29.73649594820078	1.7085927749781762E-4
99.0	30.297386250614217	19.98165650713043	20.02167928910612	29.6992655899868	1.2363162435242628E-5
100.0	30.29859950455687	19.97512150513103	20.02048490977297	29.705789764428232	4.316110905253602E-6
101.0	30.38151356953818	19.99171976486268	19.97753669562527	29.648387357789023	8.426121848501817E-4
102.0	30.331886192006202	19.94514104133433	20.012859238329668	29.709984149890943	1.293784388537629E-4
103.0	30.309680879487015	19.944906003122316	20.001691144883804	29.74360082563232	1.2114687454160643E-4
104.0	30.31463598869482	19.977860204692526	20.012847935731266	29.694646557765996	9.313115392518258E-6
105.0	30.36947295902933	19.966771255714516	20.035657419615507	29.628091216007657	7.149632991464466E-6
106.0	30.377288050918487	19.93857824005518	20.011031219897248	29.673006965911895	9.552321718573329E-5
107.0	30.32060084917526	19.951129157922267	20.040723077617002	29.687379489392274	1.6742589319718214E-4
108.0	30.330627087894857	19.957931259422722	20.011818396712293	29.69959709257176	2.6163398372053234E-5
109.0	30.378496869725836	19.954197945786454	20.003249615096916	29.664044948637564	1.0620753232427645E-5
110.0	30.297004841308222	19.948168755558246	20.042558003472106	29.712088174291118	1.802253703096579E-4
111.0	30.341259760037392	19.956254469063374	20.016752551709853	29.685609716886024	1.2350230335743325E-4
112.0	30.28320407592521	19.96770776314544	19.998412464383662	29.750666068939573	9.627606120769846E-6
113.0	30.316515473289442	19.94918948764527	19.997666448657707	29.736620058435136	8.531972440500413E-6
114.0	30.355496266744353	19.99703854273223	19.99236442171277	29.655100768810644	0.0
115.0	30.391261839159352	19.953640408463606	19.981725568870946	29.665982408709944	0.007389774796154094
116.0	30.292252723468042	19.99164747363943	20.039084000205193	29.677014650042384	1.1526449492951197E-6
117.0	30.310783314263816	19.983883890826284	20.053875964903227	29.649925331789966	0.0015314982167049479
118.0	30.35235458389755	19.970295133566974	20.038124383074603	29.638713919123898	5.119803369762655E-4
119.0	30.333048749930235	20.00614367169225	19.97599470218073	29.684809953255563	2.92294122035941E-6
120.0	30.32383887516228	20.011126900577487	20.003858885818623	29.66116241439338	1.292404822946972E-5
121.0	30.301066329802907	20.022854356239144	20.034588283638072	29.641486307467236	4.722852645976129E-6
122.0	30.304813974118684	20.0179299266184	19.99222063791315	29.685033681256844	1.7800929217999008E-6
123.0	30.31835744822498	19.989302436660182	20.029895294027313	29.662420375101828	2.4445985694280718E-5
124.0	30.243650381345265	20.03071890878811	20.006051322507084	29.71957938735954	0.0
125.0	30.277460627465093	20.044909741145574	20.019086501450175	29.658338336565947	2.047933732141122E-4
126.0	30.30229986717343	19.993649941366424	20.054298371435117	29.64972275963428	2.906039074916222E-5
127.0	30.352393816758095	19.96349471453316	20.053910587556047	29.625074835488235	0.005126045664465633
128.0	30.305391967830296	20.024580097297708	20.052331425203093	29.6176965096689	0.0
129.0	30.331231511522283	20.003355075434087	20.029838496731735	29.634309024282118	0.0012658920297733127
130.0	30.30279479615412	19.97757206202458	20.047727968645308	29.671892180081077	1.2993094912516564E-5
131.0	30.348974919910944	19.998485095041246	20.007266665842888	29.645268341695612	4.977509310835588E-6
132.0	30.360095277373972	20.019668291718755	20.036278506580352	29.58393915006553	1.8774261391300308E-5
133.0	30.336782871588564	20.06046335551293	20.03715442846137	29.565598715027498	6.294096360424933E-7
134.0	30.268020163200575	20.03023244357076	20.046165246846336	29.655568219106737	1.3927275590536425E-5
135.0	30.24334127785399	20.024149218038513	20.07031168922455	29.662195904131917	1.9107510355984E-6
136.0	30.271526211287664	19.990312512327673	20.09215322791864	29.64522933212319	7.787163428301584E-4
137.0	30.303872602260746	20.047917262759018	20.0797946385702	29.56841549641004	0.0
138.0	30.331456765798848	20.045248004213484	20.0353804419048	29.587911543028177	3.2450546924113904E-6
139.0	30.292744718860504	20.05773018979885	20.04498508945413	29.603722162430234	8.17839456285697E-4
140.0	30.266697899581647	20.045727349130843	20.013206029290306	29.661269464410978	0.013099257586229839
141.0	30.29454893449863	20.0434988006473	20.062034119023707	29.59991682150067	1.3243296925126293E-6
142.0	30.260900943870283	20.004706247024416	20.0835547243431	29.650806074012987	3.2010749209584576E-5
143.0	30.27011668054117	20.058685075805588	20.018446491419624	29.652650981102692	1.0077113092517875E-4
144.0	30.456130255819357	19.97856046073502	20.026075755090258	29.536131220260458	0.003102308094903845
145.0	30.418236220767014	19.955556588847966	20.18310533352609	29.443099132091373	2.7247675574024907E-6
146.0	30.584074975012282	19.876698043715493	20.11204944999527	29.427174782069464	2.7492074979823395E-6
147.0	30.506704183692037	19.865402060650386	20.108548152070295	29.517196475685363	0.002149127901922344
148.0	30.417428171199347	20.07476004956911	20.092515762435625	29.4152407597025	5.5257093419530666E-5
149.0	30.38286111901553	19.9950402305926	20.262029160016287	29.360015181182696	5.430919288534056E-5
150.0	30.138451405809537	19.939432573657122	20.456310837852516	29.465805182680825	0.0
