# Position (bp)	A	C	G	T	N
0.0	22.67325678991919	28.536546021709658	27.472545047130648	21.313407115177036	0.0042450260634728145
1.0	27.159355482756116	18.40402057198457	18.55312955106193	35.87589283739855	0.007601556798832401
2.0	29.555046512641	20.813019636568065	19.03179433159404	30.5952904484937	0.00484907070319607
3.0	34.62833952559223	18.9470529891168	19.942090590291517	26.479211383708666	0.0033055112907805157
4.0	34.09257112035141	18.242645870159063	21.33417063070138	26.32801955928747	0.002592819500674035
5.0	35.26486365668306	18.54276952999396	20.552921754542815	25.638013787262075	0.0014312715180889192
6.0	26.520191343015682	19.105698463327585	17.166525512304133	37.205155376570644	0.002429304781949325
7.0	26.81135434518141	23.047680380840156	18.727838072466504	31.410562950884813	0.0025642506271158737
8.0	26.250017358703577	22.32356662583378	18.96968906307791	32.454321182762406	0.0024057696223274195
9.0	33.724269391537966	18.660778032269178	19.636186527452335	27.974818055151907	0.003947993588614768
10.0	29.22897904921198	22.9997361450261	23.094634096038913	24.674717205473108	0.0019335042499009324
11.0	27.483329552655345	22.94327538419432	21.02393383904619	28.54592781937391	0.0035334047302333334
12.0	29.16063318617527	20.77756042830313	20.086226493329107	29.97396034049611	0.0016195516963828387
13.0	29.39331578322199	20.64125586864762	20.108433084007846	29.85576648326625	0.0012287808562964193
14.0	29.355644234886018	20.797969699120234	20.497799610535353	29.343029916406255	0.005556539052136323
15.0	29.590755102235704	20.827505348234006	20.427905493776912	29.152898589843605	9.35465909770805E-4
16.0	29.65676451787057	20.756130791517922	20.467839561459105	29.117141472730403	0.002123656422005211
17.0	29.658128680986195	20.834182223595164	20.510604083944504	28.995585251241003	0.0014997602331367544
18.0	29.53533619545508	20.847989245234817	20.54658243346813	29.05071750359842	0.01937462224354621
19.0	29.457663735826056	20.91920173315873	20.349684123684366	29.27208773872737	0.0013626686034729752
20.0	29.33028253726745	20.92611394633783	20.335007612393984	29.407525517526995	0.0010703864737402087
21.0	29.361304782572233	20.939458083978558	20.38097213485306	29.31653328938554	0.001731709210611058
22.0	29.34388952339378	20.70689356328024	20.40312880617824	29.54501817044325	0.0010699367044899018
23.0	29.473128562823458	20.533630213812685	20.529779169858852	29.46202277445155	0.0014392790534522954
24.0	29.436222438508352	20.601065851996115	20.5415407113264	29.419440276993175	0.001730721175956977
25.0	29.485733484184273	20.567471997856615	20.558314394333408	29.387644079142696	8.360444830105068E-4
26.0	29.460571959119786	20.60015894233364	20.469871329804565	29.467764799560808	0.0016329691812059244
27.0	29.384048203047115	20.62925665587959	20.502233641875183	29.483684005615835	7.774935822764119E-4
28.0	29.342374048749353	20.6523883273478	20.603238231428346	29.400794447457884	0.0012049450166097785
29.0	29.367876521613752	20.642976359374355	20.51342191434716	29.471935926611593	0.003789278053142779
30.0	29.305220179149366	20.658247989968913	20.539336636578227	29.496258730814933	9.364634885567088E-4
31.0	29.34660063570858	20.574405874154145	20.500269905850256	29.577705071644527	0.0010185126424840426
32.0	29.41494226586354	20.550536616080922	20.6053810468738	29.427271938903026	0.001868132278710391
33.0	29.515500604624762	20.544409071839294	20.551319069124652	29.384743713136395	0.0040275412748944995
34.0	29.269963469432657	20.641158036823924	20.599870369012248	29.486649395749133	0.0023587289820399637
35.0	29.324811190080798	20.72250824457041	20.489394832805328	29.461792691904492	0.0014930406389736162
36.0	29.388456634349048	20.634887310231726	20.497862854375576	29.474614285054457	0.004178915989192403
37.0	29.35980216648979	20.643139633068238	20.424823968939414	29.571049479462125	0.0011847520404341815
38.0	29.3819523303354	20.503381492455432	20.50094092826153	29.61221250254646	0.0015127464011763117
39.0	29.423628817647412	20.531849479161917	20.46857699722132	29.57495195809388	9.927478754688961E-4
40.0	29.357950917490673	20.579204467575334	20.59463320218909	29.46731581337419	8.955993707193148E-4
41.0	29.39360292493804	20.57799425809143	20.45338175512641	29.57340563884867	0.0016154229954440983
42.0	29.307216954842648	20.702880006803895	20.472550130952357	29.515832713785954	0.00152019361514573
43.0	29.312739033607638	20.573061467111657	20.49227765359554	29.617835183683074	0.004086662002092866
44.0	29.33640476739983	20.600256754635506	20.511775731399233	29.5500904820588	0.001472264506626538
45.0	29.369933351724047	20.55703857299182	20.53774499304514	29.530615952748647	0.004667129490341125
46.0	29.363846246773882	20.52905092299379	20.58239820310951	29.52367871788983	0.0010259092329946646
47.0	29.33017599881495	20.61482174133704	20.480724801011334	29.572573104189516	0.0017043546471649219
48.0	29.31674478194059	20.584386278725393	20.494315088859384	29.598568843024044	0.005985007450594081
49.0	29.34985723119279	20.570696864400347	20.58376956840308	29.494252155242506	0.0014241807612735068
50.0	29.382707396857395	20.53681185110858	20.528606724656683	29.55018599355	0.0016880338273431992
51.0	29.3799092833072	20.455568173592496	20.569237903742874	29.590022151850476	0.005262487506962056
52.0	29.37324394379238	20.542910175430716	20.569793544363822	29.512907903840023	0.001144432573055825
53.0	29.387163441532888	20.55552022199797	20.490183288548955	29.566026010177364	0.001107037742823845
54.0	29.277323652108823	20.552523807497273	20.562082816372094	29.60614919255838	0.001920531463434063
55.0	29.272479892908475	20.641473825120425	20.53760821620198	29.546484962199766	0.0019531035693516356
56.0	29.30307050411275	20.57651281046409	20.55076124882055	29.568662445793738	9.92990808877073E-4
57.0	29.34876012222122	20.49446862000458	20.579800653716614	29.57488446331144	0.002086140746145966
58.0	29.31868040627813	20.610064461064567	20.536320699655096	29.532769437585525	0.0021649954166823833
59.0	29.407829456320183	20.5715395356564	20.51431598891897	29.50543949210454	8.755269999057125E-4
60.0	29.339475714733787	20.629486456599995	20.52870666079255	29.500005306576742	0.0023258612969228403
61.0	29.327512444534797	20.625707688865617	20.545095041833854	29.50107154173675	6.132830289821659E-4
62.0	29.389024539337548	20.595127781199192	20.53639881765114	29.47837483018303	0.0010740316290888897
63.0	29.393569165247722	20.56208072593472	20.53945734227662	29.50112220259792	0.0037705639430166624
64.0	29.329311798363683	20.489862566965176	20.61389099934388	29.56626371114539	6.709241818657985E-4
65.0	29.341667580509558	20.568938794411892	20.550964610648215	29.536333578499335	0.002095435930998692
66.0	29.293859609035866	20.62019090043897	20.510794248285872	29.53639301801881	0.038762224220484406
67.0	29.27424974323482	20.56699695844721	20.569167137265225	29.5858591148218	0.003727046230941938
68.0	29.288192065832252	20.57293589756071	20.518583825782734	29.616821455699977	0.003466755124327099
69.0	29.32609481892917	20.55948766578468	20.519974001777996	29.593750291332594	6.932221755558865E-4
70.0	29.366380654925806	20.47889957367819	20.54099929524037	29.612950247050986	7.702291046471773E-4
71.0	29.227154253314268	20.551070385166078	20.602384494170625	29.59873918058858	0.020651686760450857
72.0	29.311428126469174	20.502518867708062	20.637017957459232	29.54810746843421	9.275799293184094E-4
73.0	29.2395393227733	20.53263745064199	20.632023504482085	29.588423221322806	0.007376500779819075
74.0	29.29830714518188	20.505102144441288	20.550354913479776	29.646062414640202	1.7338225685243833E-4
75.0	29.26198025970292	20.576953412819012	20.599966453875076	29.560550755486688	5.491181163052137E-4
76.0	29.287619653273417	20.52247967164717	20.538227164374643	29.651321330356232	3.521803485377975E-4
77.0	29.33377624000132	20.536153735947327	20.543583410778606	29.58610625449299	3.8035877975832005E-4
78.0	29.271057833616098	20.557607257186927	20.556917060611273	29.61418778306048	2.3006552521786567E-4
79.0	29.241199494617554	20.522347090107463	20.598355496652694	29.637737078442015	3.6084018027575404E-4
80.0	29.360968307191055	20.476422817907434	20.576709771687312	29.58561316322157	2.85939992633146E-4
81.0	29.282670324165984	20.464338070424347	20.689426382773387	29.534114660505562	0.029450562130720635
82.0	29.259546808416054	20.514100846135445	20.642757042484593	29.56890912670439	0.014686176259518229
83.0	29.349343430580227	20.48719857215614	20.535323939539367	29.627733458106757	4.005996175074852E-4
84.0	29.326566335488934	20.546410899097925	20.545898601805877	29.580692755361326	4.3140824593721286E-4
85.0	29.33547782557634	20.549910897218457	20.580782438394397	29.5335021558354	3.266829754067611E-4
86.0	29.25621484249244	20.50835477504281	20.625939377810575	29.609353543112476	1.3746154169717167E-4
87.0	29.310994237359882	20.453678051024337	20.621229603959463	29.613820336514184	2.777711421338268E-4
88.0	29.33445477389614	20.5283680121147	20.608687403775292	29.52147379067678	0.007016019537088644
89.0	29.287231679701453	20.527210223438445	20.548002715221436	29.63727171872212	2.8366291654835556E-4
90.0	29.269845094318786	20.524249816783623	20.57068853502911	29.634987085217485	2.2946865099682614E-4
91.0	29.223720316171086	20.55727083557554	20.620744093404323	29.598032677123896	2.3207772515093032E-4
92.0	29.242920235667814	20.491816992021423	20.68042872921301	29.584511178312646	3.2286478510853685E-4
93.0	29.275268560416368	20.516453428240624	20.64993907897871	29.557982495379687	3.5643698461439757E-4
94.0	29.275502285281142	20.53935701831322	20.617412275782815	29.567608150580497	1.2027004232603464E-4
95.0	29.31728228473771	20.543259232596164	20.60547425172203	29.533923325394294	6.090554980505656E-5
96.0	29.292077711352544	20.479372189009606	20.63879274710495	29.589633962008055	1.2339052484159742E-4
97.0	29.199254282809868	20.59171608731043	20.606157793457346	29.60249672717179	3.751092505692283E-4
98.0	29.184730813443622	20.509122902543776	20.66863780988219	29.634719419521673	0.002789054608738425
99.0	29.142151103831132	20.55601216154059	20.708111775859425	29.593499959339386	2.249994294657324E-4
100.0	29.197335531434003	20.481805487009883	20.6935694791069	29.62236399986039	0.00492550258882459
101.0	29.213152325469714	20.55276065695389	20.649667648101104	29.583823222571446	5.961469038448164E-4
102.0	29.140595088057395	20.48030021539122	20.73522356343611	29.643410112015545	4.710210997266059E-4
103.0	29.219685174510634	20.49661495246711	20.682192550775714	29.60140475540886	1.0256683767977404E-4
104.0	29.154034539249523	20.519465528894425	20.724140760375263	29.602150567541784	2.0860393899864546E-4
105.0	29.239814490538805	20.502014638408667	20.711579483587506	29.54641450964161	1.7687782341225622E-4
106.0	29.190143406478246	20.45315899745828	20.7138849535915	29.64256055936521	2.5208310675863617E-4
107.0	29.20074256735843	20.452141665774278	20.770028561411436	29.576720469304917	3.6673615094273194E-4
108.0	29.2072156853365	20.470416579616852	20.74249786315283	29.579645629077717	2.2424281610108267E-4
109.0	29.279443612765892	20.459254295025673	20.686761901167618	29.574311463554753	2.28727486067637E-4
110.0	29.14057690257132	20.45302597158995	20.755868299778882	29.650412078824615	1.1674723523089101E-4
111.0	29.182299033158504	20.435567618879528	20.78319646813859	29.598340603924132	5.962758992436836E-4
112.0	29.148950782113207	20.380862902927586	20.770934069886092	29.699130335134484	1.2190993862647323E-4
113.0	29.104232455283146	20.428618120939888	20.821166684270363	29.645733238301098	2.495012055066579E-4
114.0	29.143775282372612	20.50589657643831	20.782019796212207	29.56783990644857	4.6843852830241706E-4
115.0	29.186309251280907	20.469431766451216	20.75950405756403	29.567471050602034	0.017283874101816858
116.0	29.075130737891016	20.497838425073013	20.8359343583387	29.590648669514135	4.4780918313335665E-4
117.0	29.130917129145406	20.449931329611427	20.822536030106424	29.588106454280606	0.008509056856138066
118.0	29.10879599527309	20.470695384359303	20.860112138784633	29.560207329546824	1.8915203615073716E-4
119.0	29.142003190426387	20.40636059609163	20.85414998899517	29.597291448761325	1.9477572549088355E-4
120.0	29.082020406462682	20.415498309835684	20.904325756457713	29.598004933452604	1.5059379131917148E-4
121.0	29.02177519701369	20.533907092492743	20.89869348817918	29.54520945665699	4.1476565740356696E-4
122.0	29.06421061777739	20.45436260832907	20.85769698217927	29.623193442812873	5.363489013965453E-4
123.0	29.01994194644468	20.437341229417136	20.865768242604506	29.676726281877073	2.2229965660260545E-4
124.0	28.99570336180647	20.449379095692922	20.88948312867246	29.665088329398547	3.460844296038314E-4
125.0	28.98055926806001	20.419933720553043	20.939124720362972	29.660382291023975	0.0
126.0	29.00785156137727	20.516343569230077	20.93310239770664	29.542577506520058	1.2496516595998864E-4
127.0	29.12185134202847	20.430109632333217	20.867672984052827	29.568291277255515	0.012074764329971328
128.0	29.11780429346273	20.451714609559048	20.91008776427383	29.52005151827135	3.418144330460725E-4
129.0	29.07095079520009	20.397887121777575	20.92531721880921	29.605557788367687	2.8707584543836485E-4
130.0	28.921945054978277	20.482545114839144	20.99604857800204	29.599385670275453	7.558190508726687E-5
131.0	28.994508085984027	20.488756365264244	20.95073265490475	29.56528342912873	7.194647182496223E-4
132.0	28.918649363337686	20.534246784460926	20.782143941488467	29.753934720698012	0.01102519001490945
133.0	29.29909321253697	20.251858248941538	20.644645590670148	29.804221898143247	1.8104970810260812E-4
134.0	29.433577013515468	20.318618388682992	20.802193995044878	29.445513557682133	9.704507452576498E-5
135.0	29.15251257385768	20.38681225760135	20.6537778084755	29.80658340606601	3.1395399945999915E-4
136.0	28.985822071892763	20.551058056033867	20.44346684803254	30.01942555848481	2.2746555602817843E-4
137.0	28.17577902464382	20.941698278086584	20.62568796131585	30.25658541814959	2.4931780415837166E-4
138.0	28.59870184728622	20.970743249026107	20.922980505622476	29.507160270232212	4.1412783297948414E-4
139.0	28.512410770969787	21.278394574255586	21.770334928229666	28.438085505024695	7.742215202613772E-4
140.0	27.794332467229665	22.017992111450056	22.199396965752104	27.970614886502737	0.017663569065438225
141.0	28.569723853297834	21.30189323644264	20.898433481604624	29.22974368681154	2.0574184336461982E-4
142.0	28.694431838361517	21.630887314772796	23.201248988772914	26.472445295081	9.865630117795623E-4
143.0	30.43472913598391	19.60939253528965	21.889883377352515	28.063227738541435	0.0027672128324883086
144.0	33.19549187066272	18.97465805907225	19.682582030147262	28.142924948270675	0.00434309184708594
145.0	27.048587521094042	20.747770058515417	19.260933679395624	32.94270874099492	0.0
146.0	27.39855986794046	21.056792559633926	19.383911884409954	32.16041945348348	3.1623453217844485E-4
147.0	27.63302060673432	20.393351924434523	19.697623086186685	32.27504607845956	9.583041849143755E-4
148.0	29.92139450535976	19.834334725171182	20.581667753031603	29.662603016437455	0.0
149.0	32.600729021098616	19.785202630730293	19.584868414623422	28.02757120008339	0.0016287334642835038
150.0	23.992000957150427	25.101611772950243	25.352180081015945	25.542242808552825	0.011964380330558737
