# Position (bp)	A	C	G	T	N
0.0	25.171858953643557	25.34041466906413	24.07200398902074	25.361452826709492	0.05426956156208142
1.0	28.275707029008746	18.349594758661347	18.170751164254202	35.198444557934444	0.005502490141260082
2.0	29.846460230799003	20.01303960581973	19.467046587953224	30.668939591502426	0.004513983925612634
3.0	33.756721736083406	18.945157419094922	19.673604787911753	27.620659966157586	0.0038560907523335197
4.0	33.22836628387725	18.525122434507253	20.63790651253105	27.607504061772286	0.0011007073121580265
5.0	34.063152263651034	18.67269270757245	20.122873063101608	27.139258613455247	0.0020233522196695863
6.0	27.56376104303262	19.273445968577672	17.774304650985048	35.38370565015137	0.004782687253285833
7.0	28.08497865801885	21.595309135558644	19.090852170933207	31.207943475890964	0.020916559598336427
8.0	27.581236673087417	21.318654571036337	19.218589651220835	31.880782893017546	7.362116378667163E-4
9.0	32.96772876044004	18.669128202764323	19.470210117285987	28.89056817652021	0.002364742989436428
10.0	30.067420829951747	21.54965474935537	21.998968646442705	26.37274795080949	0.011207823440687818
11.0	28.58809906444124	21.645357212926083	20.59576754964828	29.156416238929673	0.01435993405471944
12.0	29.668888074309496	20.205082771047277	19.815170767519184	30.30899127772325	0.0018671094007863466
13.0	29.819759445892107	20.140820488634294	19.80781282628292	30.23026043012062	0.0013468090700572285
14.0	29.8376601891368	20.287447993622855	20.01743467717238	29.853212748466284	0.004244391601687972
15.0	30.022758530286396	20.266375067909717	20.012861494998333	29.697405687339206	5.992194663456406E-4
16.0	30.027556886179717	20.2154103492149	20.096438024538497	29.6573415734838	0.0032531665830880753
17.0	29.961671612463253	20.283110093608318	20.098005352822636	29.655312906612295	0.0019000344934942978
18.0	29.886073153533722	20.31381546277349	20.082682574261174	29.711504640800264	0.005924168631350843
19.0	29.871338101739052	20.315589315958928	20.020389562808507	29.791899837665515	7.831818279997655E-4
20.0	29.81144669535593	20.34089067170554	20.008346852918113	29.838744817898128	5.709621222851919E-4
21.0	29.844008414488233	20.28209222634241	20.048389097614745	29.824112408878577	0.0013978526760368805
22.0	29.81882221629274	20.175753106283032	20.062543529192933	29.942203246572074	6.779016592221449E-4
23.0	29.858188388058092	20.09689038744734	20.119692972494875	29.922562843421513	0.0026654085781791384
24.0	29.865189261028625	20.12860931547341	20.122313185732846	29.881528657426244	0.0023595803388724444
25.0	29.892690543819416	20.116448890299175	20.15729767564853	29.829058612404204	0.004504277828679859
26.0	29.88373038702702	20.13862535861759	20.133072874193044	29.84349328504331	0.001078095119036282
27.0	29.832467093591784	20.179310970073306	20.12840029172484	29.858843642705136	9.78001904935294E-4
28.0	29.81116498579915	20.184427326928322	20.18835413529781	29.814393005470833	0.0016605465038781518
29.0	29.779499890034128	20.195972903662984	20.144423672208504	29.878361896025034	0.0017416380693493644
30.0	29.77240040260254	20.18345360646826	20.143376982229157	29.89968770076599	0.0010813079340576594
31.0	29.827069473356655	20.147793897090665	20.15570572501623	29.868384319256556	0.0010465852798939952
32.0	29.814453642852556	20.1964700865705	20.16373391264238	29.82404757230152	0.001294785633040736
33.0	29.885036167841193	20.146461140729464	20.15640616575422	29.809315682215725	0.0027808434593919644
34.0	29.765014911331516	20.21801892647694	20.169382295475938	29.84574564127258	0.0018382254430220617
35.0	29.764780710692147	20.22979728423192	20.12135868319896	29.881586019986738	0.0024773018902353597
36.0	29.781469676392646	20.20163866874058	20.145279511506246	29.869726185545193	0.0018859578153347413
37.0	29.81123494867837	20.209831230144708	20.095178037511833	29.883305081545807	4.5070211928728473E-4
38.0	29.844182908239052	20.15277149951698	20.105950050897345	29.896198179346168	8.97362000453757E-4
39.0	29.82247372098073	20.19546454304593	20.10866527020655	29.87262727203627	7.691937305259982E-4
40.0	29.79130119324278	20.202415769973108	20.16949963837633	29.834695123380023	0.002088275027763738
41.0	29.798839475125323	20.181576488886414	20.106781442858075	29.91222914213465	5.734509955398289E-4
42.0	29.761834082390255	20.241960830340933	20.13793692077457	29.856298288129963	0.0019698783642800918
43.0	29.756315288464336	20.200126465930122	20.140290805618786	29.90075652154139	0.0025109184453688945
44.0	29.74819123967641	20.212307956376506	20.156793768368118	29.88201622911174	6.908064672290526E-4
45.0	29.743451592688963	20.208270359157392	20.169318795735062	29.87526273769008	0.0036965147285004337
46.0	29.76527163679969	20.167331887295184	20.21890584617695	29.84781674189696	6.738878312166383E-4
47.0	29.7910506109942	20.218750560915087	20.131745884787687	29.857567815443375	8.851278596491921E-4
48.0	29.786337359061164	20.185376956515384	20.122556460776458	29.9002312903413	0.005497933305694768
49.0	29.790331188428997	20.19422662828581	20.156271114478187	29.851438357181	0.00773271162600411
50.0	29.778834668202155	20.21923189465007	20.142882092293934	29.858133544569238	9.1780028460816E-4
51.0	29.772325285935757	20.187367497877855	20.169468226645463	29.86725571078825	0.0035832787526715627
52.0	29.76951708523707	20.189330127427514	20.20881546395502	29.83176624449114	5.710788892590499E-4
53.0	29.80057174059519	20.192237163651665	20.138239823074645	29.866624097715324	0.0023271749631757405
54.0	29.73191686731269	20.224196019356132	20.16214350508422	29.880787410760323	9.561974866333389E-4
55.0	29.7094509473242	20.22364228250097	20.166739344888782	29.89771538996549	0.0024520353205628293
56.0	29.71885497049585	20.21847979200485	20.160778808411433	29.901068768733325	8.176603545387901E-4
57.0	29.74464337209635	20.224798716607207	20.193526226624847	29.831130291192633	0.00590139347897126
58.0	29.764701840240576	20.21699186128126	20.156605776031416	29.858966135881122	0.00273438656562789
59.0	29.797628740835748	20.208814596279893	20.16175656972382	29.83109536556371	7.047275968327066E-4
60.0	29.78747285404701	20.17389414854627	20.151690874164675	29.8832368046669	0.0037053185751454356
61.0	29.770096292465453	20.212603253314693	20.188231429809182	29.828048348645492	0.0010206757651830783
62.0	29.77711262232909	20.194510011048653	20.172984999552796	29.853416510091456	0.00197585697800828
63.0	29.786635096980103	20.224060724964254	20.13906940035745	29.847281609182325	0.0029531685158714622
64.0	29.77894366990751	20.183352236508856	20.175551223408295	29.86073304403144	0.0014198261438948183
65.0	29.715255171832872	20.205716392838703	20.185050860296975	29.886599097652304	0.007378477379146803
66.0	29.725542321781006	20.21102669175523	20.161952931344988	29.87915624829028	0.022321806828494252
67.0	29.766415992029767	20.171952330792678	20.189210559318028	29.87016596501323	0.0022551528463005594
68.0	29.740568666437095	20.258215262867623	20.143758689027795	29.853155734261378	0.004301647406106614
69.0	29.737384497845415	20.229700737231248	20.144307470111666	29.885244548910066	0.0033627459016067054
70.0	29.7564181162908	20.176436047044312	20.142499834807165	29.924168669507594	4.773323501264393E-4
71.0	29.70053183110596	20.228743845282242	20.159897490964436	29.89815298943807	0.012673843209290794
72.0	29.749975481758888	20.179844735701217	20.204135471105726	29.860495790915248	0.005548520518919899
73.0	29.730521690127016	20.21456497590544	20.189682679096013	29.859738993320516	0.005491661551015206
74.0	29.746175454113306	20.19947838673043	20.177123532320262	29.87491691758249	0.002305709253516762
75.0	29.712441443720643	20.236016417974305	20.192339350306092	29.854573269426854	0.0046295185721100685
76.0	29.69895820718863	20.230953336060303	20.17851074511997	29.890757934602853	8.197770282510866E-4
77.0	29.732781603582758	20.236625929121207	20.15464451211696	29.87463574883184	0.0013122063472315701
78.0	29.71275583157677	20.213925779711555	20.186253856071513	29.88525229488932	0.0018122377508425244
79.0	29.761719139461064	20.219536978570822	20.199111967479453	29.817308808865146	0.002323105623519301
80.0	29.78304492765393	20.20969228208824	20.142019772954825	29.864675350938025	5.676663649798204E-4
81.0	29.711936564647463	20.223431785038954	20.197355151776367	29.8493770609023	0.01789943763492268
82.0	29.685292614292475	20.21314047759639	20.21405005203538	29.88288004025488	0.0046368158208759955
83.0	29.736489260000837	20.237614063037263	20.137875553767472	29.883854905582417	0.0041662176120118985
84.0	29.736134517072266	20.22636776653444	20.182723630306697	29.85125967694161	0.0035144091449818794
85.0	29.729785330619745	20.229759420650726	20.193186014815495	29.845761837087352	0.0015073968266809848
86.0	29.686082586000783	20.25323045605743	20.174152765504612	29.885877713765357	6.564786718137082E-4
87.0	29.711439397602074	20.23603685817813	20.193308473285224	29.85901963593586	1.9563499871340218E-4
88.0	29.712965194114112	20.24862141488806	20.171821926034017	29.86238320369148	0.004208261272331888
89.0	29.674056209275584	20.249711582701195	20.18320190189327	29.89249149612418	5.388100057736485E-4
90.0	29.696006899609085	20.24064794771739	20.17252864673366	29.890631268642398	1.8523729746809943E-4
91.0	29.662083286378817	20.25263492252195	20.204660475137082	29.88038568339156	2.3563257059930204E-4
92.0	29.675765353541454	20.26560757971452	20.219089523490386	29.839163260042646	3.742832109987796E-4
93.0	29.6847381570401	20.29084574047761	20.223472068533965	29.800224514334207	7.195196141133288E-4
94.0	29.716119976993955	20.24321213711232	20.21282397702504	29.82752646205421	3.174468144749919E-4
95.0	29.74136920955151	20.270181568771235	20.17962291001501	29.808551438106264	2.7487355598961223E-4
96.0	29.707096734975902	20.260572907886537	20.202240429193605	29.829908473160238	1.8145478371863453E-4
97.0	29.672349317845143	20.288422891660005	20.15216005309429	29.88634866767314	7.19069727421661E-4
98.0	29.656907176133	20.307743404715747	20.199799187996003	29.83437633319232	0.0011738979629290745
99.0	29.68819942900239	20.28693736176632	20.175747646953095	29.848877973656982	2.3758862121568184E-4
100.0	29.674282979222355	20.255535007556414	20.19758147117888	29.870658813492646	0.0019417285497026462
101.0	29.683481232832314	20.25898398386657	20.219838412534656	29.835175190595642	0.002521180170811727
102.0	29.657671778809068	20.245536631988703	20.22610603324442	29.87014744505208	5.381109057232357E-4
103.0	29.691344744663166	20.235381303181068	20.23516395763857	29.837842766391166	2.672281260239291E-4
104.0	29.642830116831124	20.30718182032329	20.207366548636767	29.84243921300355	1.823012052719078E-4
105.0	29.686743219515822	20.27667311759366	20.21864274628607	29.817731129388935	2.0978721551688091E-4
106.0	29.68433627851349	20.260604056201423	20.223798673477162	29.83082745821865	4.335335892740552E-4
107.0	29.660812656578262	20.23961393757706	20.241970811363366	29.857147822510292	4.547719710174545E-4
108.0	29.63788898023076	20.284833116661915	20.258945879071856	29.818125635820536	2.0638821492877652E-4
109.0	29.6966355423727	20.254763723011543	20.205133954508927	29.843219739314925	2.470407919023371E-4
110.0	29.616268802285127	20.283529752179007	20.247804585617416	29.852017716357814	3.7914356063123466E-4
111.0	29.67994955003841	20.262680704089696	20.20003898552465	29.85696673447426	3.640258729834339E-4
112.0	29.662875468728185	20.224094531585138	20.177118236194932	29.93541433935035	4.974241413959142E-4
113.0	29.643070187020776	20.24052812385057	20.25205187633805	29.863974038252966	3.7577453763521987E-4
114.0	29.644251730501452	20.29732770702795	20.225295950137337	29.83283072587036	2.9388646289823877E-4
115.0	29.673372097516154	20.253732434390322	20.27748896495521	29.785232022764426	0.0101744803738911
116.0	29.631311602748095	20.328431703070944	20.254424541121157	29.785569670105836	2.624829539660374E-4
117.0	29.598034293217157	20.281048491549566	20.23618122600994	29.88127186935866	0.0034641198646758577
118.0	29.593233957003374	20.327258890765854	20.239992953616866	29.838600959156462	9.132394574427507E-4
119.0	29.634201487166038	20.316984706676415	20.20854116337968	29.84004864420724	2.239985706255917E-4
120.0	29.62066030375916	20.299742107250214	20.267230855037432	29.811930303266237	4.3643068695682684E-4
121.0	29.645507312319104	20.322008137875223	20.273993024001015	29.758155822093347	3.357037113183265E-4
122.0	29.580850409533667	20.34406349937782	20.260989526258616	29.81389472561768	2.0183921221774646E-4
123.0	29.586745965504996	20.29551799755617	20.268088663887298	29.849414143423182	2.3322962835260183E-4
124.0	29.563513353466597	20.29203084063121	20.257433314246853	29.886682735653896	3.3975600144425095E-4
125.0	29.539232241967394	20.328959312470683	20.24561226334476	29.885623780755978	5.724014611848209E-4
126.0	29.594395827134036	20.323651483760337	20.263762756883274	29.81776997960385	4.199526185071455E-4
127.0	29.623832291969716	20.314608999395023	20.25552616507474	29.79808603643811	0.007946507122414105
128.0	29.64161169444553	20.269655333931848	20.31025020492603	29.777344939302864	0.0011378273937312153
129.0	29.55908373390173	20.25820234752003	20.383820371811943	29.796903903730605	0.001989643035692667
130.0	29.56382623726752	20.2142972523053	20.453380375900014	29.76805312182975	4.4301269741334925E-4
131.0	29.485040431394786	20.23090030340159	20.45746855863359	29.825568213462066	0.0010224931079613488
132.0	29.42637072216125	20.294337394084074	20.45724515992642	29.819692479233527	0.002354244594728912
133.0	29.379995033591705	20.31615421585819	20.451426277783952	29.85209718394512	3.2728882102923273E-4
134.0	29.349201054468534	20.330316395288854	20.38178004403248	29.937998842904882	7.036633052476784E-4
135.0	29.403947757663033	20.258074384354636	20.392791387505973	29.942360563601444	0.0028259068749077374
136.0	29.524781512050417	20.247575790614906	20.44882136253127	29.77774460329315	0.0010767315102582255
137.0	29.857531663359016	20.092339006711978	20.35200153267864	29.697649852081053	4.779451693166523E-4
138.0	29.90826744533845	20.101627148722187	20.45291896247752	29.53604593871369	0.0011405047481583609
139.0	28.866207934264015	20.871045764833525	21.71327574422118	28.5435578352701	0.005912721411180467
140.0	26.490618311971502	22.034419246214203	21.54752282023013	29.909527430848264	0.017912190735896737
141.0	28.777502864031966	19.744495886031142	19.04526064627648	32.43226706404671	4.7353961369676775E-4
142.0	31.350532689436722	19.548556590536943	21.45578175305511	27.644364445927994	7.645210432328294E-4
143.0	30.884173699575122	19.396398211896365	21.623907709327106	28.086022108092635	0.009498271108767789
144.0	34.43263073096069	18.29069757815236	19.51494155014401	27.757130284322656	0.004599856420275998
145.0	27.045181809681214	20.4515164624595	18.96904097226863	33.53401010169198	2.506538986686157E-4
146.0	27.480080148769233	20.820883092047133	18.844249647559604	32.854551787676876	2.3532394715959076E-4
147.0	27.414276816171924	19.972863583988648	19.27352002943997	33.336218337580995	0.003121232818464188
148.0	30.208021898411847	19.790379534875647	20.253640697729907	29.747712769880142	2.4509910246010093E-4
149.0	34.20656689796161	18.743067378310503	19.0116877439467	28.036835647334176	0.0018423324470128052
150.0	24.950369111709232	24.36838111018094	25.2182022186387	25.41502822060818	0.04801933886294334
