# Position (bp)	A	C	G	T	N
0.0	23.060828691095793	29.213413430024215	30.342768887910125	17.360705087644206	0.022283903325661752
1.0	27.48017330324458	18.018715350537832	18.068811324128195	36.405500897425874	0.02679912466351776
2.0	29.816856826753163	20.65392681010285	18.14315667727644	31.38605839891152	1.286956028219471E-6
3.0	34.81543430997858	19.110395320201086	19.626259762828596	26.447790738245835	1.1986874590266832E-4
4.0	34.56708588030019	18.371954693943014	21.022876037409937	26.037836232211887	2.471561349744049E-4
5.0	36.32448459849305	18.12343623816013	20.24218712344487	25.307203147038987	0.002688892862962703
6.0	27.013634447810887	18.572329819255764	16.7335008633368	37.68053360001629	1.2695802683205845E-6
7.0	27.098985303171734	22.880952257260446	18.38544338770704	31.634615250596447	3.801264325856542E-6
8.0	26.186797434851933	22.223618132103347	18.48272236306599	33.10665390674556	2.0816323317969577E-4
9.0	34.346983098772974	18.398671957616855	19.108758267025415	28.14553422645333	5.245013142612691E-5
10.0	29.64649447723694	22.98819627314517	22.984430199903382	24.380390539459917	4.885102545907798E-4
11.0	27.779915596175698	22.836766579984165	20.839598027690194	28.543717904120218	1.892029721995811E-6
12.0	29.580887336085965	20.525146166819344	19.870195524394184	30.02377034250338	6.301971293802332E-7
13.0	29.837240221393152	20.387001296294972	19.833825094002908	29.93398547608306	0.007947912225904791
14.0	29.869036133077316	20.586621569293754	20.136974611073576	29.407365169361547	2.5171938023944844E-6
15.0	30.21439716638616	20.580153240318108	19.980963153670217	29.22448455305834	1.8865671800976017E-6
16.0	30.26255768528103	20.50365744130202	20.16430140507526	29.069481582737055	1.8856046286464787E-6
17.0	30.270843462757863	20.562574532859564	20.146318163116828	29.013277475239768	0.0069863660259748325
18.0	30.27140898114184	20.43040676216513	20.28746548153804	29.010718147261187	6.278938055764504E-7
19.0	30.151005271397818	20.489884741255462	20.086814699291843	29.272291518026762	3.7700281093924174E-6
20.0	29.976025286670726	20.606213574645167	19.984070930077397	29.433688322363793	1.8862429155309677E-6
21.0	29.93245940926002	20.58357370313237	20.02044653150402	29.46324224219985	2.781139037389514E-4
22.0	29.91131182048755	20.383954509572767	19.980358881797443	29.723865973722717	5.088144195185343E-4
23.0	29.98313215612958	20.241967290091463	20.178072118108	29.596788097809856	4.0337861100672114E-5
24.0	29.97777929154084	20.289357723475828	20.2078877019813	29.519579110945415	0.005396172056614797
25.0	30.072873853769412	20.253670905304347	20.18373945608633	29.48656616336322	0.003149621476697282
26.0	30.06281873063173	20.27515213766103	20.140818223510408	29.516581516717626	0.004629391479198441
27.0	30.013694519713546	20.316024369138518	20.197930450630373	29.461783209941345	0.010567450576218471
28.0	29.982093133546282	20.299832119800868	20.267393172709713	29.450444626827554	2.3694711558320844E-4
29.0	29.94537642108328	20.290584293453364	20.183796564711965	29.580235109954266	7.610797128380283E-6
30.0	29.960050218037036	20.290953231823945	20.193618406270254	29.5553762375979	1.906270860361739E-6
31.0	29.985764354360896	20.224168770440983	20.19345430194795	29.596606844363986	5.728886189946951E-6
32.0	30.04896560234397	20.234221815199554	20.252468582467547	29.463514369590676	8.296303982546667E-4
33.0	30.154932100685983	20.166136098110034	20.212175801043266	29.441014833807905	0.02574116635281304
34.0	29.94472452583365	20.28974991715959	20.27198790906003	29.49353316792451	4.480022220910216E-6
35.0	29.92102946034682	20.346333708789345	20.225151650856354	29.507482615212847	2.5647946311872126E-6
36.0	30.025028359032518	20.218631528481062	20.27489606484602	29.48143762372147	6.4239189328154175E-6
37.0	29.99955331618585	20.291944071891525	20.166188516774007	29.541296008714408	0.0010180864342125642
38.0	30.098301873795414	20.116777237050602	20.184085163201555	29.599722899854086	0.0011128260983432404
39.0	30.054944327703346	20.210353990315983	20.188032709825997	29.546666388299315	2.5838553598594465E-6
40.0	29.98107261188629	20.216629572917856	20.29734361473973	29.48835843913654	0.01659576131957947
41.0	30.014764226379476	20.1778735402644	20.19032826640108	29.61702877910702	5.187848021110287E-6
42.0	29.913452718622963	20.297599292790856	20.296679963524653	29.492193309255438	7.471580608719677E-5
43.0	30.01360244412576	20.190581972778656	20.20988320427963	29.585374554805018	5.578240109376726E-4
44.0	29.989997896754904	20.206153363613723	20.27320771000496	29.530120647154686	5.203824717263585E-4
45.0	30.027861090573705	20.190128949855257	20.273975067600855	29.492094257355344	0.015940634614840445
46.0	30.035705743670345	20.13847340518076	20.364194134410795	29.461608388980988	1.8327757113231632E-5
47.0	29.975890930787546	20.231734579611885	20.24287149725644	29.549499057732696	3.934611427152945E-6
48.0	30.01523358539835	20.18915679562747	20.24230547517263	29.553296260385142	7.883416411731762E-6
49.0	30.076279925815975	20.198205112097014	20.2590866938799	29.46350501515584	0.0029232530512753457
50.0	30.038908383131496	20.188183008560326	20.230963412534884	29.53238481328098	0.009560382492310221
51.0	30.052707895807266	20.119049364764006	20.254678977571846	29.57356045915021	3.3027066738057974E-6
52.0	29.985538441752425	20.165529772374942	20.316524860426973	29.53240427834791	2.647097749491097E-6
53.0	30.07924810875227	20.125326479263652	20.238766899181172	29.55665519771205	3.315090852484829E-6
54.0	30.034020266095883	20.134939360023367	20.27975316763517	29.551283885406836	3.320838743975899E-6
55.0	30.012394483057285	20.17946787614713	20.23669658086361	29.568228222704374	0.0032128372276022214
56.0	30.019152208098003	20.18354034385819	20.25509964191477	29.542199804120155	8.002008877655373E-6
57.0	30.00904503255751	20.18954884868741	20.317412566188437	29.483990880276945	2.672289698650567E-6
58.0	30.038342615865048	20.22075578099726	20.228005544951504	29.5128900334516	6.024734588015998E-6
59.0	30.073665770130532	20.214758181906465	20.22801529867922	29.4835553833878	5.365895986949014E-6
60.0	30.087653233265062	20.206866331545754	20.20675277011113	29.4987243052723	3.359805758071394E-6
61.0	30.072027719198573	20.25421235877758	20.17986116042255	29.49389539531351	3.3662877871610956E-6
62.0	30.043051123333754	20.194966011795298	20.21052239189169	29.55145912382873	1.3491505222143436E-6
63.0	30.134544148262123	20.17414221038045	20.174256424772434	29.517055864935386	1.35164960927662E-6
64.0	30.080011823741025	20.12647131768797	20.245923440207044	29.547592064169688	1.354194271775835E-6
65.0	30.044432328990332	20.173423677614966	20.238432236419445	29.543709043480153	2.713495097755662E-6
66.0	30.013733920096268	20.211705505664852	20.239780497637696	29.534776677856335	3.3987448516832607E-6
67.0	30.034353506136952	20.189746190425705	20.24523299701608	29.530657771669546	9.534751721637338E-6
68.0	30.054692367909897	20.211225541450663	20.221492929385747	29.512504543674012	8.46175796856884E-5
69.0	30.037918350287978	20.196202453698636	20.25587198587368	29.510005158676854	2.051462846527377E-6
70.0	30.07800624159836	20.13361899793823	20.22562163032008	29.562752444962676	6.8518065449155E-7
71.0	29.944606441117728	20.201375259237302	20.301189881671654	29.551361161698953	0.0014672562743658004
72.0	30.06497804524691	20.13708391356877	20.248450043817463	29.549486621525162	1.3758416960947168E-6
73.0	30.02693521716956	20.19052238611431	20.249374461911522	29.533167245533026	6.892715856459854E-7
74.0	30.086139243916914	20.161737385415123	20.188981470968994	29.56314189969897	0.0
75.0	30.024098324874732	20.1755524525234	20.26222490173616	29.538123628842477	6.920232281748676E-7
76.0	29.9919008379651	20.1957070974108	20.240405041312314	29.571987023311785	0.0
77.0	30.0451839483596	20.182038537217586	20.260624905555417	29.51215121927403	1.3895933644749082E-6
78.0	30.02759325276208	20.18893237578246	20.26154993660776	29.52144262932802	4.8180551967543357E-4
79.0	30.10268837512397	20.1413826516213	20.25867272607598	29.497219272903667	3.697427507835145E-5
80.0	30.152011009647676	20.13278377935884	20.23723681405926	29.477967697830852	6.991033712631169E-7
81.0	30.044488926598774	20.164065308340284	20.302547539777002	29.487744370157287	0.0011538551266581938
82.0	30.018135200032102	20.13742209463961	20.3289750221267	29.514788838210222	6.788449913693318E-4
83.0	30.095676898607966	20.19327353264839	20.15540993438817	29.555638930898002	7.034574688383289E-7
84.0	30.093825625345865	20.169910193617028	20.210967508682906	29.5252966723542	0.0
85.0	30.124641542537283	20.146494785103542	20.223764205667305	29.50509946669187	0.0
86.0	30.046924986642793	20.148709776678903	20.26959615339658	29.531491111052617	0.003277972229104233
87.0	30.081805825796735	20.13192801998987	20.286302331701364	29.499963112940826	7.095712066165415E-7
88.0	30.05184433760373	20.186409606655722	20.25127627495278	29.51046409172723	5.689060541752026E-6
89.0	30.00237909978656	20.225404381035993	20.236531554753114	29.534213885347206	0.0014710790771288043
90.0	30.106928870816553	20.18849941543979	20.200054177008802	29.49618167814142	0.008335858593435124
91.0	30.05488488901499	20.17120574091593	20.285330252131676	29.48857911793741	0.0
92.0	30.044956561695592	20.178913462535025	20.289205355365457	29.486924620403926	0.0
93.0	30.05738091197673	20.182737013645024	20.284452810784913	29.475428544352226	7.19241110866745E-7
94.0	30.091223108477433	20.15166510913811	20.25950166325533	29.49760723495051	2.8841786118168577E-6
95.0	30.120628714398066	20.200099039051185	20.225559863495057	29.45306119074208	6.511923136121368E-4
96.0	30.072788296345305	20.162017450337984	20.29034324809108	29.474851005225634	0.0
97.0	30.06343813793463	20.179623599602202	20.234042341067347	29.52289592139582	0.0
98.0	30.007610041994752	20.22873373626278	20.25915847425172	29.504497747490742	0.0
99.0	30.00744880951846	20.206505814137092	20.29196070271768	29.49408467362677	0.0
100.0	30.007554672334646	20.208371792927046	20.27526826211215	29.508805272626155	0.0
101.0	30.088846701744114	20.23296372508265	20.223518984193152	29.454670588980086	0.0
102.0	30.07132193698786	20.160370012016095	20.244604856389333	29.523637771483173	6.542312353691109E-5
103.0	30.0421424435718	20.19022577441558	20.241757914680207	29.525873867332407	0.0
104.0	30.048244904173103	20.206669489778044	20.256826275924404	29.48825711302127	2.2171031773305634E-6
105.0	30.102932467395902	20.18528063448968	20.280185925695278	29.428545343313118	0.0030556291060201348
106.0	30.10962279169976	20.15016753621483	20.26127225905137	29.47893741303404	0.0
107.0	30.07195314638656	20.164624890269003	20.28056129985999	29.482860663484452	0.0
108.0	30.05142549788787	20.17818903764458	20.267687352622712	29.502698111844843	0.0
109.0	30.106162405823056	20.19431625180639	20.251495578558423	29.44802576381213	0.0
110.0	30.007427161450007	20.18265021303179	20.305213433586808	29.494045643546606	0.010663548384788196
111.0	30.056340480132874	20.199651420475945	20.26378344961362	29.480224649777558	0.0
112.0	30.011344796857443	20.19786591539203	20.240403805586087	29.54795504768689	0.0024304344775483515
113.0	30.04581099644622	20.16092821023716	20.246062155520335	29.54694416297585	2.5447482043222864E-4
114.0	30.08797660062235	20.215304553890192	20.24212269585166	29.454596149635798	0.0
115.0	30.141248872157444	20.171507244290737	20.228231361981226	29.459012521570592	0.0
116.0	30.033177855249455	20.207395627051703	20.28146718534862	29.477959332350224	0.0
117.0	30.034610364535048	20.199656229637654	20.316761749545403	29.4489716562819	0.0
118.0	30.075147572601985	20.193921930909884	20.288049299512878	29.44288119697525	0.0
119.0	30.061166574519184	20.218336499467267	20.227242359378153	29.493254566635397	0.0
120.0	30.047896657860345	20.232269328285234	20.26167366138417	29.45788115825014	2.791942201135213E-4
121.0	30.03265071881005	20.25265703333915	20.272597937358814	29.44146206630696	6.322441850233207E-4
122.0	30.02529343970957	20.236272538550395	20.242097231164188	29.496336790575846	0.0
123.0	30.037996108186583	20.21209456186846	20.276207659809685	29.473701670135267	0.0
124.0	29.97298763159433	20.23802091156145	20.25814419800994	29.53084725883428	0.0
125.0	30.01978176280218	20.24452302006572	20.25348611432078	29.482209102811318	0.0
126.0	30.043514480931925	20.186714875667363	20.299469285506234	29.470301357894474	0.0
127.0	30.101906297543753	20.163678757828887	20.30501744795187	29.429397496675495	0.0
128.0	30.03595619132683	20.23488784287594	20.304871519040198	29.42428444675704	0.0
129.0	30.077646984977058	20.190577915906076	20.278333339174825	29.453441759942034	0.0
130.0	30.03455601196426	20.18695756166474	20.300471906562628	29.476617953937467	0.0013965658709039132
131.0	30.091643662836926	20.21207509583051	20.248213071546186	29.44772633708243	3.4183270394523487E-4
132.0	30.08828847441248	20.220658784488364	20.2720488116873	29.393683969630196	0.025319959781661794
133.0	30.073150095732316	20.28778551936699	20.269545978262876	29.369518406637816	0.0
134.0	30.015681996151027	20.242803509482126	20.27535886220922	29.466155632157626	0.0
135.0	29.97707087929104	20.2328219878803	20.301043743450162	29.486990776047172	0.0020726133313245347
136.0	29.998301745482664	20.19701717783871	20.316098083607645	29.488582993070978	0.0
137.0	30.026032581093176	20.24954378104188	20.318912176426515	29.405420158011687	9.130342674510151E-5
138.0	30.064047539722182	20.269908841494274	20.262076086861224	29.40147615569923	0.0024913762230870324
139.0	30.014245777245986	20.275533404034725	20.28492367934012	29.425234886161817	6.225321735210324E-5
140.0	29.98161948721496	20.28002453648463	20.257031277345934	29.481312189020237	1.2509934243031843E-5
141.0	30.00236385591896	20.259270948554338	20.311902944742002	29.42646141277565	8.380090467099036E-7
142.0	29.960917121606684	20.216468039047058	20.343096389820385	29.47006241170293	0.009456037822938223
143.0	29.99557671607803	20.266991135112967	20.253751857676345	29.474102310801882	0.009577980330780196
144.0	30.11182606264244	20.207779083749227	20.27557945238432	29.40481540122401	0.0
145.0	30.09041509515928	20.22892666478447	20.356895457789406	29.323762782266844	0.0
146.0	30.229047658385085	20.127640302445215	20.29508947835008	29.348222560819625	0.0
147.0	30.13859935819373	20.16720078584957	20.322407410638338	29.371748242710144	4.4202608219100574E-5
148.0	30.10239296571952	20.27674515319165	20.312880131739224	29.307981749349604	0.0
149.0	30.07947047462329	20.2185526945878	20.413041656869698	29.280525167871545	0.008410006047671434
150.0	29.80824221194523	20.16092247042003	20.46859649464051	29.56223882299423	0.0
