# Position (bp)	A	C	G	T	N
0.0	26.747660589783322	23.973534676331944	26.242031089796047	22.976174839861986	0.060598804226700775
1.0	28.477927980786	18.57063240594727	19.444945930883357	33.50066222974511	0.0058314526382631324
2.0	29.970574389376704	19.87428993295282	18.920480452075708	31.229891903429895	0.00476332216487537
3.0	32.15310976861999	19.35498126176359	19.912281149680865	28.575588802877196	0.0040390170583585365
4.0	32.826783037621105	18.836526909412928	20.368663321323584	27.966954085486456	0.001072646155925849
5.0	33.20324365115455	18.963950797981692	19.919378059972594	27.91135592637195	0.002071564519210153
6.0	28.446653285036117	18.852293431355665	18.128421917566733	34.56739066729912	0.0052406987423633195
7.0	28.13043928526121	21.673339409089262	18.7131672451175	31.458916976899797	0.024137083632229116
8.0	28.257376866543716	21.022552165136215	19.159734045902653	31.55965954157892	6.773808384930328E-4
9.0	32.313210665194234	19.06447404110811	19.59701288495724	29.02291715607345	0.002385252666961024
10.0	29.72887616900326	21.472591510882324	21.512446780498912	27.273924480749596	0.012161058865906588
11.0	28.681303303932303	21.428686650122973	20.39079624908381	29.48274695261973	0.01646684424118063
12.0	29.722640066382816	20.142353226879838	19.897390038758186	30.235582409444056	0.0020342585351049774
13.0	29.909991915863483	20.071753399998506	19.86766041682854	30.14924716243191	0.0013471048775596595
14.0	29.900174278854188	20.217924917466505	20.01461621945839	29.862824102964552	0.004460481256366753
15.0	30.105910433653616	20.230148099685707	19.927710567241935	29.735594889999255	6.36009419487671E-4
16.0	30.214889586103567	20.108751522025173	20.052352287059694	29.62045203117929	0.0035545736322781163
17.0	30.166763832875926	20.138455362926226	20.171424953643506	29.521385833388504	0.0019700171658423235
18.0	30.236104388071368	20.008611753604495	20.235129656905904	29.51525987858472	0.004894322833517195
19.0	30.10433181846538	20.11026564632637	20.030521665110598	29.754162438909137	7.184311885197103E-4
20.0	29.92013264504357	20.303975087070903	20.014564296256538	29.760751876146248	5.760954827430693E-4
21.0	29.7836213394928	20.32977459497561	20.002640998344116	29.88235343787983	0.001609629307647922
22.0	29.76795104501473	20.189336564391546	19.98591538398977	30.05618372951348	6.132770904776183E-4
23.0	29.875271990300682	20.080898783004283	20.09579726278691	29.945101765817473	0.0029301980906481623
24.0	29.88983916829194	20.13668579280028	20.131988615009604	29.838962849523327	0.00252357437485397
25.0	29.899998128455113	20.11845969885706	20.186867695339465	29.789698213765735	0.004976263582623364
26.0	29.89137516087593	20.132623092030773	20.17027975856864	29.804788728402926	9.332601217324016E-4
27.0	29.818623671609235	20.172168458413374	20.16103923506164	29.84725307156782	9.155633479325164E-4
28.0	29.840190101369874	20.16182613450264	20.207919949501278	29.788435609053693	0.001628205572518355
29.0	29.80584010955146	20.178510851933428	20.16405899200839	29.849789992779403	0.0018000537273179184
30.0	29.809651103275986	20.161328081707705	20.18442176092913	29.843510630310412	0.0010884237767663457
31.0	29.832028488332192	20.14307442365098	20.160742398703512	29.863073289041985	0.001081400271333855
32.0	29.838592434309085	20.19071791005542	20.174969211476533	29.794444663362885	0.0012757807960726364
33.0	29.887050158614404	20.1541248735907	20.177777367511464	29.778180223388084	0.0028673768953462243
34.0	29.765063604068626	20.214461800160542	20.184498836026652	29.834048013225882	0.001927746518297013
35.0	29.760379760086973	20.20360010419624	20.15644548813328	29.876969548302647	0.0026050992808553863
36.0	29.790780833203666	20.16829311837969	20.19216374076868	29.846890937640836	0.0018713700071228295
37.0	29.81777143962421	20.197231953979728	20.132744449729838	29.85193564166494	3.165150012867403E-4
38.0	29.839255945045455	20.12341308846534	20.14910355078	29.88733992701106	8.874886981428288E-4
39.0	29.821270981849214	20.185073291180203	20.133328058144443	29.85960389106048	7.237777656562886E-4
40.0	29.766930672239862	20.202288091757552	20.207415527404375	29.82100341177847	0.0023622968197403063
41.0	29.795482901717147	20.1638910008431	20.14644565358778	29.893602199195758	5.782446562157145E-4
42.0	29.747489841765567	20.249427171663402	20.178968451163744	29.821951139476944	0.0021633959303398297
43.0	29.752478741286314	20.201380291603506	20.171277523238054	29.872354059137614	0.0025093847345144813
44.0	29.740301399409823	20.21171259048303	20.187733899592406	29.8596301848144	6.219257003332554E-4
45.0	29.748721559632834	20.191273276006918	20.21708914074033	29.839001890518375	0.003914133101540667
46.0	29.788268815929342	20.15178320060903	20.23627645588569	29.822937648741863	7.338788340656717E-4
47.0	29.780799850943595	20.20899943940828	20.16668766715317	29.84262040584868	8.926366462690909E-4
48.0	29.76297332190431	20.185668612781033	20.17576845491656	29.870189161965587	0.005400448432512867
49.0	29.78160720699413	20.192499999001203	20.187382167012316	29.829421581110445	0.00908904588190313
50.0	29.784137616611982	20.214295552922657	20.159205193058842	29.84141853561842	9.431017880949599E-4
51.0	29.771082746671457	20.195278453196448	20.188347977250377	29.841423163701858	0.003867659179865982
52.0	29.77307848300083	20.187794966857968	20.232346622666007	29.806224641302737	5.55286172462912E-4
53.0	29.78994311856431	20.202544010691245	20.143334401799137	29.861742407246396	0.0024360616989090255
54.0	29.757682638158816	20.209576087919224	20.17507839896929	29.856761423741535	9.014512111360835E-4
55.0	29.73132667543959	20.220534411757406	20.17994858872347	29.865697287606718	0.0024930364728195683
56.0	29.74389940874672	20.21944577676707	20.176965401491657	29.858888969768415	8.00443226136446E-4
57.0	29.753903002949066	20.19605327624989	20.213635269551872	29.829826912871592	0.006581538377577481
58.0	29.766495696682455	20.209875968238535	20.16376881224336	29.856764205835884	0.003095316999764768
59.0	29.7954957133426	20.197145999992387	20.17794281626745	29.82870932049508	7.061499024837687E-4
60.0	29.787395507102637	20.184556171290343	20.17497729453335	29.848990413265653	0.004080613808021625
61.0	29.778404585735725	20.21968491040868	20.19047620614489	29.810401926413064	0.00103237129764301
62.0	29.777615426489167	20.19538099452656	20.175231377383714	29.849778883976295	0.0019933176242589268
63.0	29.79754836019426	20.235136988688758	20.141212194929597	29.822924728283084	0.0031777279043002245
64.0	29.782735828387086	20.18520313262982	20.169696540464376	29.86078443310442	0.0015800654142939798
65.0	29.733340761545023	20.208573058523818	20.167943452821543	29.88159294955328	0.008549777556333672
66.0	29.71651688465058	20.21392883284044	20.16874039545448	29.87862018285099	0.022193704203508798
67.0	29.74937025950724	20.180524182908698	20.19729279415384	29.870487554931486	0.0023252084987350763
68.0	29.726296517431898	20.26008041008865	20.14774570596304	29.861024597582254	0.004852768934153255
69.0	29.725657135768703	20.248573943041677	20.154897148656932	29.867120176219036	0.003751596313657583
70.0	29.750019256709287	20.19103705309975	20.133131514202553	29.925406992571435	4.0518341698061555E-4
71.0	29.678409555992413	20.248820338184625	20.158778523542747	29.90130160531891	0.012689976961305797
72.0	29.722982255515667	20.217737467020417	20.200666501439287	29.851921181563846	0.006692594460783737
73.0	29.716731472016413	20.245751050279086	20.17813230359976	29.85371047463503	0.005674699469712543
74.0	29.741913710550044	20.23258312240605	20.168961817558888	29.853728609194814	0.0028127402902002434
75.0	29.714392917129807	20.254367892659637	20.187221148033764	29.8384007199004	0.0056173222763937405
76.0	29.715596653357306	20.240217440915675	20.16767046300246	29.875681324834552	8.341178900094275E-4
77.0	29.736929621882474	20.251426189213976	20.166261529932967	29.84404336398314	0.0013392949874411239
78.0	29.71780632316475	20.225972647115327	20.186777507287015	29.867327177277193	0.0021163451557147978
79.0	29.758939413126328	20.236931596972017	20.19669376543952	29.804780414660293	0.0026548098018406253
80.0	29.796776967944684	20.211264374866783	20.132741005959957	29.858624859931577	5.927912969990069E-4
81.0	29.703243298937025	20.244471400498167	20.192995556556756	29.84119752735113	0.018092216656920894
82.0	29.68677049593686	20.23459653148389	20.192685413865167	29.88196229130048	0.0039852674136011505
83.0	29.71958739920592	20.252788007606632	20.123364977163344	29.899116434767514	0.005143181256586456
84.0	29.7242266326913	20.252124277139586	20.1714316215653	29.848334490927535	0.0038829776762822
85.0	29.731288111320648	20.23715867034127	20.163768125170726	29.86607252395907	0.0017125692082794722
86.0	29.688107514157718	20.260435410380033	20.15957117724099	29.891286825542196	5.990726790617346E-4
87.0	29.713170234153207	20.232627725861835	20.187501036005106	29.866491346029594	2.09657950261141E-4
88.0	29.72554092783476	20.25356905200815	20.151998785806573	29.86478437788579	0.004106856464731702
89.0	29.667611975468056	20.266669773954057	20.18174822396362	29.883291953306244	6.780733080194742E-4
90.0	29.69480074117325	20.271640937887433	20.14873086552138	29.88465149253695	1.7596288098218257E-4
91.0	29.655618898749164	20.288740101321476	20.178192308665825	29.87721497966136	2.337116021759344E-4
92.0	29.674440512696304	20.296364771044534	20.17808743766134	29.85077796918243	3.293094153915817E-4
93.0	29.683120494655835	20.302110872215113	20.186301217155574	29.82760786003647	8.595559370093483E-4
94.0	29.69944602416639	20.2577098260699	20.181502227109615	29.860973265756897	3.686568971996689E-4
95.0	29.722573084667825	20.30873016037328	20.151816564386543	29.816619729051897	2.6046152045013625E-4
96.0	29.693733137992663	20.271728624133395	20.163993422303893	29.870390841193483	1.5397437656611745E-4
97.0	29.67924340429598	20.312449956637284	20.120404218860124	29.8871017264032	8.006938034172358E-4
98.0	29.673172058436087	20.336176042303144	20.137486022969536	29.851878957038487	0.0012869192527447308
99.0	29.65719370636069	20.323311781791638	20.149326522375517	29.869927510711758	2.404787603989646E-4
100.0	29.6620480773546	20.28969361063554	20.168800005479188	29.87752301754764	0.0019352889830283944
101.0	29.67907593352249	20.295643892182067	20.164696925398733	29.857489284381366	0.0030939645153435576
102.0	29.648294072588357	20.302727109004557	20.180033861479902	29.868467269405684	4.7768752150018334E-4
103.0	29.680111669065052	20.281486315945816	20.178502188869462	29.859636549893974	2.6327622569381683E-4
104.0	29.630257317941005	20.347591133427958	20.148431986645086	29.87352614836154	1.934136244106744E-4
105.0	29.65921386632867	20.32022928043257	20.177182235100958	29.843171581855678	2.0303628212735487E-4
106.0	29.683949821132995	20.294117640331937	20.16361566251533	29.85777939788681	5.374781329308758E-4
107.0	29.652458655260695	20.289913289316868	20.20720099747241	29.849874496277558	5.525616724744108E-4
108.0	29.616369372756328	20.323939551687513	20.223983633054374	29.835479899078287	2.2754342350205002E-4
109.0	29.671598065164034	20.296630973888313	20.180753090793146	29.850764393766166	2.534763883402981E-4
110.0	29.606716849782778	20.32525030905219	20.20628988154975	29.861331675627806	4.112839874805154E-4
111.0	29.652678658065344	20.302377461313462	20.17047674062659	29.87410106446423	3.660755303716186E-4
112.0	29.663520967642466	20.28265181812174	20.130792755410972	29.922551297294515	4.831615303072942E-4
113.0	29.637964637754315	20.286847931703978	20.201440172014568	29.873341985675793	4.052728513446604E-4
114.0	29.640449105518556	20.341278872480107	20.175903646642585	29.842053139196427	3.1523616232336616E-4
115.0	29.68422108937134	20.28307416507256	20.21754760789903	29.805136282806505	0.010020854850563182
116.0	29.623078092134204	20.33843222282438	20.210720931332062	29.827426018041137	3.427356682145955E-4
117.0	29.593048373342455	20.308849345728603	20.205103456000085	29.88953851004443	0.003460314884417362
118.0	29.580547833281774	20.346318813743572	20.214279201907225	29.857860520241026	9.936308264027584E-4
119.0	29.624495424365165	20.352438125656157	20.161760048236477	29.861041324541542	2.650772006579027E-4
120.0	29.587114946125993	20.347497360429287	20.22255499054235	29.84236046108647	4.722418159069459E-4
121.0	29.617309655937106	20.373167700172388	20.22456543224819	29.78460500589552	3.522057467936248E-4
122.0	29.55291934633189	20.368296604635532	20.213115142611407	29.865454109177474	2.1479724369312928E-4
123.0	29.57706955205711	20.327007140632865	20.251656266358314	29.84400853917535	2.5850177636197526E-4
124.0	29.552088933122917	20.324503937814647	20.19439776694445	29.928622855853497	3.8650626448633285E-4
125.0	29.52971040461544	20.358012984838343	20.198873899386705	29.9127237716582	6.789395013141211E-4
126.0	29.56279312998683	20.36179897979421	20.219997614669317	29.855043227296875	3.670482527670065E-4
127.0	29.65747918690574	20.284125711985478	20.20440949619148	29.846060728483124	0.007924876434173752
128.0	29.759542071525107	20.165679697676325	20.312942765840255	29.760394805735974	0.0014406592223374965
129.0	29.60122638457222	20.203026113680632	20.41791150265621	29.77551093771992	0.0023250613710185
130.0	29.478997605084956	20.218422276335783	20.401051265822367	29.901086314373348	4.4253838354224687E-4
131.0	29.419567367981852	20.282156179045487	20.220143050353762	30.077027207901498	0.0011061947173977866
132.0	29.20986491949618	20.457038443858185	20.14518151466539	30.185594662717307	0.0023204592629350288
133.0	29.229062443308408	20.380097108960403	20.30494730491198	30.085559889738157	3.332530810543328E-4
134.0	29.28651534646483	20.31233674418167	20.24851227089393	30.15189268711756	7.429513420115828E-4
135.0	29.425892632739973	20.17580016943427	20.35576475943576	30.03932967240347	0.003212765986523527
136.0	29.51785327949316	20.226938158745856	20.411763058801604	29.841929543332867	0.0015159596265044498
137.0	29.827415494780663	20.140894531935892	20.267364196354936	29.76383038653611	4.953903923987298E-4
138.0	29.905188127687666	20.13261062956442	20.3850182995498	29.575925035105303	0.0012579080928157404
139.0	29.143311822847295	20.69875103663614	21.59101353434059	28.560056171332747	0.0068674348432273
140.0	27.10852875258144	21.691801530264986	21.561522453149532	29.62005962344062	0.01808764056341862
141.0	28.79358304864682	19.82548795527361	19.321188673261783	32.05923481183357	5.055109842202333E-4
142.0	31.185448734999866	19.44179425886938	21.172933543822083	28.199070902860367	7.525594483060664E-4
143.0	31.212383978597387	19.007570101412067	21.73263803115773	28.036821767688547	0.010586121144270539
144.0	33.99991809039166	18.534909795175206	19.01351913188599	28.447250792142974	0.004402190404168245
145.0	27.616247706152063	20.275573644266526	19.18252633426429	32.92543694880769	2.1536650942835655E-4
146.0	27.73556136394168	20.599706334953925	19.07877501038939	32.585727112896365	2.301778186424782E-4
147.0	28.23973947996688	20.225226780696023	19.604736133579255	31.926786468837477	0.003511136920369154
148.0	30.782758525056813	19.25465516763215	20.04314528764393	29.919162090546664	2.7892912044456944E-4
149.0	32.77011500402608	20.005141608237274	19.045693969979645	28.17697886376343	0.0020705539935743276
150.0	22.241859514479852	26.868214424716385	24.052116106492594	26.786324646874622	0.05148530743654431
