# Position (bp)	A	C	G	T	N
0.0	23.69733963050262	29.73299574911938	27.53519431972799	19.032698857594042	0.0017714430559723562
1.0	27.14325305358217	18.2982778083248	18.686235356172975	35.84357603881696	0.028657743103086997
2.0	29.29230185720153	21.21014195148682	18.501382750119543	30.993323009729863	0.0028504314622480715
3.0	33.554362950450425	19.43404263324544	19.761987101934757	27.248759582562926	8.477318064560931E-4
4.0	33.55908263398194	18.6145909942027	21.219271122668815	26.605443858212436	0.0016113909341059355
5.0	34.843472437059894	18.65279656160989	20.459180225739235	26.04125299808474	0.003297777506241478
6.0	27.183218361435113	18.898374014289157	17.366570261000565	36.549964360927554	0.0018730023476118932
7.0	26.84112032936186	22.891122986251176	18.4505945656217	31.815602640254877	0.001559478510386127
8.0	26.253594601651077	22.107587925047145	18.6871615614878	32.95091719621418	7.38715599803594E-4
9.0	33.11848112308904	18.91213465368734	19.492760401282496	28.47514751794661	0.0014763039945210668
10.0	29.078703411836937	22.94611925172882	22.719221279058228	25.255368268652177	5.877887238380713E-4
11.0	27.553061203565793	22.800146395595966	20.936689895121173	28.709226989090258	8.755166268095402E-4
12.0	29.12430911521726	20.802441351724763	20.158953156339248	29.913248556627824	0.001047820090902423
13.0	29.34266148604765	20.706995895856807	20.1387068962243	29.81120987342288	4.2584844836363126E-4
14.0	29.36741006899592	20.822877488406725	20.41742923580793	29.39170797233536	5.752344540587852E-4
15.0	29.65432656729497	20.84418216725978	20.302059596567705	29.198833667696494	5.980011810523325E-4
16.0	29.692886440709533	20.799988871447514	20.414628252313715	29.09205957086554	4.3686466369583367E-4
17.0	29.699872451940767	20.833707809899373	20.4447885159396	29.021068070760325	5.631514599299348E-4
18.0	29.65219029804874	20.76815252521655	20.58234456736917	28.996646219212487	6.66390153051435E-4
19.0	29.501287566366898	20.844573240007218	20.34616749286322	29.306133879105108	0.001837821657556623
20.0	29.33403734484005	20.94918450915925	20.318054576432694	29.398321649123222	4.019204447858344E-4
21.0	29.338526966983697	20.90219790678715	20.32233425115133	29.436412755645687	5.281194321430248E-4
22.0	29.33164768165885	20.709961774397087	20.31898210758954	29.638513115644905	8.953207096174203E-4
23.0	29.42320183804205	20.603446099324966	20.46139262442016	29.511075764148543	8.836740642809762E-4
24.0	29.377907838640283	20.67062785218897	20.47428205042296	29.462919879622305	0.014262379125476348
25.0	29.4451230872445	20.58195124234462	20.497057158039745	29.469008152585413	0.006860359785718154
26.0	29.423268921242773	20.61753157134546	20.445348216202923	29.513231885361286	6.194058475582563E-4
27.0	29.429701096695577	20.60550211454376	20.458232384775286	29.505451938929113	0.001112465056268368
28.0	29.361231484783605	20.642208673096704	20.5202780106255	29.475937815706153	3.4401578803123204E-4
29.0	29.353242273273512	20.67594374133406	20.47039760742328	29.499269805012656	0.0011465729564945504
30.0	29.30854189866538	20.66310904301013	20.502957289528524	29.524333066394565	0.0010587024014017219
31.0	29.32537968996082	20.58822884032632	20.44297845404483	29.64272008228353	6.929333845026142E-4
32.0	29.378946088435036	20.57368375234257	20.540310770964556	29.504080278770463	0.002979109487374082
33.0	29.460539682550763	20.53494002202088	20.50110470900758	29.501914638904026	0.001500947516752145
34.0	29.285046797730992	20.67057634559388	20.54037698373308	29.503486035654237	5.13837287817315E-4
35.0	29.280626615246163	20.714612227168665	20.479275009387454	29.52493497970879	5.511684889235069E-4
36.0	29.36770959094337	20.6452914373626	20.482931675356784	29.503325389830653	7.419065065907206E-4
37.0	29.347349434180764	20.620967810604533	20.42071245634899	29.608049193774992	0.002921105090717461
38.0	29.364737783199658	20.47711885502116	20.47519491204968	29.679813135257465	0.0031353144720415458
39.0	29.38403011893353	20.543708056743153	20.450316939395368	29.620978769920903	9.661150070460795E-4
40.0	29.307907201847723	20.557994053366365	20.564798420620107	29.567862781788257	0.0014375423775513383
41.0	29.335778528026808	20.55620438272391	20.46618813624135	29.6413356144027	4.933386052379084E-4
42.0	29.252363617902272	20.71024277738929	20.504834817211332	29.531785168392098	7.7361910500731E-4
43.0	29.305073356410883	20.53726892848984	20.492721803813637	29.663660707334987	0.0012752039506547079
44.0	29.31399250771803	20.59052360556918	20.503837659088965	29.589193542482704	0.0024526851411209136
45.0	29.37517434948865	20.538630328810108	20.50764440122791	29.5694280355817	0.009122884891632021
46.0	29.35644486088317	20.525131746871033	20.5795223460462	29.5382233201111	6.777260884989514E-4
47.0	29.34602910909776	20.60911441490872	20.445625097436686	29.598463648670954	7.67729885879429E-4
48.0	29.330236136378712	20.550812734198452	20.49086738812639	29.627461514328708	6.222269677398962E-4
49.0	29.386622254368554	20.529085348381685	20.53076131562428	29.546589575508765	0.00694150611671761
50.0	29.377075116107182	20.531946337429893	20.47998553696955	29.60885573969462	0.002137269798755933
51.0	29.40745617748639	20.46286128062458	20.518679618913787	29.61024469334034	7.582296348997936E-4
52.0	29.337247595277375	20.522345111775742	20.580263755328478	29.55974970608734	3.938315310670827E-4
53.0	29.40644126739732	20.54275314308093	20.462882030251393	29.587067751728448	8.558075419125357E-4
54.0	29.33880731343468	20.491594851499798	20.522455338979917	29.646628796751777	5.136993338347039E-4
55.0	29.28931259900435	20.576335303572453	20.5007804110057	29.628999646764733	0.0045720396527574635
56.0	29.320279744986376	20.544308240090633	20.548724555205627	29.585115771102906	0.0015716886144538718
57.0	29.38049083023267	20.490380795115136	20.557966274153515	29.57087466950335	2.8743099533042217E-4
58.0	29.370517243396048	20.523834501354298	20.49213411052738	29.612751863350812	7.622813714598437E-4
59.0	29.40812187681665	20.55573687158787	20.49827849684131	29.537241225729293	6.215290248765008E-4
60.0	29.397420832588278	20.548349809691675	20.510658011256716	29.542067931982867	0.0015034144804625302
61.0	29.337884352001968	20.55258863173566	20.53630885520772	29.57116980101454	0.0020483600401103707
62.0	29.371109248122345	20.529871192381975	20.512422515072558	29.586219775724537	3.772686985819817E-4
63.0	29.492977391157666	20.473916092099444	20.460464662810498	29.572221496767114	4.2035716527942025E-4
64.0	29.357984251297843	20.46565534532201	20.541192551490944	29.633693688848677	0.0014741630405213297
65.0	29.333469283263085	20.529987609226584	20.547645526315176	29.588114311721185	7.832694739685887E-4
66.0	29.276813390295846	20.564534372668174	20.51642607212537	29.641160781205745	0.0010653837048593812
67.0	29.278857480577265	20.51205280471404	20.580070528332755	29.62825290722825	7.662791476913891E-4
68.0	29.31125381182431	20.567959191606274	20.47154008577666	29.648685600323653	5.613104690997885E-4
69.0	29.390988792117216	20.48844404456461	20.50334528637246	29.61559602987939	0.0016258470663215534
70.0	29.398484287754563	20.420890629803196	20.516901123151836	29.66338208216276	3.418771276509366E-4
71.0	29.23910100500536	20.54003210573358	20.576223553756144	29.643724552215172	9.187832897437657E-4
72.0	29.340395558084598	20.478845806887247	20.57206451145253	29.608260077147413	4.3404642821023994E-4
73.0	29.325984506443692	20.535904139344584	20.517324005736796	29.62042274616708	3.646023078451041E-4
74.0	29.345155088114705	20.462797026514696	20.5127609430976	29.678801712947745	4.8522932526068573E-4
75.0	29.317611097769596	20.46564856074689	20.54157661143279	29.673933345785414	0.0012303842653123545
76.0	29.294761203261714	20.5133763940394	20.50510833179958	29.686365337412447	3.887334868631256E-4
77.0	29.333844046111935	20.51593552050102	20.531287064062536	29.618450806069134	4.825632553717207E-4
78.0	29.313374656527575	20.485273667266128	20.560616987545227	29.64012609964428	6.085890167940139E-4
79.0	29.3410930603827	20.464373884196373	20.551158823808457	29.643051839301865	3.223923106056477E-4
80.0	29.412446509413847	20.477876095224403	20.517141780424552	29.59205525335819	4.8036157900739325E-4
81.0	29.28975589367268	20.445570852654583	20.6299661430975	29.631015450535823	0.003691660039406907
82.0	29.312031306095392	20.447725432301247	20.619554526872953	29.618714413853354	0.001974320877053353
83.0	29.383168106136765	20.452971266005203	20.47122054153768	29.692129617074688	5.104692456636436E-4
84.0	29.372338606799985	20.449216021460174	20.573899780232388	29.6038688380998	6.767534076548222E-4
85.0	29.36262370695993	20.436493172579077	20.59052391783225	29.609642780557806	7.164220709449981E-4
86.0	29.33443836232334	20.48014124008346	20.554559544682416	29.627783404224367	0.0030774486864231197
87.0	29.35425174357053	20.417957861521803	20.58637602832566	29.64073230960463	6.820569773763363E-4
88.0	29.3504972566398	20.459880596502742	20.608920491925854	29.580297935124584	4.0371980701520355E-4
89.0	29.291403596126493	20.484242654643957	20.57062157083701	29.64871212711655	0.005020051275994931
90.0	29.328033226401352	20.47990246976718	20.563622807334742	29.62537645740026	0.003065039096467801
91.0	29.29976201825253	20.44485420023406	20.60977703262642	29.644665627366418	9.411215205735265E-4
92.0	29.32706338538371	20.454831778197562	20.609451362497964	29.608053557697296	5.999162234638527E-4
93.0	29.35546603496401	20.432570756545882	20.586839520105148	29.624444720002373	6.789683825865336E-4
94.0	29.347974643146586	20.408414849099064	20.617278162379368	29.625680665770364	6.51679604618743E-4
95.0	29.40046902332789	20.45264933608838	20.56324624018221	29.580150011153243	0.003485389248271247
96.0	29.29017312238487	20.434372365119692	20.674956982020298	29.59992116856448	5.763619106583262E-4
97.0	29.297875649866373	20.46625408302264	20.56674475275619	29.668409070555573	7.164437992260521E-4
98.0	29.28336667414373	20.455557665451025	20.61955582429632	29.640525444287576	9.943918213567444E-4
99.0	29.280496073630157	20.441943169808656	20.615139684687257	29.661703058310852	7.180135630821489E-4
100.0	29.292520108342607	20.436199765101378	20.6347267328305	29.63487864260831	0.0016747511172067674
101.0	29.32173565751066	20.493838326195338	20.619436905372666	29.5620477390655	0.0029413718558335606
102.0	29.289498223354226	20.39848338141461	20.643243552023023	29.667717739481258	0.0010571037268801758
103.0	29.278670710024258	20.4181498063574	20.616039547360543	29.686705922204425	4.340140533750483E-4
104.0	29.27670600610935	20.389899206911622	20.65046406611936	29.6821529153098	7.778055498738379E-4
105.0	29.352437822011296	20.394615554067954	20.609086573318592	29.637123077021787	0.0067369735803699555
106.0	29.304996180197158	20.372862396310694	20.691661900530985	29.62958689305793	8.92629903232387E-4
107.0	29.277123288461038	20.37053463126378	20.711700400351432	29.639932072864227	7.096070595258316E-4
108.0	29.25711295383571	20.436437864081398	20.71962515249024	29.586213955644915	6.100739477410657E-4
109.0	29.321699174102207	20.395066735491483	20.662561757982452	29.620280584027725	3.9174839613597816E-4
110.0	29.251427614691238	20.347424649880494	20.754357152464827	29.63731391156549	0.009476671397947773
111.0	29.255159849110186	20.420607646848467	20.715648298094568	29.60759953629264	9.846696541383863E-4
112.0	29.240172229100537	20.40176155668799	20.70918731080383	29.646326634035248	0.0025522693723994154
113.0	29.216648122022253	20.36021277909188	20.741720531455883	29.679661970530326	0.0017565968996566606
114.0	29.27448687670714	20.367280684051416	20.72451175681276	29.632847696266545	8.729861621422875E-4
115.0	29.328430461492278	20.371374666176308	20.730362465690984	29.568754602028534	0.0010778046118996463
116.0	29.21748535696877	20.484615150394042	20.715998890910125	29.58133473954576	5.65862181301704E-4
117.0	29.255818750340435	20.363158481195494	20.78500561144885	29.595270622800317	7.465342149072929E-4
118.0	29.219291384966095	20.38361904383386	20.79647864232982	29.598992762253	0.001618166617222687
119.0	29.21099457660735	20.381222214342355	20.752072186602298	29.65501058966809	7.004327799038831E-4
120.0	29.14019088985036	20.39696848852042	20.802903707049182	29.657804838791048	0.002132075788988159
121.0	29.122547406294775	20.4501278107856	20.855490914669907	29.56917372121164	0.002660147038080933
122.0	29.151616774719624	20.440863734593602	20.792394756033833	29.614263373587608	8.613610653313657E-4
123.0	29.13899909423125	20.424212131106813	20.812351667599675	29.623152095014447	0.001285012047811674
124.0	29.133258438914922	20.396617753521923	20.77018093273545	29.699124853267385	8.180215603215916E-4
125.0	29.12063527817605	20.41818290303231	20.839239696977508	29.617987873875023	0.003954247939113056
126.0	29.089583703462207	20.44551000859004	20.916222359386133	29.529415858793623	0.01926806976799559
127.0	29.20588990251285	20.33820781770916	20.88547335612781	29.56970532968845	7.235939617226411E-4
128.0	29.172807853950534	20.403192412586247	20.91873483873731	29.504312977644226	9.519170816760722E-4
129.0	29.186349706586423	20.382120775270955	20.939966762746124	29.490651918842808	9.108365536925728E-4
130.0	29.14041607876758	20.339019763373233	20.969770326218473	29.54906100042411	0.001732831216607801
131.0	29.113574880039337	20.401197357161717	20.93848116325602	29.54406540656656	0.0026811929763650567
132.0	29.002227199185832	20.438820890047523	20.853796353553165	29.703051267667064	0.002104289546415606
133.0	29.29041117329153	20.317953145075588	20.70739273877408	29.682677914675676	0.0015650281831284913
134.0	29.31846849593822	20.34885400384513	20.825804090986413	29.50564305346484	0.0012303557653936229
135.0	29.08862775817811	20.402334349909964	20.806763716810632	29.699655403862916	0.002618771238377068
136.0	28.97957692003143	20.592470321665033	20.65331928345627	29.77298890831237	0.0016445665348983108
137.0	28.36570353873063	20.874444116293063	20.832402904117878	29.925288443970917	0.0021609968875096345
138.0	28.643262385206647	20.905290346726247	21.158409862233803	29.291123592638478	0.0019138131948205127
139.0	28.40747218875091	21.20147378558383	22.075635467622394	28.313795446166402	0.0016231118764641823
140.0	27.382754561907223	22.01094721659024	22.244995849719004	28.358580876049476	0.002721495734055437
141.0	28.32073543853812	20.94016811265987	20.84583749613651	29.890517882646282	0.0027410700192158463
142.0	29.147168990754103	20.98916373357665	22.92276468694638	26.9366388600495	0.004263728673362142
143.0	30.48221187293444	19.704918954806164	22.020426054284446	27.78779694257205	0.004646175402902881
144.0	32.695705350526886	19.26347495126862	19.809167787601453	28.230912155289435	7.397553136007714E-4
145.0	26.972702678509265	20.94916501725664	19.786082294785214	32.28956346167236	0.0024865477765289782
146.0	27.312293105331275	21.27765343001076	19.807030119219032	31.599885011442364	0.0031383339965679177
147.0	27.756112831210704	20.527427737862737	20.325789538386665	31.38788168362193	0.0027882089179594874
148.0	30.04710692837751	19.755356142195886	21.07504100426547	29.117890141832536	0.0046057833285996115
149.0	32.38615589539792	20.072117092732867	19.712177608043213	27.735882452497933	0.09366695132806817
150.0	22.187792878022638	25.760751726492565	26.077281030957845	25.971453872008986	0.0027204925179654523
