# Position (bp)	A	C	G	T	N
0.0	26.541660557662784	24.47407935659509	24.932800247698232	24.039876256677157	0.011583581366740522
1.0	28.720628875880976	17.975446296999014	18.78627356196129	34.49663060152833	0.021020663630392317
2.0	30.054563057257827	19.881706244013365	18.96661515966666	31.090721840935377	0.006393698126768945
3.0	33.223267873195205	19.021437913191143	19.403634077370995	28.351266338642606	3.937976000536495E-4
4.0	32.961019088086154	18.708024555572408	20.13529533100305	28.195037049115257	6.239762231330542E-4
5.0	33.753743214633	18.733903962999275	19.60890857160467	27.901369130636986	0.0020751201260773644
6.0	27.933210638306218	18.94870966634184	17.537159200709997	35.5705591469277	0.010361347714242746
7.0	28.179841950267047	21.488567777872174	18.54662315274515	31.781564163246063	0.0034029558695687174
8.0	27.956377858365933	21.00008899546374	18.826548071331562	32.2129001657906	0.004084909048158285
9.0	32.85802800116974	18.647401299674847	19.215969128613278	29.27664589911197	0.001955671430162082
10.0	30.05278391497378	21.354335741323265	21.420660849867968	27.171751636038927	4.6785779606405546E-4
11.0	28.76949146350692	21.343094742939748	20.103278650025963	29.78368998817964	4.451553477352135E-4
12.0	29.857183733366142	19.86991597017875	19.47618567243883	30.79582793804479	8.866859714893219E-4
13.0	30.048532566289182	19.825028009983576	19.462697508035475	30.65700821773888	0.006733697952885967
14.0	30.046882091247685	19.977714838658216	19.67640648540285	30.298746483512296	2.5010117895298955E-4
15.0	30.25355301800299	19.974482993800965	19.604864755752928	30.166285242184752	8.139902583645701E-4
16.0	30.286830110460816	19.893138805184734	19.70337628081726	30.113455774934067	0.0031990286031212283
17.0	30.264199458265356	19.91801853138392	19.766155375324274	30.04728234991062	0.004344285115827655
18.0	30.25549978820768	19.867672482770004	19.787698811958123	30.084038160676112	0.005090756388079939
19.0	30.20911465796973	19.895626854570402	19.670857843810698	30.223909730442212	4.909132069510686E-4
20.0	30.128815071998456	19.9901192792153	19.64083915955684	30.239717528180922	5.089610484868489E-4
21.0	30.084405571733868	19.970262305506548	19.668595843931744	30.27612423549584	6.120433320006012E-4
22.0	30.0722726988185	19.85185162150991	19.6689670557134	30.403516742220777	0.0033918817374127145
23.0	30.12067461662688	19.783045666717168	19.74922948549586	30.346413658102637	6.365730574584105E-4
24.0	30.14704828067696	19.835215482096626	19.763854968769706	30.25101936253683	0.0028619059198845428
25.0	30.17421201831747	19.80701436916923	19.82007324976609	30.19677478352709	0.0019255792201160321
26.0	30.181540647221322	19.830886181209642	19.779744680323244	30.20523092581883	0.0025975654269583563
27.0	30.104650690512358	19.88360812606927	19.76370564249122	30.24255663660692	0.005478904320230103
28.0	30.11632170428044	19.867232246384646	19.81790643206404	30.198261453330694	2.7816394017982646E-4
29.0	30.070868749950353	19.88209420409277	19.787326080773447	30.25926596548584	4.449996975893436E-4
30.0	30.070156386577985	19.85345539806643	19.792417558168633	30.283722251351143	2.4840583581303667E-4
31.0	30.114032559176234	19.831700284587217	19.786400606052208	30.26765306391176	2.1348627257965235E-4
32.0	30.10659114582397	19.883949635573117	19.805990742706186	30.2027889517784	6.795241183305242E-4
33.0	30.17508142648431	19.8463059192086	19.80478789139907	30.160701725595313	0.013123037312705758
34.0	30.055472118502664	19.91197760415052	19.820828033858096	30.21157020746333	1.520360253970936E-4
35.0	30.04047640068063	19.914241408070744	19.770131897004322	30.274822896843407	3.273974008976292E-4
36.0	30.07810359414684	19.865052159969192	19.81507718731899	30.24137001839896	3.970401660182794E-4
37.0	30.107853282474284	19.885527214754184	19.74732473120235	30.258522833414226	7.719381549555858E-4
38.0	30.136844013579413	19.801737824733205	19.77529782686372	30.28476049951241	0.0013598353112520111
39.0	30.107157960619435	19.879568272066923	19.765438124810956	30.2468041464794	0.0010314960232863618
40.0	30.051012659157923	19.884512378196916	19.829540850747776	30.22280390013467	0.012130211762715634
41.0	30.079524632843192	19.853024866776693	19.757335689180383	30.30987627037529	2.3854082444222443E-4
42.0	30.04752109526508	19.924145159113944	19.797122799628365	30.230944619093204	2.663268994088133E-4
43.0	30.06191535828612	19.857646744162246	19.786610546078382	30.29295228697086	8.750645023920966E-4
44.0	30.034642718126964	19.876798930569947	19.820579572423213	30.266539287480633	0.0014394913992436076
45.0	30.03962475730163	19.875105100599093	19.83319896448337	30.243573277631175	0.008497899984730547
46.0	30.09206430783197	19.817968028916095	19.868237661095566	30.221350002893775	3.7999926259602555E-4
47.0	30.105360853508383	19.869932075235024	19.776446079168142	30.247980531393104	2.804606953502086E-4
48.0	30.08378751039552	19.838980000995885	19.78569828238082	30.291381277049958	1.5292917781445356E-4
49.0	30.08551462264379	19.84871808017359	19.8247370278989	30.239462745346756	0.0015675239369622694
50.0	30.084534937063456	19.874201450930947	19.80070463753206	30.235470323403717	0.005088651069819655
51.0	30.087847463310506	19.840518049693475	19.826136766083422	30.245320066556513	1.776543560771817E-4
52.0	30.075174836502335	19.844273736128734	19.869610820968546	30.210833072399623	1.0753400076357874E-4
53.0	30.117241191710303	19.850727421275824	19.770240103493382	30.2616081142353	1.8316928519006615E-4
54.0	30.07160866074724	19.844627118885395	19.816868173210565	30.26674709404527	1.48953111531928E-4
55.0	30.021574651172443	19.87485032188654	19.81952255795471	30.282302232803183	0.0017502361831253134
56.0	30.05824280570966	19.863885731607624	19.809129581489383	30.26840609212813	3.3578906520110804E-4
57.0	30.073817660633672	19.85338548502628	19.856748905245254	30.215897668616925	1.5028047786901975E-4
58.0	30.08553840971569	19.872091166855416	19.79733212549498	30.244857422169975	1.8087576394298886E-4
59.0	30.10101422682277	19.8641096213566	19.795567105982954	30.239099128238728	2.0991759894570984E-4
60.0	30.100879363335597	19.838813747013926	19.79177147371686	30.265075538318886	0.003459877614727948
61.0	30.10151767562969	19.867252192041246	19.821610433481972	30.208985069612872	6.346292342206162E-4
62.0	30.109827919321532	19.841635596402273	19.8034719068828	30.24469423941552	3.703379778786854E-4
63.0	30.13253256448698	19.874997862333142	19.75618612981637	30.23607044137155	2.1300199195792348E-4
64.0	30.112062791676035	19.836249048473096	19.79412218571714	30.256362699642803	0.0012032744909267338
65.0	30.056602060302783	19.83969321935199	19.812191445890477	30.29127500684796	2.382676067861985E-4
66.0	30.05109159344299	19.85326378805683	19.808606005483437	30.28670935913712	3.292538796280909E-4
67.0	30.08290947271671	19.82242000455619	19.840319323947533	30.25417985448457	1.7134429499314724E-4
68.0	30.05846216124219	19.916335536574344	19.7866219291867	30.238351516124055	2.2885687270987474E-4
69.0	30.07414637535603	19.888348604226618	19.788535084377205	30.24850463900303	4.6529703711490705E-4
70.0	30.0824406965844	19.816342741167627	19.77792387195911	30.323196429202316	9.626108654695811E-5
71.0	30.021378871512074	19.881931489596237	19.807401232337504	30.28832066423667	9.677423175161416E-4
72.0	30.080840544762555	19.83045341174594	19.837033414704567	30.2515393114193	1.3331736763705194E-4
73.0	30.044538583191287	19.883943838156494	19.82455872104027	30.246847379303993	1.1147830795666407E-4
74.0	30.10089073370883	19.846448887969796	19.809614231421463	30.24294977303899	9.63738609190717E-5
75.0	30.05230173079151	19.889452416524566	19.85090994742217	30.20699234394329	3.4356131846636183E-4
76.0	30.051740876982365	19.869431986390083	19.804584019783768	30.27360939371099	6.337231327915342E-4
77.0	30.084525843584746	19.874805827463526	19.815752553109427	30.224742537251934	1.732385903639727E-4
78.0	30.067199428873593	19.847963193294408	19.824472075565367	30.25980124597295	5.640562936858887E-4
79.0	30.107573696279992	19.87126830579721	19.83710394663543	30.183506758155172	5.472931322032026E-4
80.0	30.140632453577908	19.837432577974415	19.783789448137163	30.238039526601156	1.0599370935929038E-4
81.0	30.05819081391825	19.86450573533797	19.842229451827496	30.234327801679463	7.461972368167082E-4
82.0	30.04459558975931	19.837353168091056	19.84898121501153	30.268585285591577	4.847415465315055E-4
83.0	30.092009707769986	19.87128943029808	19.764559054101085	30.272035814225422	1.0599360542882655E-4
84.0	30.10089524072613	19.854253421355388	19.80280357433814	30.241796738047267	2.5102553307652367E-4
85.0	30.083479017976998	19.84827354764573	19.81728898926591	30.250782104115565	1.7634099579864396E-4
86.0	30.046650288554826	19.872010815110222	19.799647205317402	30.280068562523226	0.001623128494324258
87.0	30.06917829745102	19.840130871905387	19.825516817706614	30.265020785632146	1.5322730483641325E-4
88.0	30.078634499558284	19.86937551558138	19.80792807479012	30.243940955119953	1.2095495026480732E-4
89.0	30.02548680597644	19.880029118455877	19.81945986359726	30.274177040631244	8.471713391797865E-4
90.0	30.064277897100013	19.858592117494425	19.798477228420822	30.273702730332303	0.004950026652440356
91.0	30.0149624532431	19.882118071092474	19.83859255099518	30.26025679015633	0.004070134512915017
92.0	30.039795690709926	19.893857645196547	19.834935189430546	30.231281950286398	1.295243765843769E-4
93.0	30.043917645695252	19.916641135837562	19.83367384454542	30.203670333250184	0.002097040671589989
94.0	30.059144965028935	19.867566202097585	19.835069699369125	30.238040222356894	1.789111474627698E-4
95.0	30.101157493475473	19.899343475665397	19.79242740236213	30.206220069415863	8.515590811307169E-4
96.0	30.060282556864625	19.874942193393906	19.833107580854303	30.231427161968544	2.4050691861879939E-4
97.0	30.04247792106427	19.91230507934757	19.756987011255298	30.287316370053063	9.136182798024369E-4
98.0	30.02688562769695	19.93808143727415	19.813471965787908	30.219849325125423	0.0017116441155725127
99.0	30.05096884482678	19.91164930911857	19.809840761237716	30.22720158227449	3.395025424429757E-4
100.0	30.025747538156732	19.894559062788325	19.83349560674877	30.241714736968344	0.004483055337824555
101.0	30.044740969492857	19.89354044099241	19.832059782955742	30.228813358697167	8.454478618244437E-4
102.0	30.02025810625828	19.880317672113122	19.839598134164245	30.259446722178616	3.793652857355397E-4
103.0	30.05052830366324	19.880875237116353	19.852145711027102	30.21632059836008	1.3014983322618364E-4
104.0	30.006001688075457	19.944534457476287	19.81574918594246	30.23350788785819	2.067806476059712E-4
105.0	30.053990896325605	19.901538592107425	19.833457786587232	30.205334856524207	0.005677868455529175
106.0	30.061755643746846	19.873914894065837	19.839955728777277	30.224191407183493	1.8232622654882494E-4
107.0	30.027618052757827	19.873117704763136	19.865825799660623	30.233292616818108	1.4582600030751738E-4
108.0	29.99467289879184	19.914511048557102	19.889789320379606	30.200918777126574	1.0795514487989823E-4
109.0	30.077699300869092	19.880462585989807	19.8253603161746	30.216396943910095	8.085305640298271E-5
110.0	29.98046372703735	19.90612700464579	19.881812156964394	30.226003898138732	0.005593213213732532
111.0	30.04519537114898	19.878350988041795	19.838726865735225	30.23753680309957	1.8997197443028536E-4
112.0	30.04424910357079	19.86620701926196	19.790658171240143	30.297510420527068	0.0013752854000406108
113.0	30.024103375774423	19.864333495752533	19.88264608808233	30.228502128458317	4.1491193239518267E-4
114.0	30.026607970218084	19.93583046782073	19.8430834699784	30.194363647247634	1.144447351573162E-4
115.0	30.07072590594954	19.870714048700584	19.90539585434288	30.153070448062962	9.374294403181755E-5
116.0	30.00854881033997	19.942610427965857	19.884660460643317	30.164099308351407	8.099269944790739E-5
117.0	29.973438927976094	19.897967248576563	19.859263139774356	30.269238319975	9.23636979920318E-5
118.0	29.982293232961222	19.93011566043078	19.86963499189763	30.217756010158848	2.0010455152095615E-4
119.0	30.022038951613034	19.92955645649538	19.822056259863118	30.226264837698018	8.349433044522499E-5
120.0	29.994818163575616	19.918601095849255	19.879935691696815	30.206402632551345	2.4241632697454064E-4
121.0	30.0227982530063	19.945323104622968	19.89321556818794	30.13822647484041	4.365993423799139E-4
122.0	29.968053616683665	19.95419109922675	19.87717795086182	30.20047055110911	1.0678211865585055E-4
123.0	29.97325519721119	19.898165401143693	19.903957578208566	30.223440710658235	0.001181112778317415
124.0	29.952145258737584	19.87276011968625	19.876849480288	30.298088489847135	1.5665144103092112E-4
125.0	29.93827811442522	19.929633698727514	19.865464020867186	30.2660598462413	5.643197387758228E-4
126.0	29.975623998374708	19.92789218623399	19.88487855160142	30.209796148595046	0.0018091151948417066
127.0	30.059679305594727	19.89641499030121	19.864804233389695	30.17901995865963	8.151205472862001E-5
128.0	30.10223165854114	19.823346173023577	19.914669247697034	30.159613695104458	1.3922563379452165E-4
129.0	30.01466640336325	19.825333470062528	19.99323904062148	30.166625287700928	1.3579825181401643E-4
130.0	29.990574462182444	19.78375740586347	20.031917853149285	30.193018471416018	7.318073887835721E-4
131.0	29.907922355231893	19.856152064999414	19.961944046087904	30.273690843248147	2.906904326398562E-4
132.0	29.802268260452063	19.950835802864024	19.93611634741894	30.298287002837267	0.012492586427710018
133.0	29.80288143754376	19.928278285960698	19.992099775007432	30.27661915922334	1.2134226477290974E-4
134.0	29.813302378468986	19.90809062610416	19.943807176306507	30.334700859666636	9.895945371412767E-5
135.0	29.884286159534728	19.814990532107217	20.000410809554452	30.299216222670694	0.0010962761329069782
136.0	29.97344997216934	19.838419217133023	20.05778653114029	30.130188216710835	1.560628465082889E-4
137.0	30.313906573603067	19.697763421331718	19.936653262654605	30.05131803017805	3.58712232563E-4
138.0	30.419719638312365	19.687850480356435	20.03317090565436	29.857829781957633	0.0014291937192070037
139.0	29.463783112221776	20.35002855693599	21.35342359926407	28.83260621274314	1.585188350255816E-4
140.0	27.140539294571315	21.479380679484983	21.285226434670548	30.09463316274718	2.2042852597386906E-4
141.0	29.138569898288647	19.38561468681472	18.865017578853283	32.609641840579854	0.0011559954634967153
142.0	31.77473922145487	19.070861978403876	21.04102252492418	28.103314866510665	0.010061408706408315
143.0	31.50842159907722	18.770268411964825	21.43289946417063	28.28345862299193	0.004951901795389199
144.0	34.7792421608484	17.9306459757793	19.075603440658824	28.2140803503366	4.2807237687898455E-4
145.0	27.71323418560972	19.88608724426402	18.79118403085241	33.60867816520472	8.163740691294677E-4
146.0	27.978082082740556	20.261824246183075	18.783778760549865	32.976119881065145	1.9502946135572656E-4
147.0	28.078022517093732	19.572868658361546	19.18959205179295	33.158966893849005	5.498789027637918E-4
148.0	30.71361858768974	19.20365471844273	19.879407918192562	30.202908338150436	4.1043752453238035E-4
149.0	33.911618918313486	19.06128218518658	18.29334228633809	28.71814477331685	0.015611836844993055
150.0	23.68079230752806	25.190690727491088	24.520174032741355	26.604952128684197	0.003390803555295554
