# Position (bp)	A	C	G	T	N
0.0	25.673612165779	24.972405610356606	24.467032064772077	24.83178852627837	0.05516163281394563
1.0	28.474617357885094	18.564429166003237	18.79904313387616	34.15618303704409	0.005727305191419842
2.0	29.869862444149657	20.068993352127396	19.10510199236818	30.95150578524667	0.004536426108094624
3.0	33.02953234160923	19.11610754349534	19.681436854698788	28.16901279561858	0.003910464578062424
4.0	32.95047301840609	18.669321248261998	20.489606934442765	27.889574071483747	0.0010247274054042202
5.0	33.66867737329745	18.821131262131903	19.96695651131771	27.541219550888325	0.0020153023646154867
6.0	28.146471872674482	19.109193702191863	17.948448459725146	34.79123391374837	0.004652051660142178
7.0	28.33693775955352	21.55286944265661	18.89258265058581	31.19542740304552	0.022182744158537295
8.0	27.99487640580378	21.131505223292034	19.091084245392455	31.781764545185382	7.695803263450643E-4
9.0	32.601447858137355	18.89619624375442	19.474782507163958	29.02504689802482	0.002526492919447054
10.0	29.9145021717166	21.469694079276078	21.627973713204025	26.976834942226606	0.01099509357668796
11.0	28.734628926012352	21.44106399838933	20.405844428211534	29.40316416978132	0.015298477605468023
12.0	29.764161538405727	20.122043070135906	19.81681446109119	30.295105651715765	0.0018752786514118203
13.0	29.914521194864978	20.083851802440968	19.80278406512111	30.197405308644665	0.0014376289282787395
14.0	29.902731376662427	20.201725503943234	19.99112986451859	29.900095789730425	0.004317465145329422
15.0	30.08975957002106	20.21216820637946	19.945574690798043	29.751906548468725	5.909843327154837E-4
16.0	30.130313158860194	20.139030215749976	20.021642126099028	29.705817440198818	0.0031970590919869236
17.0	30.08619160128155	20.183049631482767	20.066380334954516	29.662493944009455	0.0018844882717158507
18.0	30.057896379266996	20.15611305765411	20.081621971881138	29.698654100751003	0.00571449044675394
19.0	29.999680749624364	20.20206873599112	19.963993647594037	29.833506257935554	7.50608854922997E-4
20.0	29.908724313372094	20.268170590247784	19.955206901738023	29.867299873881727	5.98320760372471E-4
21.0	29.873186032323535	20.249534844058566	19.972987147748242	29.90286441621361	0.0014275596560466186
22.0	29.84621159267789	20.130022448700004	19.979307429209232	30.04381817290376	6.403565091074867E-4
23.0	29.928888110636752	20.053793098556998	20.02818450834608	29.986643861230682	0.002490421229490519
24.0	29.93772114956445	20.070405901567277	20.058437900499303	29.931072260082242	0.0023627882867259965
25.0	29.95193646919494	20.05154166411471	20.104013320820176	29.88788619359409	0.004622352276093524
26.0	29.943867579272947	20.07723081684391	20.075599292129738	29.902248245936068	0.0010540658173336145
27.0	29.887483439946376	20.126026575883273	20.066792671085633	29.91886317041305	8.341426716648104E-4
28.0	29.876184450485855	20.120044744493125	20.116548061169865	29.88560248881616	0.0016202550349955506
29.0	29.84815760450441	20.131859950368618	20.087524972744973	29.930615629275913	0.001841843106084214
30.0	29.85037678222438	20.110139606623996	20.089776453736853	29.948635671214095	0.001071486200674915
31.0	29.890295486426822	20.083272441305606	20.083750337113614	29.941702951987043	9.787831669133716E-4
32.0	29.881323046103166	20.12283676600963	20.106116856381753	29.888386660577243	0.0013366709282106308
33.0	29.920651456548402	20.10371189253882	20.10304851768559	29.869668953835742	0.0029191793914449924
34.0	29.818719101783035	20.155345013761288	20.10865909839726	29.91544064652491	0.0018361395335034425
35.0	29.8121509650368	20.162993522708398	20.072730295064456	29.94977871488254	0.0023465023078057486
36.0	29.833641983702382	20.132702481280333	20.098237391508857	29.93342168506944	0.0019964584389882633
37.0	29.875198822485345	20.135034415187256	20.043127727318634	29.946239136443044	3.998985657288029E-4
38.0	29.902837504660074	20.059834313072518	20.060804613674147	29.9755950193084	9.285492848659109E-4
39.0	29.876539155065647	20.124493705709607	20.061521004504478	29.936682788669184	7.633460510803054E-4
40.0	29.833248452149626	20.132189124573376	20.12467508008087	29.90762541108896	0.0022619321071681285
41.0	29.859145596028213	20.110614071581264	20.055017743142272	29.974578408525453	6.441807227993638E-4
42.0	29.811350708586392	20.16794498346083	20.088735831374404	29.930022811156746	0.0019456654216206386
43.0	29.82147445202822	20.11629718544728	20.094013012604847	29.96571735921346	0.0024979907061900854
44.0	29.806719558712935	20.13665806820662	20.112674854728084	29.94329698829827	6.505300540903882E-4
45.0	29.784763463935466	20.13649220732186	20.124786762762017	29.950191584542633	0.0037659814380242218
46.0	29.816654366587624	20.09916646223263	20.171023430395465	29.91251584736057	6.398934237080683E-4
47.0	29.840303103239634	20.13966719166033	20.084323659701077	29.934846313550008	8.597318489539843E-4
48.0	29.814112517738156	20.12571412156315	20.08678636362315	29.967928971803452	0.005458025272093332
49.0	29.83096110495046	20.127773545456204	20.11030718427088	29.92308201913535	0.007876146187101066
50.0	29.83593992811443	20.14087259250246	20.09773121798277	29.92448378069708	9.724807032595578E-4
51.0	29.84433904040067	20.10557477809289	20.12217573414882	29.924188622890675	0.00372182446694337
52.0	29.823360785346466	20.12075849581839	20.15968578351905	29.895673556884063	5.213784320382696E-4
53.0	29.85618846052254	20.123161672074083	20.081586790286917	29.936694044310364	0.0023690328061032654
54.0	29.802516376546677	20.126778513757067	20.114026634879938	29.955714105303844	9.643695124707982E-4
55.0	29.76883405549794	20.153086120729192	20.121223973884796	29.95447340576752	0.002382444120555707
56.0	29.79384422879389	20.150216129996178	20.105926331959157	29.949234154631444	7.791546193297175E-4
57.0	29.81609787053519	20.136118641710503	20.149754093605875	29.891849410376782	0.0061799837716456675
58.0	29.81181908798865	20.155559603293213	20.107365131944626	29.922386790903015	0.0028693858704923183
59.0	29.849083002732858	20.14444214157108	20.100798769247067	29.904952560398883	7.235260501164016E-4
60.0	29.848136718320106	20.11733185676301	20.09326882069155	29.937444555561182	0.0038180486641547226
61.0	29.842299855837368	20.155781187245143	20.123664465539264	29.877255751502084	9.987398761347277E-4
62.0	29.840614031238317	20.133808644755227	20.120526937624458	29.90319317603611	0.0018572103458926919
63.0	29.849945602761174	20.156102868801675	20.087065367941122	29.90390403264356	0.0029821278524731066
64.0	29.825111657683827	20.117085558250032	20.12468810114602	29.93166632563628	0.0014483572838314314
65.0	29.790155191210104	20.133537119770846	20.113333048317337	29.955060102748266	0.007914537953442637
66.0	29.78804470222646	20.139622852017247	20.10401643909157	29.946509310844842	0.02180669581987855
67.0	29.80108452227506	20.118672012853988	20.125599042645103	29.952405219572437	0.002239202653406816
68.0	29.782940099828775	20.195699388225037	20.088642088198768	29.92841295396739	0.00430546978003319
69.0	29.776796782859023	20.176406817658542	20.09878025105628	29.94485311174119	0.0031630366849678035
70.0	29.807449675190785	20.11800793580757	20.07635597682991	29.9977826716892	4.037404825390893E-4
71.0	29.748059520848546	20.159512879386167	20.106501989281437	29.97373610480814	0.012189505675708093
72.0	29.797360311061528	20.117540007750392	20.136963065264478	29.941991201809426	0.006145414114180201
73.0	29.772295953186482	20.162542290435464	20.12241356778812	29.937259507180297	0.00548868140963278
74.0	29.810172797233175	20.144614483594925	20.10709594012212	29.935739125038968	0.00237765401081034
75.0	29.77284939287697	20.17010514153226	20.128079894835675	29.9240819252505	0.00488364550459793
76.0	29.765070092227848	20.1619774964287	20.106565325815957	29.965580910836277	8.061746912186407E-4
77.0	29.783035957346033	20.18192409029159	20.09749433372342	29.93629039599654	0.0012552226424133463
78.0	29.776594622511922	20.15073870496732	20.117383239981997	29.953394936751742	0.0018884957870194134
79.0	29.795248200978108	20.16976906570936	20.131065313594593	29.90175718460038	0.00216023511755924
80.0	29.838833245015927	20.129433601568255	20.092275117457902	29.93889122414127	5.668118166490428E-4
81.0	29.773183843840943	20.158834668002772	20.142938540570025	29.907878905936997	0.017164041649260612
82.0	29.753375689867163	20.147180939173825	20.15048563649769	29.944604663196976	0.004353071264341198
83.0	29.7971095903851	20.174535697637346	20.079191536879335	29.94452172342626	0.00464145167195879
84.0	29.7942519406009	20.170819472053743	20.113895564372502	29.917757739317153	0.0032752836556985267
85.0	29.777970044806125	20.18014910215788	20.12737935824234	29.913016603534164	0.0014848912594868234
86.0	29.75459048899748	20.179414918256047	20.111512533816427	29.953876440535073	6.056183949743799E-4
87.0	29.77069790887368	20.15460786140457	20.131481548680792	29.943013381110166	1.9929993079027876E-4
88.0	29.76708268405139	20.18350493429142	20.117726698281867	29.927749508303304	0.003936175072018525
89.0	29.733603773204013	20.187501129395066	20.121742928588134	29.95662669294903	5.254758637594569E-4
90.0	29.753311152568724	20.173302882398303	20.10549726403818	29.967708659244437	1.8004175035528396E-4
91.0	29.72542787538352	20.187231769963503	20.1361898778151	29.950899638052935	2.5083878494376675E-4
92.0	29.732773498274774	20.191778491532165	20.1541745294865	29.92096098768526	3.12493021306765E-4
93.0	29.742262525330474	20.199499850912066	20.155808020592726	29.901690229412775	7.393737519605107E-4
94.0	29.754686806514318	20.188442458000548	20.14676266920931	29.90976704111357	3.410251622542162E-4
95.0	29.795427686735522	20.204842240923675	20.103960380536908	29.89550840951457	2.612822893277539E-4
96.0	29.763194424603682	20.18828259832706	20.122219373715392	29.926159112325728	1.444910281378553E-4
97.0	29.726308852659923	20.230384809729593	20.080480113805876	29.962078680253	7.475435516072292E-4
98.0	29.7264906954249	20.24720202595295	20.111192949951512	29.913907537228063	0.0012067914425740835
99.0	29.740532245661523	20.225610587235902	20.1065243467113	29.92705503991016	2.7778048111928985E-4
100.0	29.732298329665447	20.195360819038545	20.13848400817954	29.931885363030524	0.001971480085947181
101.0	29.742004078939942	20.20145685580905	20.137657971398657	29.916132287190006	0.002748806662341513
102.0	29.72458291536451	20.195450206674746	20.153085582282372	29.926436507290365	4.4478838800556593E-4
103.0	29.74745772665022	20.1967469623885	20.15623001519661	29.899327492572482	2.3780319219143936E-4
104.0	29.703576961339817	20.24775960018921	20.135263285357237	29.913189220059262	2.1093305448114953E-4
105.0	29.732763971528957	20.217923720370077	20.1550847619006	29.894004095942105	2.234502582620288E-4
106.0	29.738811277718785	20.210891955189155	20.14621320675894	29.90362931942195	4.542409111699764E-4
107.0	29.72385066503298	20.19424604626527	20.160385285676067	29.92101463782038	5.033652053039651E-4
108.0	29.68647784214974	20.220579599877333	20.18625510210211	29.906443991409855	2.434644609637964E-4
109.0	29.761039295704204	20.18410500934735	20.137671558428252	29.916965922923993	2.18213596196501E-4
110.0	29.66578953637569	20.230171677756033	20.177578811062553	29.92607631985639	3.8365494933565223E-4
111.0	29.72254523881051	20.19960795936612	20.134099221088565	29.94342912708125	3.1845365355527805E-4
112.0	29.7133979953361	20.174529899334885	20.10234546630885	30.009334354298133	3.922847220306857E-4
113.0	29.692677523924772	20.185544602511943	20.189716168553748	29.931724895689037	3.3680932049592047E-4
114.0	29.707987318585577	20.23041628028332	20.16134411837778	29.899942870734886	3.0941201843810647E-4
115.0	29.733117421251233	20.194077407022313	20.206871672576934	29.856382735143548	0.009550764005972781
116.0	29.681850646855384	20.25293813244524	20.196810042269757	29.868089663122838	3.115153067759703E-4
117.0	29.65233596207215	20.218989882220818	20.16994050214974	29.9555149743753	0.0032186791819882135
118.0	29.653909355429448	20.24709869617159	20.17812194358464	29.92003005812183	8.399466924839176E-4
119.0	29.674942728927807	20.246215175519925	20.143760840658686	29.934865844991116	2.154099024677814E-4
120.0	29.66526812158839	20.239972517841963	20.19299868037169	29.901380299992773	3.8038020518872277E-4
121.0	29.674339089214957	20.251637584330595	20.212891178679346	29.860798342858875	3.338049162287355E-4
122.0	29.63980527714738	20.253432563778922	20.204836247587014	29.901687170696086	2.3874079060018033E-4
123.0	29.640471373670778	20.23034308239613	20.223204063842164	29.905716604844223	2.648752467018617E-4
124.0	29.617516385907894	20.21578173069934	20.191566186438838	29.97477058547083	3.6511148309803976E-4
125.0	29.60752954332884	20.249847782071594	20.173276427906288	29.968712777740386	6.334689528921343E-4
126.0	29.63377964711727	20.25041246012992	20.203370788070313	29.91201807730885	4.1902737365447274E-4
127.0	29.689881113134746	20.22208570598865	20.199324616236026	29.88138563568939	0.007322928951187862
128.0	29.722653939244527	20.166247798882907	20.266065868389436	29.843827285962988	0.0012051075201432544
129.0	29.62543095909628	20.165190525125272	20.34403211689382	29.86333084561805	0.0020155532665722944
130.0	29.599209265482656	20.1291465861567	20.383041550736507	29.888131160272412	4.7143735171754463E-4
131.0	29.502587326715307	20.179221971354814	20.339265866527548	29.97794751452424	9.77320878095444E-4
132.0	29.422647413110063	20.2741325184326	20.298758399710334	30.002225926646936	0.0022357421000598196
133.0	29.386833506334792	20.25158310958665	20.354937087354386	30.006330839151975	3.154575721942727E-4
134.0	29.391045308396972	20.24496648666384	20.29809733178291	30.0652637852837	6.270878725694074E-4
135.0	29.447888897250913	20.184511864437123	20.32621165410098	30.038359574792327	0.00302800941865645
136.0	29.552070782314882	20.20199124556124	20.367488712993225	29.877234635488335	0.0012146236423138995
137.0	29.851632463219335	20.070921644049985	20.27121143812967	29.805710176649992	5.242779510200352E-4
138.0	29.91114448260197	20.06144957282661	20.368970924771013	29.65731865152127	0.0011163682791351106
139.0	29.104040949064867	20.661572064699342	21.54015660043459	28.68780956522033	0.0064208205808702346
140.0	26.971132325429775	21.696902595952192	21.501890521145086	29.81295778699609	0.017116770476856606
141.0	28.87191409554351	19.71342383038408	19.227151956642142	32.18705248514141	4.5763228885859354E-4
142.0	31.299471113783877	19.39831211281056	21.25145034525423	28.050049826695776	7.166014555526344E-4
143.0	30.892980924094022	19.186709902436785	21.57330884899601	28.336890612106362	0.010109712366825951
144.0	33.97684180407376	18.420551664249157	19.33192548643361	28.26669133314656	0.003989712096913532
145.0	27.408090972774275	20.28938956065567	19.055920136823882	33.24639686145288	2.0246829329072902E-4
146.0	27.74960943285815	20.651221661870306	18.937914194429947	32.66102507228869	2.2963855290125934E-4
147.0	27.904118503015756	19.94853212890935	19.40478390771545	32.7391260912124	0.003439369147042349
148.0	30.436281501655397	19.460154763031724	20.283178548610547	29.82006457064832	3.2061605401055294E-4
149.0	33.26636299771505	19.330884023246078	19.154223327394064	28.24653906147282	0.0019905901719903365
150.0	24.336380664628766	24.782967509139038	24.923610728129333	25.908152653472833	0.04888844463002647
