# Position (bp)	A	C	G	T	N
0.0	22.792264089538946	31.924290923920207	26.33232055199688	18.949034909177907	0.002089525366054372
1.0	26.57107439700237	17.111744120991833	17.3547558364341	38.93324195145581	0.029183694115881204
2.0	29.499387695326927	21.230988787306476	19.142408421557644	30.124120979930836	0.00309411587811617
3.0	35.3517136323732	19.17122096957205	19.31789554771348	26.15823296517216	9.368851691077731E-4
4.0	34.08850917934487	18.507255164501835	21.485058505647928	25.91777428273189	0.0014028677734773819
5.0	35.5471295641667	18.553900511840084	20.610163163071455	25.285919989766654	0.002886771155106041
6.0	25.641103144760546	19.382603033354464	16.72796016325741	38.24634734862159	0.0019863100059934746
7.0	25.726337784475177	23.276029584693937	18.55287095715369	32.44310496395103	0.0016567097261631395
8.0	24.93119688451216	22.643070819270942	18.835465022841255	33.589577517831906	6.89755543737744E-4
9.0	33.654222753247076	18.417362904463946	19.47256228317865	28.454301258233677	0.0015508008766505043
10.0	29.221285372698574	23.17587683932695	23.60473387085527	23.99739796544728	7.059516719260066E-4
11.0	27.12611199640368	23.29070217918509	21.318405344363704	28.26404042556231	7.400544852206816E-4
12.0	28.842583704731258	20.843818142659465	20.123987385888462	30.188509818735792	0.001100947985024355
13.0	29.139380067260568	20.704796807504408	20.006863954934488	30.14846053629978	4.986340007520776E-4
14.0	29.150532700177195	20.8963181042439	20.47878566014777	29.47384793596942	5.15599461714162E-4
15.0	29.370699168935477	21.00815534460935	20.374600925481808	29.245977644955275	5.669160180918363E-4
16.0	29.325743455559422	21.017963218311056	20.505309863240345	29.150399555680963	5.839072082142692E-4
17.0	29.281046335117995	21.069316061973353	20.485693478225787	29.163240240996043	7.038836868260099E-4
18.0	29.097671762000658	21.115195418009495	20.61094236504825	29.175641253154904	5.492017866907125E-4
19.0	29.02499665003609	21.036297824059037	20.4556088175511	29.48119224743717	0.0019044609166015975
20.0	28.98823127436095	21.05585084668547	20.49274891990227	29.46282590752566	3.4305152565305004E-4
21.0	29.10392079559721	21.054900604366743	20.526999295022648	29.313681996737316	4.973082760842908E-4
22.0	29.134449161020402	20.853197901938085	20.49015356903869	29.52156500482373	6.343631790922126E-4
23.0	29.1301812392395	20.682909152742724	20.6475293443285	29.53845462916681	9.2563452246515E-4
24.0	29.09323303142101	20.786602448672365	20.647782993314216	29.456682931393885	0.01569859519852639
25.0	29.20293084655859	20.770775427592188	20.65754705326069	29.360487581119443	0.00825909146909532
26.0	29.238727114921975	20.775612732962564	20.487633637274147	29.49737548232087	6.51032520444991E-4
27.0	29.142114487171998	20.805647804962778	20.61213103639304	29.438924706611484	0.0011819648606985892
28.0	29.098632660125446	20.819694846146216	20.6603576941792	29.42100650451147	3.082950376659462E-4
29.0	29.12678637177083	20.848895853134337	20.557031176415183	29.46629333744338	9.932612362677353E-4
30.0	29.04032933073022	20.835941291334166	20.584356790314676	29.53834115133388	0.0010314362870631588
31.0	29.02448641172822	20.82020549570295	20.511245838190035	29.64364812247261	4.1413190618877E-4
32.0	29.135581253061773	20.722997004575248	20.6760181014287	29.46232021735018	0.0030834235841022835
33.0	29.33246505740011	20.742584587348674	20.60084926428395	29.322553496346632	0.0015475946206306534
34.0	29.12030020852469	20.913057457925877	20.67426474361727	29.291958655345656	4.1893458650632645E-4
35.0	29.06063177382651	21.020014235773868	20.626426645441573	29.29255917839248	3.68166565566959E-4
36.0	29.126566092566254	20.892961092479972	20.666576044563538	29.313104413918566	7.923564716683258E-4
37.0	29.07771918096512	20.85222992115958	20.477552233104486	29.589103115063153	0.0033955497076643922
38.0	29.127711440921317	20.642434149229594	20.59791812070594	29.628507879923255	0.003428409219898345
39.0	29.16831510371636	20.83003422860195	20.504683167276163	29.495878951988413	0.0010885484171167636
40.0	29.11245543920461	20.696896241781147	20.77044866800733	29.418263589093087	0.001936061913825884
41.0	29.083872050621896	20.742338496470904	20.52694763048436	29.64635557214009	4.862502827455348E-4
42.0	28.923990029485967	21.052704907235714	20.59224896755675	29.430440899951797	6.151957697691352E-4
43.0	29.102197804995033	20.708345651645054	20.537416576392985	29.650639952203132	0.0014000147637920545
44.0	29.095983727279556	20.818371818068705	20.60347046860443	29.479999758825215	0.002174227222092195
45.0	29.14293227443972	20.779244627488485	20.707389558409925	29.36003998763057	0.01039355203129671
46.0	29.174221272687813	20.739848159801326	20.788590133340026	29.296602199054767	7.382351160727073E-4
47.0	29.202469669858623	20.85191886536463	20.559497013639056	29.385335352065596	7.790990720930052E-4
48.0	29.10187152205617	20.72941219463173	20.57796094373725	29.589860391890134	8.949476847144055E-4
49.0	29.11610606075088	20.709800347568734	20.735213008133737	29.431103109996155	0.007777473550499136
50.0	29.121686218959297	20.727012913896427	20.60356045044322	29.54570548598479	0.0020349307162616966
51.0	29.18902720732656	20.600268639035097	20.682875805306217	29.527013831443877	8.145168882499877E-4
52.0	29.066188731640562	20.783431247160912	20.74488154633059	29.40515564156016	3.428333077795544E-4
53.0	29.181282831308458	20.68266139195172	20.534769681931316	29.600749838931716	5.362558767898497E-4
54.0	29.077385578165888	20.64859599138626	20.745068197895716	29.528333919793443	6.163127586948729E-4
55.0	29.074435552652535	20.811461404192862	20.596117455334582	29.51281361387515	0.005171973944873731
56.0	29.100161482899335	20.679416697581186	20.713669465080102	29.505252091016498	0.0015002634228763285
57.0	29.184093345257857	20.643340152106262	20.72777612159407	29.44431998566862	4.703953731911093E-4
58.0	29.146140421893072	20.711709684943628	20.6218789181426	29.519541445088382	7.295299323173677E-4
59.0	29.155052873183724	20.823816107352723	20.623894837761387	29.396759989714255	4.7619198791107277E-4
60.0	29.163367706403115	20.82297729317166	20.584194456788513	29.427923357916324	0.0015371857203831225
61.0	29.135306470654893	20.8212346266392	20.601247790889342	29.439659433294302	0.0025516785222606825
62.0	29.155700250897844	20.739620785488615	20.573461132272065	29.530712233565136	5.055977763405318E-4
63.0	29.27746198301201	20.634150084642766	20.562503447485557	29.525497755852275	3.867290073826568E-4
64.0	29.189518236623393	20.596030275841592	20.650470404096552	29.562300959043693	0.0016801243947710432
65.0	29.066659295512988	20.719756025814988	20.70240768558289	29.51047563331756	7.01359771571248E-4
66.0	29.04726446436342	20.786352906477408	20.648810209980052	29.516783137622664	7.892815564632294E-4
67.0	29.011278880339965	20.739988417223408	20.728715183957625	29.51905542435985	9.620941191578664E-4
68.0	29.089908205855508	20.723731057398094	20.626210839175275	29.55966535122868	4.8454634243353496E-4
69.0	29.120319717806165	20.7258808210703	20.66002285821012	29.491993789867895	0.001782813045522221
70.0	29.183555805907595	20.62102418221066	20.698824357656687	29.496274872852958	3.2078137209740976E-4
71.0	29.04027402084381	20.74510031274118	20.683095187242763	29.530409774783678	0.0011207043885706257
72.0	29.107648079151044	20.559710585748487	20.742006290972007	29.59015720479629	4.7783933217174934E-4
73.0	29.14279483621846	20.62313770164385	20.634566841088763	29.598887563760695	6.130572882330441E-4
74.0	29.16168104798312	20.57054680786866	20.652722605804925	29.614586016517713	4.635218255873318E-4
75.0	29.152261473476308	20.655472727317232	20.69852976353788	29.492289675278744	0.0014463603898408537
76.0	29.10193749915849	20.62453716793903	20.671392602765547	29.60172880397463	4.03926162297532E-4
77.0	29.13027803483396	20.663379214184342	20.71174274134068	29.493875801466473	7.242081745450332E-4
78.0	29.098084431151396	20.66453571999361	20.69558665722962	29.54131372862394	4.79463001438389E-4
79.0	29.17170638513807	20.619475936846328	20.689223874525577	29.51904097967751	5.52823812517175E-4
80.0	29.235992451112725	20.625807310909973	20.654607259586093	29.483128088178518	4.6489021268959676E-4
81.0	29.118958843549464	20.578483332868032	20.850178921198896	29.44874253106927	0.0036363713143323937
82.0	29.110431503801298	20.5911936250066	20.765550556523547	29.53059807837915	0.002226236289404086
83.0	29.264479485552197	20.54433864944061	20.60981156331049	29.5807963974115	5.739042851998215E-4
84.0	29.247211198040972	20.594337574876505	20.620583134318593	29.537143744297268	7.243484666629484E-4
85.0	29.21952145100224	20.545784283215472	20.72148182979093	29.512480769362092	7.316666292703722E-4
86.0	29.17422994976321	20.68279258015437	20.653418373960257	29.486799103593853	0.0027599925283059413
87.0	29.198581161138915	20.604814429842232	20.73388354345144	29.461973793715536	7.470718518765698E-4
88.0	29.171550619909613	20.67727340470954	20.697992443466983	29.452579331512673	6.042004011890664E-4
89.0	29.041031233961434	20.708334351654976	20.63661904994664	29.608414595400447	0.005600769036504794
90.0	29.20556120802718	20.569794891247216	20.633169527538353	29.588178171055894	0.0032962021313552
91.0	29.111507748453185	20.578660939943656	20.775514872293748	29.533534859376836	7.815799325704938E-4
92.0	29.10360212480668	20.614342840643456	20.751962176437004	29.529512742116026	5.801159968304571E-4
93.0	29.20153250404562	20.577513343473857	20.806262423165244	29.413944270541638	7.474587736443901E-4
94.0	29.161851758322516	20.554363807534887	20.733729845654363	29.549297541598374	7.570468898621147E-4
95.0	29.22161575939158	20.536231209313662	20.65969036618731	29.578518983077768	0.003943682029681685
96.0	29.074991453143245	20.627505783003077	20.84894707164708	29.448222697787585	3.3299441901353733E-4
97.0	29.127666445013766	20.71565758339831	20.601146294289794	29.554938977943852	5.906993542812201E-4
98.0	29.04702043451652	20.64004804766438	20.788828119519135	29.523590068552334	5.13329747629985E-4
99.0	29.099554747126916	20.596503468991976	20.758439902433153	29.544518344696076	9.835367518756626E-4
100.0	29.062982944003156	20.52914222099048	20.792779737607276	29.61330424121717	0.0017908561819181068
101.0	29.12309625306364	20.60034188767774	20.778646801895878	29.49508387453628	0.0028311828264622014
102.0	29.03125736763082	20.52053342630735	20.800423951825415	29.646756244951423	0.0010290092849928982
103.0	29.066323839459677	20.521929817816662	20.857508853891947	29.553345563980997	8.919248507179226E-4
104.0	29.063941603283283	20.57073498043625	20.888657652187344	29.476321827292452	3.4393680067486656E-4
105.0	29.24999666139485	20.557477108297356	20.75531331060538	29.430694690600333	0.0065182291020805545
106.0	29.186003623657303	20.425456192571502	20.811796298692894	29.57580561666882	9.382684094732755E-4
107.0	29.15345169991404	20.46958005223411	20.82751216106286	29.548599789877912	8.562969110735658E-4
108.0	29.095308516422424	20.5629874209301	20.842589390621328	29.49847738346759	6.372885585572592E-4
109.0	29.2893714393539	20.503236842231203	20.77513295699502	29.431746007871794	5.127535480836349E-4
110.0	29.08228472538406	20.51655170153737	20.87396275143756	29.518520042141873	0.008680779499136454
111.0	29.194178933843528	20.538155779951204	20.797085695234117	29.469796787874238	7.828030969113792E-4
112.0	29.149755789306912	20.434190296472256	20.772098969195042	29.641665640113274	0.002289304912521299
113.0	29.086707159762565	20.43689619603035	20.8330146216267	29.641451186610094	0.0019308359702859196
114.0	29.162399938338897	20.520960409697047	20.850034798278198	29.466111261087324	4.935925985410163E-4
115.0	29.22149144100441	20.525276942950647	20.85529366711228	29.397238843244196	6.991056884676302E-4
116.0	29.07692999236639	20.567862545711158	20.843889711653247	29.51080062198599	5.171282832176358E-4
117.0	29.069878861743202	20.477988262526978	20.94853102177504	29.502867905110204	7.339488445810314E-4
118.0	29.120528963883796	20.474476790087113	20.94625222464573	29.457194805368587	0.001547216014772986
119.0	29.206591576704565	20.525830119659865	20.815844379910953	29.4511757085361	5.582151885200041E-4
120.0	29.03594544078348	20.50066312265673	20.955691048837163	29.505802599087737	0.001897788634894154
121.0	29.03288059753678	20.565369548564394	20.93599201903879	29.463260378859534	0.0024974560005013077
122.0	29.088791933058683	20.503444655801083	20.929313211515808	29.477842016473343	6.081831510811157E-4
123.0	29.050572127658548	20.468174644923725	20.962892538451516	29.517009396310005	0.001351292656207018
124.0	28.989889473597636	20.454138745951777	20.9083472781135	29.646278625430995	0.0013458769060981683
125.0	29.024151740540834	20.496787792218637	20.922470402480897	29.553806477819194	0.0027835869404410334
126.0	29.035273741489625	20.44833764724977	21.034613840410717	29.46009840854924	0.021676362300641537
127.0	29.199446495895803	20.435336074264384	21.01825477807211	29.346076336148492	8.86315619207789E-4
128.0	29.09890512357022	20.54662625687933	20.964986182317396	29.388157966718936	0.0013244705141191436
129.0	29.13285141410511	20.392599957636552	21.05295371043203	29.420334815253963	0.0012601025723493892
130.0	29.058236981548056	20.42315449272821	21.128975685527816	29.387691189918453	0.0019416502774680883
131.0	28.959491951617938	20.46883562631594	21.162630020897737	29.405961492575667	0.0030809085927196163
132.0	29.01218768791703	20.412691597967296	21.019186285720576	29.552838312575595	0.003096115819500576
133.0	29.339251385685895	20.311204596386176	20.84991148263865	29.49825680533783	0.001375729951451214
134.0	29.346353147024274	20.3632017178935	20.951509886452623	29.338552882732966	3.82365896632733E-4
135.0	29.073801279489174	20.443046030640613	20.833978536816325	29.646985190451907	0.0021889626019793084
136.0	28.960332132794402	20.402023675168877	20.763653288040405	29.87243662199257	0.0015542820037458198
137.0	28.428394187441874	20.64238419167611	20.85076798766338	30.07651216928086	0.0019414639377696094
138.0	28.633596421496886	20.762242653313606	21.206073346976908	29.396097752193036	0.0019898260195619797
139.0	28.25995396127965	21.243411691077384	22.330933732895712	28.164084843092414	0.0016157716548410132
140.0	26.8162114230743	22.336689740495864	22.448648381656657	28.395392760791893	0.003057693981282209
141.0	28.641026271929427	20.668149024919934	20.60223286147375	30.085224807787693	0.003367033889196095
142.0	29.562474113135877	20.892918219878513	23.24081169660523	26.299033508967142	0.004762461413238777
143.0	30.645797797223214	19.809010055020497	22.32423282770137	27.217860951753515	0.0030983683014092684
144.0	33.48341582937297	18.90907894953216	20.090608606995445	27.51673217016658	1.6444393284109784E-4
145.0	26.487986683555388	21.107692103640137	19.491547904052627	32.91028642292975	0.002486885822098136
146.0	26.813647784319077	21.48791180463374	19.484232533926125	32.2091861245629	0.005021752558164449
147.0	26.918670474323665	20.215448047449264	19.978201726963956	32.88666587809865	0.0010138731644671252
148.0	29.355024720128565	20.131806565420483	21.0636308733763	29.44561401114368	0.003923829930974713
149.0	33.93089449806068	19.33044891179425	19.209833913146863	27.43801681373081	0.09080586326739139
150.0	22.442403503870008	24.507495074043568	27.915386038950434	25.131993860244357	0.002721522891636216
