# Position (bp)	A	C	G	T	N
0.0	25.99348022505709	24.500931517595014	35.0442907692052	14.454435370729074	0.00686211741362808
1.0	26.991673600173172	19.61423889607663	21.40614989657207	31.95761367720359	0.030323929974538928
2.0	28.98730265700068	20.940432771083604	17.784486019661284	32.287278920246116	4.996320083233612E-4
3.0	30.635244351376933	20.32741858004164	21.014295337225974	28.023007920045718	3.381130973095411E-5
4.0	33.185690167390426	19.07865736637354	21.196664004746903	26.538963147374723	2.531411440764635E-5
5.0	33.822509274161725	19.013334799828097	20.9788953605737	26.185016336790966	2.442286455104585E-4
6.0	28.652507750410084	17.88764776684276	18.627808248396803	34.83197733586148	5.8898488875127206E-5
7.0	26.958711005618497	22.644534511781256	18.785439217240164	31.61128164281119	3.362254889517145E-5
8.0	26.82582847311782	21.849145247541397	19.3780894705118	31.94687802775038	5.878107860592107E-5
9.0	31.944337715287624	19.556002046962693	19.99949664851805	28.500121643274806	4.1945956829221234E-5
10.0	28.59360251124089	22.869871529564094	22.655631207257336	25.880752265905087	1.4248603259711638E-4
11.0	27.44684408368511	22.81589904605992	21.218993429202005	28.518171300445726	9.21406072367568E-5
12.0	28.942988142520143	21.070469047750798	20.71678981007321	29.269702770640837	5.0229015008178534E-5
13.0	29.30506608491604	20.82172053462981	20.683232916144124	29.189687625580753	2.928387292773719E-4
14.0	29.35386992401721	20.985368665916322	20.735370819267906	28.925323690555267	6.690024329109726E-5
15.0	29.623527744033368	20.949786369614085	20.564150047951703	28.862502405107538	3.3433293308109025E-5
16.0	29.870821374670314	20.78349350255259	20.798540697775454	28.547119360267786	2.506473385263006E-5
17.0	29.90544495357601	20.837571069954098	20.901961838906825	28.354913566876117	1.0857068695012078E-4
18.0	30.11466065891476	20.48832129962995	21.223834563529955	28.173166781067966	1.6696857367596844E-5
19.0	29.745484164270476	20.746493548329216	20.74933935208309	28.75864120798945	4.172732776941145E-5
20.0	29.350346043783134	21.206184730157428	20.645895557906908	28.797498583613603	7.508453893379454E-5
21.0	29.028847153879315	21.333434306475894	20.576043994042696	29.06149939945723	1.751461448623756E-4
22.0	28.996621597396267	21.06708094441853	20.49327446240141	29.44297296760959	5.002817420010369E-5
23.0	29.196738823727515	20.80330702379945	20.77624864697696	29.223605474528156	1.000309679204854E-4
24.0	29.206994328292335	20.896520837041912	20.91099679245497	28.985421371143826	6.667106695708583E-5
25.0	29.234391735638415	20.888609673722357	20.855548228008995	29.021383706489683	6.665614055113797E-5
26.0	29.237084079550975	20.847638817306514	20.81276002382121	29.102467097768663	4.998155264194574E-5
27.0	29.167465509559047	20.880565006100632	20.82642136429318	29.125523134517927	2.4985529214330035E-5
28.0	29.19158444379624	20.86818990999582	20.87180376658783	29.068321957318023	9.992230208327174E-5
29.0	29.163011167055263	20.88818109055077	20.815925828920786	29.132848612281048	3.330119213272656E-5
30.0	29.115569140670278	20.906191355670995	20.90150961513506	29.07653794550704	1.919430166248523E-4
31.0	29.13000589885213	20.805312530823407	20.830092562033528	29.2344216887014	1.6731958953492934E-4
32.0	29.17691928308293	20.807387251974475	20.89104658887316	29.12394230575667	7.045703127621169E-4
33.0	29.261697993019798	20.765786821788225	20.8767521359183	29.095460278975914	3.0277029776281343E-4
34.0	29.109220987206708	20.844928734929564	20.845603437813605	29.19952153444978	7.253056003459876E-4
35.0	29.13253877501291	20.844655006770793	20.777298188659163	29.245364195125788	1.4383443133999965E-4
36.0	29.143464573506506	20.801543112514036	20.858267200505814	29.196385549941816	3.3956353182745965E-4
37.0	29.137422533682546	20.85714198084426	20.748636741053303	29.25650055948014	2.981849397521589E-4
38.0	29.175662780847006	20.766578809808216	20.743071834119593	29.314378735601764	3.0783962342320907E-4
39.0	29.22132996000873	20.770729472861372	20.732614750637865	29.27504253139443	2.8328509760716804E-4
40.0	29.147675769310204	20.812707543686106	20.80244995936617	29.23682193488727	3.4479275024971615E-4
41.0	29.200946687334444	20.74721507428445	20.768700005011997	29.282878544440088	2.596889290194847E-4
42.0	29.108241990954177	20.845226370357413	20.787995454567984	29.25770145791019	8.347262102377952E-4
43.0	29.14665658334034	20.77342536901664	20.750959745918347	29.32874866916077	2.0963256390321158E-4
44.0	29.149223991852892	20.7997073667678	20.760179413378495	29.290652270909007	2.3695709180981506E-4
45.0	29.147514607749226	20.746051173625236	20.787451813544713	29.317447741394	0.001534663686831942
46.0	29.165621291503907	20.721362941076656	20.789670635457483	29.323034843927783	3.102880341763652E-4
47.0	29.151434862061542	20.77650677115152	20.74203496820404	29.329649092552955	3.7430602993646154E-4
48.0	29.17776715595742	20.768905690242985	20.78107478364911	29.27197457788569	2.777922647937374E-4
49.0	29.202257006010928	20.764312910627	20.739890339954073	29.293188274678762	3.514687292413782E-4
50.0	29.20544700319555	20.789635439984462	20.69348700645519	29.31108609477188	3.4445559292092993E-4
51.0	29.220161068887666	20.730143818085704	20.70351573660341	29.34585108500769	3.2829141553513276E-4
52.0	29.1604923001712	20.732227412921016	20.775251469139853	29.33177190295153	2.569148164059195E-4
53.0	29.205737922454826	20.784879989613216	20.685647787923443	29.323429566837493	3.047331710182871E-4
54.0	29.209690503489494	20.71189253576862	20.712766210571242	29.365362623374036	2.8812679660999307E-4
55.0	29.115428740401367	20.778324265750364	20.719118282829985	29.38675440418774	3.7430683053819706E-4
56.0	29.12716704023189	20.785401833156406	20.688723047643958	29.39838773214898	3.2034681877236127E-4
57.0	29.160668450222804	20.73482690029759	20.716561833087837	29.387610724260675	3.3209213108644224E-4
58.0	29.142911048183333	20.75863527006377	20.671650806649243	29.426468356235453	3.345188682022421E-4
59.0	29.179803557109175	20.774209302343497	20.701415587406764	29.344311575587223	2.599775533454682E-4
60.0	29.208849785242812	20.76764947373671	20.701416584304106	29.32168633244641	3.97824269958504E-4
61.0	29.13044400888755	20.772963866869013	20.711835305123056	29.38455146001037	2.0535911000882164E-4
62.0	29.167963036790884	20.776741601789013	20.6765809899102	29.378211596784926	5.027747249822255E-4
63.0	29.223097289222856	20.7549652917627	20.649164708169707	29.372444693251865	3.2801759287569645E-4
64.0	29.163699025277033	20.74250763483701	20.684065357111887	29.408073956045993	0.0016540267280694852
65.0	29.16923124837012	20.772621380173188	20.637690761145606	29.420213929341614	2.426809694740709E-4
66.0	29.10923688748483	20.772142684012643	20.68700284085113	29.43139315959609	2.2442805530233724E-4
67.0	29.155458817188162	20.730378105230564	20.6910850063011	29.42264571336688	4.323579132924734E-4
68.0	29.154696429948114	20.76692081492298	20.648577816391928	29.429337385187033	4.675535499470833E-4
69.0	29.141467132367033	20.740735457361385	20.691342464621183	29.426087828482018	3.671171683812262E-4
70.0	29.181333939742437	20.703073737913698	20.638782227708244	29.476354652306323	4.5544232929730223E-4
71.0	29.087551766451597	20.76023266686423	20.653709585793496	29.498067350146083	4.3863074459173643E-4
72.0	29.152968362037125	20.719154372466413	20.66311990694647	29.464281757376604	4.7560117339456767E-4
73.0	29.078415777548113	20.787435296276954	20.65954643482213	29.474099938164105	5.025531886999823E-4
74.0	29.114125919321577	20.76757560406329	20.608695719398643	29.50912786252439	4.7489469210202636E-4
75.0	29.134626443359345	20.74287015935156	20.617485905577137	29.504470352301947	5.471394100050582E-4
76.0	29.108243759007213	20.797328003855725	20.619052641540158	29.474969064080884	4.0653151601700296E-4
77.0	29.151011168239343	20.76234076683223	20.614289146037656	29.471822044716134	5.368741746273494E-4
78.0	29.140374925402945	20.73962827867275	20.63450176911907	29.484847738785998	6.472880192420234E-4
79.0	29.147441512573913	20.71936249375379	20.633825499618062	29.49879720548733	5.732885669061102E-4
80.0	29.165415968862185	20.705289320458274	20.629951312219895	29.498798500915786	5.448975438624755E-4
81.0	29.161780131845266	20.72493783463966	20.621288912732403	29.491561250274717	4.3187050794689716E-4
82.0	29.093123010325826	20.714985927502635	20.66065993802219	29.530574837028105	6.562871212402952E-4
83.0	29.126348243036198	20.770970414741967	20.584982498044354	29.51716920971271	5.296344647680379E-4
84.0	29.13007896998881	20.759464935996398	20.624547674428477	29.48544641693217	4.6200265414281526E-4
85.0	29.13504700073174	20.75044415150191	20.588383141653782	29.525467281820667	6.584242919058256E-4
86.0	29.11316723163029	20.731703244593458	20.56595175392178	29.587161265861024	0.0020165039934485454
87.0	29.13627263911915	20.699688239648825	20.638339745795406	29.525151970137735	5.474052988832932E-4
88.0	29.17124296161098	20.728218544666117	20.57369046313582	29.526266003914657	5.820266724304945E-4
89.0	29.102386854007023	20.721612148716677	20.56124732613353	29.614189479272397	5.641918703712758E-4
90.0	29.09699393694935	20.720505959686918	20.602937385864944	29.57858025030808	9.824671907128469E-4
91.0	29.008332612183217	20.7876512473678	20.61537958013531	29.588123434272163	5.131260415071815E-4
92.0	29.11820299570274	20.705284764338746	20.607828689365245	29.567908075459652	7.754751336143654E-4
93.0	29.073980675778444	20.726910463464968	20.611843338346247	29.586634546150965	6.309762593748374E-4
94.0	29.067792986986724	20.736656914089135	20.5876760902996	29.607217384033895	6.566245906492864E-4
95.0	29.09767431082411	20.764373161957487	20.587041701859143	29.550242378743043	6.684466162192481E-4
96.0	29.103491099577518	20.74681815437748	20.585847835767	29.56293509759667	9.078126813261267E-4
97.0	29.068802416470902	20.75532291637277	20.55634518643023	29.61888194743479	6.475332913053393E-4
98.0	29.053329873351785	20.766050602387292	20.589651270639454	29.590496723731736	4.715298897295918E-4
99.0	29.074161394107296	20.777654342107564	20.587295482067418	29.560135234474238	7.535472434841011E-4
100.0	29.04459901465581	20.78227034951739	20.605572708812954	29.566854343482934	7.035835309094063E-4
101.0	29.123627958399425	20.796310519058018	20.519629527879324	29.5596632970976	7.686975656350744E-4
102.0	29.070652535818013	20.76903506929682	20.56407288075688	29.59518089569364	0.001058618434644825
103.0	29.025653651692508	20.799023549533647	20.508358412499682	29.66626592385188	6.98462422285142E-4
104.0	29.01188581188152	20.811961918237476	20.56027498334057	29.61501975013533	8.575364051001977E-4
105.0	29.04433482041455	20.74988542390959	20.606596729835612	29.597665098385473	0.0015179274547721627
106.0	29.059643783428207	20.72258046142942	20.5681223958387	29.64867909688122	9.742624224548004E-4
107.0	28.970638454302094	20.789704463906045	20.602596009761445	29.636215991761233	8.450802691811134E-4
108.0	29.02190510552927	20.77939556861191	20.588509430902352	29.607509961568574	0.002679933387890997
109.0	28.98224967016601	20.808983625664727	20.542910795082033	29.665026265307944	8.296437792904725E-4
110.0	28.935667712982195	20.790982095338872	20.57504303495143	29.69699692261362	0.00131023411387931
111.0	29.026163866558335	20.74737156917737	20.527602962651102	29.697513852931095	0.0013477486820943243
112.0	28.947981599004898	20.810531768320832	20.57148973356966	29.668719541631283	0.0012773574733340616
113.0	28.954005608064648	20.78122964330185	20.573117514693138	29.69078473411627	8.624998240954306E-4
114.0	28.96570363039117	20.826703588703992	20.573489109107523	29.63253454766367	0.00156912413364441
115.0	28.94799923853773	20.80712581615911	20.524093096744654	29.71949984410342	0.0012820044550864254
116.0	28.87234069163905	20.812607091488964	20.587680570320803	29.72592083046714	0.0014508160840472765
117.0	28.94313652146252	20.785389301223393	20.605718986924686	29.664278660989886	0.001476529399513626
118.0	28.9278244531887	20.808800543991442	20.594759678030975	29.667191966458155	0.0014233583307283189
119.0	28.90117323361117	20.857979009050055	20.537304077682464	29.701982267939364	0.0015614117169450534
120.0	28.81652097473658	20.856002081188993	20.546665935814346	29.779447910675927	0.0013630975841560497
121.0	28.80907092514674	20.91781929157948	20.584835963408093	29.686702573671052	0.0015712461946381223
122.0	28.796164582314816	20.978031509722594	20.48674478386349	29.73770284975319	0.0013562743459130406
123.0	28.842339041840432	20.938985691178463	20.537759380999056	29.679332358364174	0.0015835276178763113
124.0	28.73935888699406	21.029606594463335	20.471235700869276	29.75824221438924	0.0015566032840870177
125.0	28.810305592327595	21.010576895458854	20.565882631400413	29.611453340551602	0.001781540261537382
126.0	28.7799822611141	21.043031165651694	20.57683945158874	29.598269788148663	0.0018773334968018283
127.0	28.844732194837174	21.03612003358647	20.59483199071109	29.522574919778695	0.001740861086572617
128.0	28.876357219829902	21.070792242863458	20.57100905457215	29.479780698176633	0.00206078455785438
129.0	28.839542496350802	21.073219315297862	20.649340859406944	29.435384576726886	0.002512752217503832
130.0	28.721587317547954	21.157920992400506	20.655014011399487	29.462890658367375	0.0025870202846796173
131.0	28.64216860651563	21.23589653300468	20.50591177093224	29.613717488403875	0.002305601143578167
132.0	28.63107266698226	21.254652574759334	20.384060466928755	29.727669196490936	0.0025450948387173403
133.0	28.798706786604424	21.236481648232434	20.234302731175724	29.727497072752474	0.0030117612349450356
134.0	28.849644600560104	21.321812661656097	20.352565936170112	29.47301542004842	0.002961381565265148
135.0	28.491030601477313	21.51532750965057	20.260808974827086	29.729114720402993	0.0037181936420375996
136.0	28.160382215107262	21.93751307761544	19.931448385350414	29.967501087725473	0.003155234201410224
137.0	27.18414825460004	22.438612859416207	20.277319017504787	30.096157825238045	0.0037620432409250113
138.0	27.29486477845992	22.75774997426158	20.544570818590184	29.39772093048459	0.005093498203729091
139.0	27.33597977592998	23.20566335307515	21.229011009235283	28.222572127489347	0.006773734270238767
140.0	26.57296058490531	24.012754323578683	21.38217508547514	28.024948154421974	0.00716185161888985
141.0	25.529555350704115	25.068042312662143	20.89730239855374	28.49852964892755	0.0065702891524526096
142.0	23.823288131300618	26.385103700400265	22.492553501918746	27.297127661331615	0.0019270050487532277
143.0	30.163082118734447	20.136420191965872	22.01653039459652	27.683967294703166	0.0
144.0	31.7887311286844	20.120866283249462	19.38623292595255	28.703720345075485	4.493170381020848E-4
145.0	27.197169601373417	21.252969148109965	20.009900945131506	31.535418587434883	0.004541717950231855
146.0	27.225814159739357	21.446853876305617	19.95018771511417	31.377144248840853	0.0
147.0	28.370773452397565	21.212036649458167	20.645551369703735	29.770708339147017	9.301892935212316E-4
148.0	30.680786402149007	19.796013417198665	20.986248782713833	28.53459915413313	0.0023522438053659384
149.0	30.689029702593206	21.88156096910721	20.173864193592923	27.185561464229774	0.06998367047688872
150.0	19.92157293168563	30.200408100139192	22.570731536961	27.280845735153985	0.026441696060187286
