# Position (bp)	A	C	G	T	N
0.0	22.783473351847412	30.097861890651075	29.94291611247818	17.15291589118516	0.02283275383817445
1.0	27.305093807946935	17.362245136436748	17.833306732001972	37.47201833983542	0.02733598377892317
2.0	30.09066252031638	20.49660806742817	18.045252367461025	31.367473417543984	3.6272504444137474E-6
3.0	35.502416656511535	18.862106949152306	19.340462944289914	26.294888751101574	1.2469894466921678E-4
4.0	35.22486798464073	17.974718347310542	20.93968959214093	25.86048151732736	2.425585804338332E-4
5.0	36.80569094160017	17.88970667045204	20.093627291835638	25.208256673291306	0.0027184228208532797
6.0	26.681087010687765	18.377414212065645	16.310350804303173	38.63114737578651	5.971569061121547E-7
7.0	26.865986889561626	23.070440860001092	17.892529824216325	32.17103765728877	4.7689321808843105E-6
8.0	26.05852409094943	22.21260449801332	18.190549155005044	33.5381347160661	1.8753996610634845E-4
9.0	34.87745262005772	18.092741576055076	18.863135896366895	28.166614010228137	5.589729217461101E-5
10.0	29.865368305478807	22.99731327465548	23.01915493800309	24.11765447263086	5.090092317644236E-4
11.0	27.734028335740767	22.88978914748696	20.775387062479737	28.600793673756908	1.7805356296307834E-6
12.0	29.692879712676305	20.406102663696515	19.66786309749253	30.23315333998184	1.186152811746476E-6
13.0	29.989373087930144	20.23264597486829	19.633898054920916	30.13601081955108	0.008072062729575953
14.0	30.043340836327108	20.443433571337756	19.97719458836582	29.536031003969317	0.0
15.0	30.403355886046473	20.434192459216487	19.824636311154702	29.33781475170612	5.918762136828677E-7
16.0	30.453230718850982	20.33816289683865	20.045669075003048	29.162934942948176	2.3663591427175395E-6
17.0	30.42203668892654	20.42355014092488	20.026886168748746	29.11998191544602	0.007545085953814318
18.0	30.41911564364511	20.306399955081815	20.146672655758245	29.12781174551483	0.0
19.0	30.2981430061167	20.37420100110234	19.931979133441338	29.395675676417397	1.1829222181797828E-6
20.0	30.11693114119466	20.493338033121073	19.835552607945697	29.55417762587545	5.918631191062086E-7
21.0	30.073428369622253	20.4505677257901	19.88353642919962	29.592195008850158	2.724665378662059E-4
22.0	30.053866463889	20.234927091088537	19.86082546002193	29.84985753710462	5.234478959223392E-4
23.0	30.125172337932867	20.074039546202506	20.05333356940572	29.747418352385367	3.6194073547983214E-5
24.0	30.12137901071421	20.12406207248225	20.103644954230997	29.645604620898425	0.005309341674121612
25.0	30.223774147745814	20.09691071708288	20.069032780314195	29.607129312464032	0.0031530423930800975
26.0	30.19650463482494	20.12848149661047	20.014137787181728	29.655847577180605	0.005028504202259297
27.0	30.14444917866616	20.17252826775781	20.066546055739337	29.605746588403335	0.010729909433355372
28.0	30.130068864730834	20.15809791494744	20.13869799627381	29.57289723580654	2.3798824137676448E-4
29.0	30.084730764009233	20.148391034801065	20.06046654502094	29.70640867059705	2.985571711187353E-6
30.0	30.110522870527113	20.128455424908758	20.09039076972938	29.670622560167942	8.374666800422059E-6
31.0	30.156010131087356	20.05602470744138	20.078286513931612	29.70967505228666	3.5952529861482215E-6
32.0	30.206649626543285	20.077260092027565	20.147577627006967	29.567644099490682	8.685549314985372E-4
33.0	30.312096724762927	20.02136792187137	20.095763759067147	29.54372539593167	0.027046198366886355
34.0	30.092471624057847	20.133675581185038	20.157851373893205	29.61599720443604	4.2164278691739045E-6
35.0	30.06276251151928	20.20745510433342	20.091007020525893	29.638770536232567	4.827388837439316E-6
36.0	30.165209462385562	20.075546605752553	20.138337082433537	29.620898386448207	8.462980144155985E-6
37.0	30.147001582391542	20.143137645295784	20.036572670235465	29.672244154803572	0.0010439472736384421
38.0	30.2447930922773	19.97008807597344	20.054587301935584	29.729398346135405	0.0011331836782701784
39.0	30.226220390470885	20.04689718068013	20.06363410596912	29.66324285329644	5.4695834277748075E-6
40.0	30.140117165830183	20.05372290088442	20.18641349736432	29.60291677575033	0.01682966017074503
41.0	30.178814570170076	20.024159193247407	20.070836628579826	29.726184117831515	5.490171175301989E-6
42.0	30.082094947434424	20.15247714865581	20.162539868010075	29.602810423525227	7.761237446809552E-5
43.0	30.16198791385298	20.04117713385408	20.088754340153585	29.70751371394682	5.668981925412287E-4
44.0	30.12547102729279	20.06100621214652	20.148009441964724	29.665006134505035	5.071840909290922E-4
45.0	30.165854330008067	20.049660764920606	20.148510184732466	29.619657924334586	0.016316796004273052
46.0	30.174202646257598	19.994054628946767	20.231784533686778	29.599939110970684	1.9080138168266606E-5
47.0	30.125382758218937	20.08610413667434	20.10609785548853	29.682411550160552	3.6994576397795677E-6
48.0	30.160406958928803	20.041653411038308	20.10850637173154	29.68942831716474	4.941136610148546E-6
49.0	30.225654845157923	20.043544860426824	20.121000482286494	29.6068661026537	0.002933709475060017
50.0	30.18770133750718	20.033011348266875	20.10965087817109	29.659816020132197	0.009820415922659375
51.0	30.1949688549491	19.975264903872038	20.136160558252065	29.693603199470946	2.4834558534896146E-6
52.0	30.12307839570514	20.01866525164861	20.200122471666184	29.658131393109137	2.4878709295049644E-6
53.0	30.22802005571586	19.979290672671503	20.11590419264653	29.676779471241403	5.607724703086554E-6
54.0	30.1680781671948	19.98967220613298	20.157854599915634	29.68439253031137	2.496445218037341E-6
55.0	30.151747709196826	20.038002513676474	20.10627050606161	29.70068603757114	0.003293233493950697
56.0	30.154408517394376	20.034594639700877	20.129256439524895	29.68173664452293	3.7588569240916694E-6
57.0	30.143895271010557	20.042591287189147	20.19975124414952	29.613759059773475	3.137877299307832E-6
58.0	30.185345116253227	20.077020071160522	20.103166392230793	29.63446716280688	1.2575485688993538E-6
59.0	30.22360200625771	20.049945346469027	20.115713403091114	29.610736094431346	3.1497508008509138E-6
60.0	30.230196821171628	20.059556697921142	20.087684627637742	29.622558067035847	3.786233640678325E-6
61.0	30.214388998031488	20.10010807968505	20.070213927376233	29.615285201794663	3.793112564825716E-6
62.0	30.201047647795974	20.042671133266207	20.096515943422002	29.659762742089473	2.533426343859171E-6
63.0	30.27796813077206	20.02652017203997	20.061524129312488	29.633984395560564	3.1723149183920723E-6
64.0	30.222666580285445	19.972332161845756	20.131888056776486	29.67311256550008	6.355922278994238E-7
65.0	30.177360733898194	20.032600008141056	20.115517677606903	29.67451967020458	1.9101492654944415E-6
66.0	30.156906216608597	20.05499563246186	20.11224216088513	29.675852800360758	3.1896836546389923E-6
67.0	30.15716729730704	20.0443009541977	20.12712287122046	29.671395456538985	1.342073581139679E-5
68.0	30.19467320122338	20.05812367725244	20.102813906861876	29.644314304105514	7.491055679518655E-5
69.0	30.177229312552868	20.051663383665836	20.128979669823625	29.642126992445867	6.415118082821945E-7
70.0	30.219324230200705	19.985379057347416	20.104131637432012	29.69116378961707	1.2854027968089696E-6
71.0	30.08850382684348	20.055746118036385	20.177192337301673	29.677045733413436	0.0015119844050270853
72.0	30.210536972215042	19.991587725443647	20.129361767615244	29.66851288962289	6.451031852543914E-7
73.0	30.161754395133034	20.039477174893683	20.13726661117999	29.661500526231137	1.2925621572298847E-6
74.0	30.23082703045896	20.016415932733644	20.074018877487347	29.678737511804933	6.475151163860829E-7
75.0	30.157349948723688	20.037727064988406	20.13755524013267	29.667367746155232	0.0
76.0	30.12922109877863	20.051860321156123	20.114407874882847	29.7045107051824	0.0
77.0	30.190365777901867	20.032948093379822	20.128585954263784	29.648100174454523	0.0
78.0	30.174126251862397	20.029159707617247	20.138443540313446	29.657800815742757	4.6968446415043304E-4
79.0	30.253859892311922	19.98754067090334	20.136545489752276	29.622008854259963	4.509277249774814E-5
80.0	30.306472847434364	19.976074904716757	20.105672281118974	29.611779966729905	0.0
81.0	30.173158433294883	20.01632592456363	20.185236562807006	29.624144077104365	0.0011350022301153645
82.0	30.15713660061866	19.997677771275654	20.205859364960823	29.638603236935758	7.230262091085133E-4
83.0	30.245161426959793	20.03747930699041	20.038095045424143	29.679263562081875	6.585437793944719E-7
84.0	30.244409326391164	20.030940939375334	20.086879905059067	29.637769829174438	0.0
85.0	30.252492504921758	20.01425519096381	20.108544970624813	29.62470733348962	0.0
86.0	30.179980245413855	20.01641399711175	20.135400041762992	29.664832668054004	0.0033730476573942234
87.0	30.205337672703237	20.00724688633502	20.16193023342553	29.62548520753621	0.0
88.0	30.197823390398305	20.050180817459786	20.11351790906348	29.63847189708876	5.985989671454168E-6
89.0	30.149736980161073	20.08148582425699	20.106783358031034	29.6604815972755	0.0015122402753986154
90.0	30.25462668250202	20.04168385622942	20.072992898165722	29.62221128445353	0.008485278649304462
91.0	30.200593263948207	20.018623501306994	20.160536158088444	29.62024573809764	1.3385587185452672E-6
92.0	30.188257383919918	20.035500488461338	20.163210180700013	29.613031946918728	0.0
93.0	30.205353595416756	20.04382476170609	20.158431375817006	29.592390267060143	0.0
94.0	30.225779438929113	20.02022051603432	20.143715417502214	29.61028260674911	2.020785244678799E-6
95.0	30.251792558805775	20.068106437221157	20.113340076481222	29.566063602555193	6.973249366590328E-4
96.0	30.215025562052926	20.02707440609129	20.167690677000795	29.590209354854984	0.0
97.0	30.208792282729966	20.040550111254216	20.095527096806244	29.655130509209577	0.0
98.0	30.142126638542184	20.093857756324248	20.122979831794265	29.641035773339304	0.0
99.0	30.150235516026513	20.075230446736228	20.154591905449873	29.619942131787386	0.0
100.0	30.154436361147685	20.071077976049214	20.148710753583323	29.625774909219782	0.0
101.0	30.24352329554521	20.082657785520546	20.100009665541556	29.573809253392685	0.0
102.0	30.21327972093461	20.018109923029467	20.124454893003076	29.644085544784687	6.991824815688986E-5
103.0	30.18921170680951	20.04043867599083	20.125147474190065	29.64520214300959	0.0
104.0	30.190080182101685	20.065379010532645	20.138977047080743	29.605556183368165	7.576916760529741E-6
105.0	30.244746323758946	20.050250422587016	20.1521616344269	29.549859744530732	0.002981874696405768
106.0	30.258338898019204	20.01630862382147	20.132576766715683	29.592775711443647	0.0
107.0	30.201961709387547	20.03576951931055	20.16678842734264	29.595480343959263	0.0
108.0	30.189770362516665	20.045129050105647	20.136827266063534	29.628273321314154	0.0
109.0	30.245195464418845	20.05100811653651	20.128118904197486	29.575677514847154	0.0
110.0	30.156292880488678	20.032277327590222	20.170536758186454	29.62977070363017	0.011122330104468565
111.0	30.207019176171496	20.051174447668057	20.139118772920177	29.60268760324027	0.0
112.0	30.15014498881635	20.0581535620681	20.11281208065712	29.67652796649366	0.002361401964767911
113.0	30.1867288329537	20.034831370148762	20.122098856885	29.65608674577595	2.541942365899971E-4
114.0	30.231782854018697	20.0827687336934	20.114959492641955	29.57048891964595	0.0
115.0	30.27791007092704	20.037569634490765	20.10410553558966	29.580414758992536	0.0
116.0	30.17000035727554	20.08143895401076	20.15603609923376	29.59252458947994	0.0
117.0	30.1772603233998	20.066679276482702	20.185379807758604	29.570680592358894	0.0
118.0	30.222073665095678	20.05955193560164	20.162847271932606	29.555527127370073	0.0
119.0	30.21011992687325	20.08830143999302	20.09513814946558	29.606440483668152	0.0
120.0	30.197159543965697	20.089495105862184	20.129320678378466	29.58373767166742	2.8700012622983055E-4
121.0	30.175765615647382	20.10694385979766	20.15133352755102	29.565289331736423	6.676652675146227E-4
122.0	30.174732290851797	20.08985263960159	20.127644868871283	29.607770200675333	0.0
123.0	30.189087419820453	20.06926924826785	20.14916969391643	29.592473637995266	0.0
124.0	30.119802708941567	20.094887088576126	20.12896551400247	29.656344688479834	0.0
125.0	30.163456368202645	20.121562806191744	20.132256234547167	29.58272459105844	0.0
126.0	30.183943747941093	20.06202798427373	20.16831704054922	29.58571122723596	0.0
127.0	30.23509810783926	20.03491660661788	20.187436703317886	29.542548582224974	0.0
128.0	30.187741250724955	20.09318311718448	20.175999155969237	29.543076476121332	0.0
129.0	30.209626641840988	20.063245836479314	20.14904350955006	29.578084012129636	0.0
130.0	30.186898342097567	20.054335383938255	20.16245007260071	29.594971086837162	0.0013451145263026947
131.0	30.235177568598093	20.077429650509224	20.116028343746677	29.570961015579382	4.0342156662328453E-4
132.0	30.22892253293914	20.095760836717073	20.141475719251492	29.50875421987897	0.02508669121332611
133.0	30.227052240083808	20.145489950244276	20.145197160124056	29.482260649547857	0.0
134.0	30.158144334547377	20.097575738254843	20.15104756423712	29.593232362960663	0.0
135.0	30.121969178504376	20.101547348142613	20.169973484778005	29.60444394750447	0.0020660410705340025
136.0	30.153437379927105	20.054642764667758	20.185006055832222	29.606913799572915	0.0
137.0	30.16529114292293	20.115452434300003	20.190162108076834	29.529017711174948	7.660352528816615E-5
138.0	30.203891723066807	20.14304647669603	20.138831489884655	29.51176636341814	0.0024639469343671256
139.0	30.15827842557638	20.149731185632806	20.151421361033243	29.54051243364915	5.65941084309467E-5
140.0	30.140138026511558	20.143299576362768	20.12506107696603	29.59149056632745	1.0753832191472227E-5
141.0	30.15413223782254	20.12230032423818	20.186782571923352	29.536784094503375	7.715125532151748E-7
142.0	30.115888669006303	20.091611673882976	20.210872488012367	29.572185503859945	0.009441665238413558
143.0	30.155363190486895	20.13014149418293	20.126264840907364	29.57873984134345	0.009490633079371773
144.0	30.225744010301764	20.090352004472596	20.15661761148322	29.527286373742424	0.0
145.0	30.22830853015862	20.102468290857516	20.20924955981312	29.45997361917075	0.0
146.0	30.319403496157367	20.02485195321747	20.16094786651864	29.49479668410652	0.0
147.0	30.248942426936527	20.064422535306125	20.191096220789202	29.49550060517529	3.821179285823343E-5
148.0	30.208798529070453	20.144336071188917	20.19876009281102	29.448105306929605	0.0
149.0	30.20058923099701	20.100318550026014	20.2458517595617	29.444755387355908	0.008485072059367686
150.0	29.94526926616667	20.039034626239385	20.260652408531314	29.755043699062632	0.0
