# Position (bp)	A	C	G	T	N
0.0	26.252547930637206	24.613621032737473	24.608199903722145	24.465525565276224	0.06010556762695202
1.0	28.653199012174785	18.370595129146505	18.90993728175038	34.06056959873627	0.00569897819205553
2.0	29.94072818171938	20.023924356048255	18.928639930442344	31.10174111509619	0.004966416693837626
3.0	32.75902179326676	19.223854787126864	19.557254199716688	28.455749948517767	0.004119271371916229
4.0	32.83794309502256	18.757389699251558	20.337166867016048	28.066421644982047	0.0010786937277843028
5.0	33.47983263781911	18.8626847935063	19.852001688841117	27.803366131927156	0.0021147479063179054
6.0	28.37724658546487	19.076553897374133	17.983225486047758	34.5575556383094	0.005418392803839206
7.0	28.411231682996945	21.45346300332197	18.782805735953893	31.327452484124628	0.025047093602561833
8.0	28.12100861661284	21.02496113302854	18.9935021212564	31.859808204118057	7.199249841586578E-4
9.0	32.45524906711068	18.94285693149098	19.418526224940305	29.180885322393813	0.0024824540642206594
10.0	29.88956216612736	21.387242406418448	21.452616529412648	27.257982724618714	0.012596173422831999
11.0	28.823851771979154	21.344284003786765	20.28927361806444	29.525441014660736	0.01714959150891172
12.0	29.793740386471068	20.056736765817803	19.768264822546996	30.37914873127422	0.0021092938899127294
13.0	29.949365580183844	20.026644527884514	19.71769030583397	30.304828765073445	0.001470821024225905
14.0	29.959113815240983	20.139639242151627	19.906209296517765	29.990482433471577	0.004555212618041163
15.0	30.14251875062554	20.176303437550263	19.848710450824495	29.831859483872474	6.078771272251411E-4
16.0	30.17591947952198	20.08196069752432	19.934314879044337	29.803990435439164	0.0038145084702003143
17.0	30.1240352627146	20.11726253161568	20.007185019807128	29.749397038399017	0.0021201474635728123
18.0	30.11116361689627	20.07027504619081	20.03555443577486	29.77804000997529	0.0049668911627762675
19.0	30.04800536694583	20.085990291214344	19.907093232442165	29.95810718484237	8.039245552913336E-4
20.0	29.960267049822864	20.193554891117827	19.89407355015596	29.951526343134084	5.78165769267549E-4
21.0	29.878811623553545	20.2088843670494	19.907977920945324	30.002676200400728	0.0016498880509966392
22.0	29.860932227898363	20.09324003104238	19.902998375700516	30.142107560905075	7.218044536634723E-4
23.0	29.930043728408023	20.00127167060141	19.970326087243247	30.095439700836753	0.002918812910567264
24.0	29.955209893084735	20.030455749194342	19.997899343196472	30.013878677839333	0.002556336685119643
25.0	29.981316653508816	20.01254664392312	20.052145646240664	29.94867407012029	0.005316986207112251
26.0	29.967476180079366	20.049015871547006	20.015713322458666	29.96673256602002	0.0010620598949452353
27.0	29.911497497312993	20.09445370695022	20.002260474804885	29.990834817829608	9.535031022904507E-4
28.0	29.90021603529475	20.086453495331625	20.054561230325035	29.95708360866591	0.0016856303826724656
29.0	29.888477598636996	20.081442044059497	20.009108706574047	30.019113578391277	0.0018580723381816217
30.0	29.862940562314016	20.062212497675286	20.017905065382294	30.055634277307608	0.001307597320792053
31.0	29.893980216611638	20.04923389985494	20.009092694029384	30.046589454087947	0.001103735416091913
32.0	29.882773444744853	20.091925446274594	20.041321486172823	29.982625979505528	0.0013536433022025571
33.0	29.95645414107728	20.06758122842531	20.043021984260502	29.93001767937285	0.0029249668640544905
34.0	29.85244148344826	20.134243905471756	20.039737646676887	29.97143633480525	0.0021406295978465863
35.0	29.82148215790045	20.128355841522957	20.020333233866683	30.027125131199135	0.0027036355107734173
36.0	29.867121014038396	20.081613147238908	20.05811417962489	29.991263019479646	0.0018886396181585702
37.0	29.900127949713053	20.090089485135692	19.983091962792166	30.026306384864636	3.8421749445532733E-4
38.0	29.934537384801907	20.00557974209192	20.01297524071138	30.04602978123313	8.778511616602656E-4
39.0	29.905598716822755	20.093396654503312	19.997074450490686	30.003216759054446	7.13419128799114E-4
40.0	29.846314522729976	20.09429493651084	20.076662385565623	29.980240649012718	0.0024875061808407413
41.0	29.87368717165955	20.05861228194211	20.00623073344837	30.06082255639312	6.472565568511751E-4
42.0	29.82700840442473	20.136386765726773	20.042981890964377	29.99142893043425	0.0021940084498733234
43.0	29.832900915907253	20.075390099695593	20.0343048319644	30.054854968683358	0.0025491837493984097
44.0	29.81379710508604	20.097602499713677	20.0723459041069	30.01552402458686	7.30466506526208E-4
45.0	29.822466779364472	20.092026672495507	20.077992822929293	30.003494826843518	0.004018898367209507
46.0	29.84346847073628	20.06256197869213	20.117156090360368	29.976115817839677	6.976423715467781E-4
47.0	29.887200265870323	20.098361424382638	20.01997919694094	29.993619393325023	8.397194810757052E-4
48.0	29.850386731454943	20.063539097420957	20.01680775228497	30.06362073053401	0.005645688305124638
49.0	29.86410742317548	20.06411926546864	20.08166367166951	29.980962726300803	0.009146913385572775
50.0	29.8522742895783	20.117054217352067	20.053693799514384	29.976050618377286	9.27075177959428E-4
51.0	29.87152480852911	20.078893953645508	20.05824722651087	29.987321036696624	0.0040129746178900845
52.0	29.85667498600439	20.09103384775745	20.104093199083103	29.94767493703638	5.230301186802722E-4
53.0	29.882886450577473	20.085333614255017	20.00011469670001	30.02918136088767	0.0024838775798287664
54.0	29.821887467265064	20.085963649775895	20.063500677988973	30.02771476444116	9.334405289115633E-4
55.0	29.786209583902917	20.12429642072823	20.062419204134045	30.024416226762007	0.0026585644727938214
56.0	29.807539447082405	20.11629742695432	20.05868322703801	30.016657994688256	8.219042370137935E-4
57.0	29.82641284132753	20.102979758868077	20.10831265240047	29.95533839872224	0.0069563486816797875
58.0	29.822412513330494	20.126592905311334	20.056649563186596	29.991136557143992	0.0032084610275886086
59.0	29.843091408690043	20.12144522573492	20.053362228833	29.981351324000826	7.498127412105932E-4
60.0	29.847897531914132	20.08887432796503	20.044087612752303	30.01491214491815	0.004228382450383438
61.0	29.853206818326818	20.134787382815624	20.067769494389164	29.94316523807918	0.0010710663892133647
62.0	29.854756500025424	20.10548845152507	20.053284269029728	29.984351976125094	0.0021188032946813547
63.0	29.880114777564774	20.133843040839785	20.001889926709314	29.980977476817117	0.0031747780690066026
64.0	29.85879696634527	20.08382639389808	20.043413746217816	30.012381496516987	0.0015813970218494984
65.0	29.803996477833135	20.086758209246344	20.051725964915242	30.04871955730976	0.008799790695515427
66.0	29.78305689784897	20.102836518843244	20.0593125674188	30.03208284361996	0.022711172269025234
67.0	29.801741058025833	20.09978523406146	20.084223221938874	30.01187719436473	0.0023732916091088515
68.0	29.788173933223145	20.194113468508736	20.032144638378576	29.980681660804176	0.004886299085365589
69.0	29.801521675413877	20.162355266863617	20.04039987493908	29.99188571666552	0.0038374661179071206
70.0	29.80760416116457	20.08659164995877	20.02279623377153	30.082609956311295	3.979987938362268E-4
71.0	29.754800642459657	20.137809381225207	20.061435157022586	30.032933938973926	0.013020880318624133
72.0	29.803822095294347	20.09713559783891	20.094960579456867	29.997240790328988	0.006840937080885566
73.0	29.785910441037267	20.155439652706665	20.064194811473698	29.988665524936543	0.005789569845830201
74.0	29.84680599217264	20.11769682630644	20.039523730336374	29.99328883053931	0.002684620645237203
75.0	29.78613454571093	20.14868933323279	20.071631500182082	29.987937908107128	0.005606712767070918
76.0	29.7827298167733	20.120235416409013	20.05779006352858	30.03843108305614	8.136202329697916E-4
77.0	29.795007863974593	20.147311964399954	20.05841068009146	29.997817704506268	0.0014517870277271903
78.0	29.780558040992332	20.121140070651713	20.083979605778786	30.012146575226573	0.002175707350595487
79.0	29.818473498290267	20.14638666474135	20.086298132552937	29.94621328980117	0.0026284146142710784
80.0	29.847454908305416	20.114484494811528	20.032978883016998	30.004392694161496	6.890197045700277E-4
81.0	29.758956071446267	20.162261863302763	20.09879591987747	29.961371718581752	0.01861442679174041
82.0	29.76058341888847	20.12510496503187	20.0955340927337	30.01476580516379	0.00401171818216221
83.0	29.812719569922624	20.133968393638227	20.029714956649602	30.018460377372897	0.005136702416648042
84.0	29.80409562857159	20.142690835741643	20.07377308898747	29.975459729846182	0.0039807168531135004
85.0	29.809881458794212	20.144145126346473	20.075893310840744	29.96838173305764	0.0016983709609245932
86.0	29.758190169304548	20.168075663638387	20.044302660279335	30.028802062787957	6.294439897697508E-4
87.0	29.791731018554806	20.13362341179409	20.067342768666464	30.007061051463403	2.4174952123767578E-4
88.0	29.78227609614797	20.155250761630256	20.06601635978479	29.99208192908617	0.004374853350818564
89.0	29.724294525754104	20.153251239442085	20.083556589227047	30.03830343274777	5.942128289918059E-4
90.0	29.759319508564385	20.160782201606416	20.054640886605522	30.025075393550416	1.820096732601913E-4
91.0	29.727580178908763	20.170996073851025	20.085502597212074	30.015699083899893	2.2206612823958045E-4
92.0	29.730358412309034	20.194741974633388	20.09912362932019	29.97542028881831	3.55694919076922E-4
93.0	29.734471708022653	20.20563495431384	20.092832233873235	29.966272496395057	7.886073952136429E-4
94.0	29.742505179963825	20.168128867408257	20.08599634145095	30.003002351103188	3.6726007378414557E-4
95.0	29.805416212871076	20.171304883660696	20.03895900632509	29.984009831830978	3.1006531215735286E-4
96.0	29.763048899198242	20.161859071263123	20.08825869735478	29.986672939105325	1.6039307852540378E-4
97.0	29.7435779673575	20.206915571367727	20.020721130624995	30.028029920896344	7.554097534368683E-4
98.0	29.715346745975417	20.22261811985682	20.081537471001006	29.979176781346055	0.0013208818207035018
99.0	29.7175706063394	20.20511865311815	20.07596269630642	30.001097808479642	2.5023575638903346E-4
100.0	29.69993082634435	20.173835999680676	20.09116376276937	30.033147976953224	0.001921434252372865
101.0	29.726791906679615	20.199402938483203	20.08925010553222	29.9813888293449	0.0031662199600573852
102.0	29.715277196928668	20.172648863384417	20.102390980466005	30.009170988065527	5.119711553825752E-4
103.0	29.726241144110432	20.168062846117575	20.133024977280165	29.97244499486304	2.2603762878952084E-4
104.0	29.675102007690484	20.249821450692988	20.09170970904684	29.9831994537572	1.6737881248365887E-4
105.0	29.741836838960545	20.195810860021844	20.101179570330157	29.960966076411584	2.0665427586725332E-4
106.0	29.734825695378493	20.18064396142674	20.10000937072553	29.984006187591177	5.147848780649979E-4
107.0	29.706885707199067	20.176576371087396	20.122137053710347	29.993901349288443	4.995187147461584E-4
108.0	29.677364722869164	20.220170957921475	20.137442537403228	29.96483017113923	1.9161066690401665E-4
109.0	29.76242568231991	20.17474714077536	20.099663495984135	29.962903454287567	2.6022663302693573E-4
110.0	29.67161548616644	20.21155747847073	20.131823813633297	29.984601540798362	4.016809311709372E-4
111.0	29.704246904176745	20.182720161068687	20.090791703429712	30.021921545152047	3.196861728028732E-4
112.0	29.710019303607254	20.16491875015672	20.04898265630246	30.07555698028864	5.22309644926204E-4
113.0	29.693903024027215	20.161675160378163	20.14556547398382	29.99850377271665	3.5256889415243416E-4
114.0	29.693479074447115	20.2318223589456	20.108981695421573	29.965369727791064	3.4714339464750056E-4
115.0	29.733560789518837	20.183742736018498	20.170057125683044	29.902115181517985	0.010524167261638514
116.0	29.674339383858445	20.25050017986215	20.15090345946494	29.923954334265833	3.0264254863360675E-4
117.0	29.65436046285595	20.204619047656173	20.132852391235364	30.00471862921261	0.0034494690398985564
118.0	29.641995469276843	20.24520331016526	20.139885554635242	29.9719713867787	9.442791439558203E-4
119.0	29.69688927475293	20.223957645514382	20.08938226581714	29.989537826966732	2.3298694881244964E-4
120.0	29.658226164396222	20.221818210542626	20.153222389757445	29.96624484257276	4.883927309494558E-4
121.0	29.69316605335249	20.247852353567296	20.150984361856423	29.90765231585229	3.449153715005754E-4
122.0	29.62948761635682	20.250237144176722	20.157456773427146	29.962598566868	2.1989917131958012E-4
123.0	29.620355049509	20.21887438209546	20.18045163130566	29.980121985169177	1.9695192069653846E-4
124.0	29.59431852767623	20.18445029988003	20.16309155892639	30.05775533221966	3.8428129768831615E-4
125.0	29.590899488800076	20.22419802198198	20.143206243283647	30.040998764704774	6.974812295207724E-4
126.0	29.62205423154917	20.238238465876538	20.17753877374446	29.961736763761493	4.317650683364289E-4
127.0	29.694059659157766	20.20620719004865	20.166079245664793	29.925067585871908	0.008586319256886327
128.0	29.724351692422996	20.13159708596806	20.23391341536806	29.908854591023786	0.0012832152170999306
129.0	29.615691096376235	20.136915001370916	20.317703606864978	29.92740362387346	0.002286671514410277
130.0	29.576889523780775	20.118796993565187	20.329073377814453	29.97473332527583	5.067795637558509E-4
131.0	29.48608627364166	20.168737260971742	20.273001501455017	30.071042228529173	0.001132735402409291
132.0	29.360887608799786	20.2741161628704	20.25861807516564	30.104044209723675	0.0023339434405069024
133.0	29.350183406063486	20.238460396447188	20.32956109404161	30.081475475080726	3.196283669955275E-4
134.0	29.348341031552355	20.218036876539447	20.261874028749265	30.171000713343187	7.47349815742893E-4
135.0	29.417582541647423	20.13865834948135	20.324183378125905	30.116406125806076	0.0031696049392426215
136.0	29.5214320600878	20.155062668895898	20.363730522813004	29.95849296635563	0.0012817818476725112
137.0	29.828332140358178	20.038155855394443	20.270276968196903	29.86273715683731	4.978792131633013E-4
138.0	29.91933515107427	20.02925891177744	20.35291157018436	29.697298150716883	0.001196216247044909
139.0	29.110399315083598	20.624332485153403	21.52430362699824	28.734202453053342	0.006762119711414851
140.0	27.010046858475917	21.633842825730643	21.50404677197379	29.83357410961191	0.018489434207745566
141.0	28.880580327514455	19.651164097084635	19.246269528275278	32.22156473733056	4.213097950721975E-4
142.0	31.341758332751702	19.308239817177025	21.22093378270848	28.128290286939343	7.777804234441304E-4
143.0	30.957326061936723	19.084849487634433	21.586453277414687	28.360702836923384	0.01066833609076635
144.0	33.85114694818616	18.419324088774204	19.28785373111756	28.43695870603513	0.00471652588694166
145.0	27.43362903426122	20.252409249159946	19.075430597507655	33.23827001959979	2.6109947138910114E-4
146.0	27.676903660976798	20.60698254541745	19.02088931283999	32.694977702795555	2.467779702050988E-4
147.0	27.96866685986223	19.880754389506127	19.49802173888623	32.64908849709917	0.0034685146462428143
148.0	30.489785873787177	19.281482079433616	20.263171963508047	29.9652884061604	2.7167711076164775E-4
149.0	33.16711609302784	19.445302904932788	18.972499729897084	28.413024137890115	0.0020571342521723632
150.0	23.71180107057945	25.141635681538876	24.768892924414583	26.32815455388276	0.04951576958433214
