# Position (bp)	A	C	G	T	N
0.0	27.55860344018003	23.411195314161173	26.108562132326885	22.916495012049047	0.005144101282869091
1.0	28.57261947461467	18.88013319077046	19.365059480455212	33.16523710154057	0.016950752619089137
2.0	29.710736639508546	20.06820541345581	18.38222961379578	31.83852909475767	2.9923848219015983E-4
3.0	31.399984882868193	19.669787109735456	19.647816163807725	29.282365134893475	4.6708695150563144E-5
4.0	32.417627748419584	19.06446671042049	20.052666114234164	28.465233951423947	5.475501817763938E-6
5.0	33.10268836667786	18.87065104861255	19.875848650803523	28.150078236919047	7.336969870174091E-4
6.0	29.3059445998082	18.55688334301894	18.313629701285166	33.823456648588	8.570729969479631E-5
7.0	28.715187305689234	20.92438626084429	18.76403094894621	31.5963004566564	9.502786386661183E-5
8.0	28.377699737639695	20.63101127098648	19.00835084562638	31.982772709429767	1.6543631767613288E-4
9.0	31.798184743064457	19.08294024683867	19.312128175969168	29.806622210685223	1.246234424795828E-4
10.0	29.991141713277177	21.041487204863103	21.03722998758411	27.93000847911562	1.326151599940334E-4
11.0	29.098411675341463	21.062590876050606	20.177914560238143	29.661040968721426	4.1919648363926156E-5
12.0	29.935734024138544	20.03273986223967	19.784336248420047	30.246957439503376	2.3242569836895536E-4
13.0	30.10052331065427	19.939391564261204	19.684487073128125	30.27552242746828	7.562448811674606E-5
14.0	30.14236589157954	20.019861630970475	19.772713442319613	30.065038791020687	2.0244109682748213E-5
15.0	30.314956318006875	20.063932618659535	19.70041731357401	29.92063305372333	6.069603624670171E-5
16.0	30.40564742485932	19.96311015399368	19.831661918205935	29.799498266062376	8.223687869145002E-5
17.0	30.353283971539835	20.00326311153073	19.915265822381926	29.728112981921896	7.411262561534197E-5
18.0	30.428080312033035	19.89641852563563	19.992384412284803	29.683096548119646	2.0201926878640817E-5
19.0	30.276163164830947	19.97935514580302	19.77453323344453	29.969901287705763	4.7168215738254673E-5
20.0	30.09186879775979	20.16897221838976	19.76267621691813	29.97638027828822	1.0248864408966802E-4
21.0	29.952249128578917	20.245814305753317	19.739363256759333	30.062457253479174	1.1605542926055877E-4
22.0	29.943308222399683	20.086529839601578	19.716186199230528	30.25377316298745	2.0257578076352269E-4
23.0	30.01267276551532	19.97059712965544	19.837842933529306	30.178712821942337	1.743493575935734E-4
24.0	30.027464261274034	20.021182402342703	19.8871957463011	30.0640547773337	1.0281274846696047E-4
25.0	30.060221080770262	19.98913478920929	19.920787142815843	30.029806885908584	5.010129601897133E-5
26.0	30.083262678474338	19.98712924089764	19.895000075629028	30.034434519060927	1.7348593807018254E-4
27.0	30.01166974368935	20.032384342607493	19.885221267433234	30.070686657498076	3.7988771848648556E-5
28.0	30.029827324261678	20.019174136105562	19.935830706320594	30.015045602981843	1.222303303183683E-4
29.0	29.995334531417186	20.037381390677787	19.90115862625809	30.065438913493693	6.865381532498894E-4
30.0	29.975310146518936	20.038611791802765	19.90439351967139	30.081271868624842	4.126733820656561E-4
31.0	29.98663412204593	20.009587870557855	19.878102570895148	30.1248063174287	8.691190723691573E-4
32.0	29.9844611883435	20.053055949890915	19.910429592213077	30.051987663423503	6.560612901204715E-5
33.0	30.048809784407098	20.037524838362458	19.90529090855242	30.00831559093679	5.887774123295714E-5
34.0	29.969459875112918	20.080133142001532	19.914026608291785	30.036324136574606	5.6238019158702E-5
35.0	29.938018090208196	20.064981054406903	19.89287206594507	30.103970758910286	1.5803052954697499E-4
36.0	29.982733018892965	20.015491109242056	19.94953054758417	30.052181998617407	6.332566340240309E-5
37.0	30.01400760753453	20.057990317329736	19.868707419088828	30.059200868341744	9.378770515732937E-5
38.0	30.039085111262075	19.976649028180955	19.87541413520709	30.108777110128145	7.461522173737067E-5
39.0	30.011521376839834	20.041524299058562	19.861455547322155	30.085454479764085	4.4297015364004495E-5
40.0	29.955970456032322	20.052164672191918	19.93208624101298	30.05973147863874	4.715212404092927E-5
41.0	29.98995614587535	20.006752495409813	19.883446721960937	30.11978489491146	5.974184243897656E-5
42.0	29.942210114288525	20.08938208333851	19.905136136239225	30.063076802925554	1.9486320818526802E-4
43.0	29.9433856440653	20.041024095367497	19.89328960939879	30.12206361116337	2.370400050464423E-4
44.0	29.9044078027501	20.071731061002748	19.923782657044768	30.099847990809632	2.3048839275121547E-4
45.0	29.930084557011728	20.065638652823413	19.93200435437696	30.071680458615212	5.91977172688474E-4
46.0	29.95331662127064	20.014685270476864	19.975422480532607	30.056449443921316	1.2618379856388535E-4
47.0	29.97668026241429	20.056703376379158	19.891864680770315	30.074601389099286	1.5029133694748883E-4
48.0	29.954847098446702	20.031336644487947	19.889163447165426	30.12456274670455	9.006319537406158E-5
49.0	29.96216911616675	20.047877276002673	19.91616041835399	30.073662076022796	1.3111345379680312E-4
50.0	29.979370140064777	20.067007956767615	19.896435880016	30.05709845468348	8.756846812566375E-5
51.0	29.979012521282794	20.049019272119743	19.9074297072711	30.06319846356906	0.0013400357573047231
52.0	29.960707355497085	20.04948007796775	19.951976444317495	30.03777657974543	5.954247224087414E-5
53.0	29.973588404106493	20.066287709715695	19.84216078383732	30.117312573920373	6.505284201165943E-4
54.0	29.94301384901951	20.051751079479143	19.897056779907093	30.10810429765077	7.399394348188918E-5
55.0	29.921205128022564	20.019171962037845	19.92711469704837	30.132128671794362	3.795410968597868E-4
56.0	29.951003613976635	20.020545718762804	19.90007744848275	30.128316040126833	5.71786509783696E-5
57.0	29.965081404947675	19.99981038458603	19.955687565182984	30.079359063237987	6.158204532217987E-5
58.0	29.969917236515148	20.000075502603316	19.909348933300368	30.120593734099238	6.459348192628443E-5
59.0	29.98313564682824	20.000128565364548	19.911378197267098	30.10519652431159	1.6106622852050617E-4
60.0	29.99945896470627	19.963731183984777	19.922115411977483	30.114175737052523	5.18702278940075E-4
61.0	29.98383693407365	20.001674997919245	19.945708935074606	30.06859003888957	1.8909404293427877E-4
62.0	29.998771390478645	19.977302180308246	19.9028277616	30.121039370390772	5.92972223373215E-5
63.0	30.021428189108356	19.995602965617557	19.86718539288544	30.114648911453617	0.0011345409350338677
64.0	30.009227095928555	19.972269936149516	19.90000587345114	30.117865618631622	6.314758391682426E-4
65.0	29.96888753744416	19.975942771231665	19.89044920251308	30.16467394745152	4.654135958277649E-5
66.0	29.94319773947895	19.984898036612165	19.91743869511949	30.15441890160129	4.662718810647674E-5
67.0	29.95132420415149	19.976488866100915	19.933125176919983	30.138998980949655	6.277187795926522E-5
68.0	29.94357594415652	20.06303332478521	19.877801213373438	30.11556172921174	2.778847308980354E-5
69.0	29.956252490449636	20.02053420737208	19.902934210337943	30.120227804678386	5.128716196320163E-5
70.0	29.968210267433104	19.97033886131077	19.865588670425122	30.19580788124105	5.431958995345383E-5
71.0	29.91013374243996	20.02284639875031	19.90386619969313	30.162818284020666	3.3537509593676743E-4
72.0	29.967070334232215	19.97964756343378	19.93928581819687	30.11385184026359	1.4444387354722995E-4
73.0	29.930389932344454	20.027251320659214	19.91029179167206	30.131932558128337	1.3439719593690398E-4
74.0	29.983198099122927	19.98492025548881	19.90557646602149	30.125698473652722	6.067057140491202E-4
75.0	29.961650465155497	20.000735962835833	19.924405764124977	30.113142573466334	6.523441735835658E-5
76.0	29.929548497220495	19.994679771852027	19.901176918130613	30.17447300045864	1.2181233822912967E-4
77.0	29.941287953341106	20.024843289562284	19.9126444277579	30.12116926423874	5.506509997031694E-5
78.0	29.93610534361604	20.0081034055508	19.90629264886522	30.14935843043915	1.4017152879449772E-4
79.0	29.969638711846613	20.016152685790402	19.92111192727156	30.092545363390904	5.513117005195955E-4
80.0	29.9912214094197	19.976843718467915	19.886485957032015	30.145308196553305	1.407185270626503E-4
81.0	29.90999648308112	20.039424467151694	19.93381941274729	30.116690645477224	6.899154267174159E-5
82.0	29.901135648296894	19.992926612393674	19.944824811162782	30.16104228745618	7.064069047156733E-5
83.0	29.944571402047192	20.028216727577096	19.876043815750034	30.151116847873805	5.1206751869279886E-5
84.0	29.957090704395423	20.012268421990555	19.89786144071548	30.132719070173795	6.03627247438172E-5
85.0	29.93864524914161	19.98809866441273	19.918863217714815	30.15420234574919	1.9052298165321145E-4
86.0	29.919460862147417	20.01728638406048	19.880400743145426	30.182155052343916	6.969583027574443E-4
87.0	29.93532225664712	20.000518020737502	19.90516242736076	30.158643547212893	3.537480417275117E-4
88.0	29.941620282317366	20.010730691023763	19.909063105919394	30.138385113909806	2.0080682967150924E-4
89.0	29.8846908904581	20.031301413996168	19.921752866989536	30.16220452728512	5.0301271079586E-5
90.0	29.905425770824895	20.037463191311797	19.88142714530815	30.174775125622517	9.08766932638056E-4
91.0	29.901832919584137	20.04075552423325	19.90647509574498	30.150818611515945	1.1784892169231481E-4
92.0	29.890479620262774	20.065612480382537	19.919075425704182	30.124789531939644	4.2941710860332886E-5
93.0	29.90399706996511	20.070669850091264	19.917578784833676	30.107723561337917	3.073377203436656E-5
94.0	29.92579221923009	20.025696588797317	19.90761940365763	30.140820958941333	7.082937362489968E-5
95.0	29.947366924352632	20.06979034951602	19.84902247051258	30.133607323041417	2.1293257735273486E-4
96.0	29.92726335761578	20.037375266968954	19.89582308749643	30.139490360206445	4.7927712393899246E-5
97.0	29.909743152307104	20.083200920113406	19.8407493644514	30.166012211115774	2.9435201231816694E-4
98.0	29.900953475562947	20.09012745620194	19.883228360531806	30.125661210349698	2.949735360610892E-5
99.0	29.881698232415648	20.06690176006426	19.89212726679509	30.157598843293314	0.0016738974316859666
100.0	29.880822948945863	20.045724132160593	19.909154443884056	30.16422052516401	7.79498454792418E-5
101.0	29.880270039265568	20.083166954272734	19.906050610825236	30.130467087349427	4.530828703724752E-5
102.0	29.871657138766533	20.0604883377494	19.910769039122517	30.15702911768076	5.636668079069551E-5
103.0	29.90704341743334	20.05055581061136	19.907277368958862	30.135043379335798	8.0023660642815E-5
104.0	29.85401324273289	20.106086055823486	19.890921568506254	30.148931949467322	4.718347004507861E-5
105.0	29.88941077008916	20.059596764362478	19.911824063746586	30.13910220033805	6.620146372697281E-5
106.0	29.896973839742113	20.045747104343103	19.906304354680508	30.150925731274725	4.896995955207715E-5
107.0	29.86784639055495	20.042510891508304	19.918825803481703	30.170723511063258	9.340339178744503E-5
108.0	29.82469515569181	20.08766519472208	19.954606769362663	30.132869454819357	1.6342540408557482E-4
109.0	29.907969442979237	20.051527366803153	19.892615617767436	30.147833503525874	5.406892429763791E-5
110.0	29.83765885582238	20.07950537695287	19.930417254195074	30.152373882548382	4.463048129255994E-5
111.0	29.890398613901375	20.04915973889464	19.889295695618582	30.17108844136208	5.751022332082369E-5
112.0	29.88839502181606	20.037096361760742	19.849179311682335	30.225270064815042	5.923992581432123E-5
113.0	29.846512188164994	20.062305296950026	19.944066036945262	30.147068334265125	4.81436745903559E-5
114.0	29.866937140659783	20.10738786002138	19.885228265589543	30.14036953019818	7.720353112223922E-5
115.0	29.892820332201612	20.051248612645452	19.975405166852678	30.08048075010904	4.513819121724289E-5
116.0	29.84552398901375	20.109092076016985	19.94657470458754	30.098763987024334	4.5243357394504853E-5
117.0	29.818227277567424	20.078401065829986	19.9446896279738	30.15862857644891	5.345217988194066E-5
118.0	29.8044818183678	20.096570589662182	19.947691336508512	30.151207546397817	4.870906368515241E-5
119.0	29.87536703016464	20.093585132888926	19.890578980831698	30.140369560335056	9.929577968031023E-5
120.0	29.813990416432258	20.097046350164405	19.94552462266823	30.143306448349634	1.3216238547558227E-4
121.0	29.84223517129517	20.12211735061466	19.945302915242415	30.090269326142447	7.523670530616677E-5
122.0	29.783332164903737	20.13151784513339	19.935975851085104	30.149115116241475	5.90226362958915E-5
123.0	29.788928155326595	20.08477329827158	19.9775016718099	30.14874427998751	5.259460442143445E-5
124.0	29.785616937351488	20.060625191270443	19.940385580118512	30.213309674186227	6.26170733294045E-5
125.0	29.770210049621614	20.100289064963178	19.938675449383677	30.190779174799076	4.626123245441562E-5
126.0	29.79172188330248	20.10110579503556	19.97207986238206	30.135036131270372	5.632800953016907E-5
127.0	29.901874914208683	20.041486825717605	19.955517340989136	30.101051148097373	6.977098720016354E-5
128.0	29.978137413279075	19.95408052288321	20.029668571366894	30.038063523509038	4.9968961779390735E-5
129.0	29.81272081075704	19.97795282965799	20.145630711216242	30.06364220149285	5.3446875876445255E-5
130.0	29.69915625034177	19.99421715536265	20.120745353873396	30.185820946629626	6.0293792558101315E-5
131.0	29.608726663088405	20.053364592837518	19.951152490162087	30.386704190566892	5.2063345102504414E-5
132.0	29.38412009330372	20.241550195357537	19.871911881373983	30.502336972846965	8.085711779143634E-5
133.0	29.447653421673465	20.1541097539485	19.991947473059263	30.406209941170598	7.941014817764692E-5
134.0	29.466686985522205	20.10277167312014	19.94161673328255	30.488851734065857	7.287400924394944E-5
135.0	29.60798697854613	19.97563627968194	20.037502600357303	30.378811246680048	6.289473457861054E-5
136.0	29.713101176527395	20.01002301180115	20.060843964738176	30.215946594043025	8.525289025201061E-5
137.0	29.938138963575554	19.98047384836526	19.982339981677	30.0990010234313	4.618295088633037E-5
138.0	29.929741886491	20.02547712343391	20.116181790917043	29.928540863768678	5.833538936985083E-5
139.0	29.340489837276994	20.489871361926536	21.07931168893253	29.090266860725826	6.0251138105265935E-5
140.0	27.71126247802467	21.242728080074944	21.017325121953707	30.028608312113043	7.600783364372745E-5
141.0	29.507530926699783	19.54056407209879	19.184140677865415	31.76770016851218	6.415482383068037E-5
142.0	31.56393388791613	19.307632554792914	20.64873790754397	28.47963995231673	5.569743025458999E-5
143.0	31.279285739496483	19.051909620843524	20.907801574579718	28.76094715208928	5.591299099905681E-5
144.0	33.27430357414725	18.680295003381673	18.578180123342552	29.467158075537824	6.322359070269702E-5
145.0	27.82556915861059	20.234301197608797	18.883487393363417	33.05620958764111	4.3266277608057215E-4
146.0	28.179538022344268	20.28916259981376	19.072169815808397	32.4590548742618	7.468777177124096E-5
147.0	28.900202510655255	19.885897988266947	19.754626131813417	31.459194606866532	7.87623978503164E-5
148.0	31.37171103138509	18.676167831199976	20.096294758482784	29.855438922011952	3.874569201968497E-4
149.0	32.5557980589027	19.76991911514194	19.10287187388091	28.555373712305048	0.016037239769394578
150.0	22.218801689829558	26.63291104988029	23.474367957144977	27.671090359895068	0.0028289432501125197
