# Position (bp)	A	C	G	T	N
0.0	25.751341218994057	24.836754042588254	24.86887917873384	24.488375110758824	0.054650448925022875
1.0	28.604609053733622	17.972211942840786	18.336829088223165	35.08079152809739	0.005558387105034868
2.0	29.872976887095497	20.036988943733565	19.23988956434917	30.845562722455494	0.004581882366277013
3.0	33.54353810167522	19.345604210219868	19.288027642802437	27.819079357601368	0.003750687701104294
4.0	33.11481677155116	19.025998006083338	20.038853464715135	27.819240479110768	0.0010912785396036738
5.0	33.99750478867197	18.863067058437718	19.58008522115189	27.557335800375654	0.002007131362776364
6.0	27.459867929290954	19.274891949954235	17.394388907034557	35.865989555308055	0.004861658412202716
7.0	27.98792188894562	21.639492110931652	18.718316706931372	31.63311702159191	0.021152271599444845
8.0	27.664477476825382	21.26341066856339	18.876380886090814	32.19501159587746	7.193726429528324E-4
9.0	33.045519589319284	18.653403789764976	19.22554072866832	29.07313947549358	0.0023964167538458887
10.0	29.984564841787275	21.657919757050507	21.59902536644969	26.74722025213348	0.01126978257905277
11.0	28.591672078314602	21.67106370278735	20.11588817609838	29.607063815920743	0.014312226878927036
12.0	29.699476762154966	20.085210859286736	19.40619381587194	30.807218643132856	0.0018999195534997282
13.0	29.896103075131258	20.0147083771145	19.407013065943445	30.68086042746081	0.0013150543499894877
14.0	29.902788580652896	20.147280450628198	19.67287653445	30.27280965748625	0.0042447767826568035
15.0	30.097398474103045	20.132893096171102	19.638136016673975	30.13093946383244	6.329492194415264E-4
16.0	30.11774006451567	20.056105789077026	19.716788159617685	30.106099653403568	0.0032663333860531
17.0	30.115093398285538	20.065815692639664	19.755178124000302	30.06199588163394	0.0019169034405599865
18.0	30.06422731136564	20.067632340512407	19.76846722702392	30.09403437724652	0.005638743851506797
19.0	30.04875289944213	20.07443615496525	19.676294805175644	30.19979624468341	7.198957335645322E-4
20.0	29.9810806810969	20.125787213106886	19.677581187643085	30.21499522995833	5.556881947966565E-4
21.0	29.97613650696665	20.103341804560774	19.723637871159895	30.19531407288325	0.0015697444294294548
22.0	29.97771667955027	19.987529272937422	19.72625353112373	30.30785787892753	6.426374610429967E-4
23.0	30.009211931120205	19.930161023315293	19.77982919539182	30.278150692304866	0.002647157867813985
24.0	30.023708700954533	19.975163894533996	19.79097652565279	30.207788953017545	0.0023619258411343687
25.0	30.061987032416955	19.950665279895038	19.83951410829378	30.143268662303708	0.004564917090520321
26.0	30.05645005180738	19.973037631857565	19.793530876249026	30.175887214297603	0.0010942257884232595
27.0	30.001638593385515	20.0263089755724	19.782550496165538	30.188529720738664	9.722141378770054E-4
28.0	29.986639617612838	20.025168188704427	19.83607800528792	30.150658985181884	0.001455203212930598
29.0	29.95661898085458	20.0331912816444	19.80335759093695	30.2050668251533	0.0017653214107736107
30.0	29.9379728122306	20.011544389347936	19.80810312285402	30.241441518028385	9.381575390583399E-4
31.0	29.994944473945413	19.994465380877813	19.79291713077112	30.21663308041596	0.0010399339896926445
32.0	29.97337574977019	20.04634061236646	19.813908725009668	30.16516926864027	0.0012056442134136022
33.0	30.04295080496453	20.007763665261376	19.823390701646744	30.122919428953104	0.002975399174245846
34.0	29.917976242223666	20.08902788795374	19.814252435556902	30.176934094706336	0.0018093395593563953
35.0	29.91057450806645	20.084710695642343	19.77367662554887	30.228656111709505	0.002382059032829961
36.0	29.954316611752617	20.04488862064567	19.797756184271666	30.201064483158053	0.0019741001719957665
37.0	29.986074468733452	20.052071133654994	19.74237950725721	30.219107752699014	3.671376553267635E-4
38.0	30.015338819401265	19.964197584042566	19.78645142651683	30.233176808547054	8.353614922897698E-4
39.0	29.999415854656377	20.044360001083813	19.773056121722387	30.182470810854788	6.972116826338902E-4
40.0	29.932651568639066	20.051046836415395	19.838524256815806	30.175558553585454	0.002218784544279682
41.0	29.979519632517338	19.997473779105984	19.767039063381826	30.255331799560775	6.357254340772186E-4
42.0	29.914396672286696	20.079037780446278	19.820765669346997	30.18389719774416	0.0019026801758693366
43.0	29.936107277038595	19.989628445775658	19.81942915472206	30.252240371200312	0.0025947512633812237
44.0	29.916903015427092	20.01208825998236	19.86160492097118	30.208699868801116	7.039348182499116E-4
45.0	29.91248295219668	20.011315668946892	19.87369615839945	30.198921232822872	0.0035839876341010263
46.0	29.97824584003585	19.944745735627667	19.904368817102615	30.17195111914677	6.884880871018847E-4
47.0	29.998400078108084	20.011938862373547	19.805468453293752	30.183306894881067	8.857113435515213E-4
48.0	29.985447392028096	19.95391674142231	19.805913573916996	30.24916863919391	0.005553653438678561
49.0	29.986409200574716	19.961041119415906	19.857761702641383	30.18693746414211	0.007850513225884741
50.0	29.988667427425696	19.981325893750874	19.848050657131772	30.18099170060562	9.643210860324266E-4
51.0	30.006605097339246	19.92506676792786	19.857644559766598	30.207019985120017	0.003663589846283823
52.0	30.002749710330335	19.953419046410662	19.91571857954252	30.12753385749821	5.788062182675203E-4
53.0	30.046216933008896	19.93738724112159	19.811946433316685	30.20215334709319	0.002296045459638813
54.0	29.970496577492796	19.94686881550954	19.8608326311442	30.220902796234345	8.991796191258796E-4
55.0	29.926806594053833	19.97789911399435	19.868601365791168	30.224356299033563	0.002336627127086061
56.0	29.966559598588262	19.96889052108377	19.87019025123637	30.19353079682069	8.288322709056162E-4
57.0	29.99861854440848	19.96167858382565	19.899008000760013	30.134817033860234	0.005877837145625122
58.0	30.00863661099238	19.96692027799755	19.844522059233572	30.177039024295105	0.0028820274813981172
59.0	30.03014036376066	19.946812855508824	19.86029028924645	30.16204333484679	7.131566372780889E-4
60.0	30.024355217893344	19.927405827873333	19.849400593864722	30.195221143012326	0.0036172173562791835
61.0	30.016484158636107	19.961254505215926	19.882357782527478	30.138803194500273	0.0011003591202136107
62.0	30.03125348800355	19.947107589557973	19.865793971960635	30.153953118850392	0.0018918316274537216
63.0	30.062967653880218	19.962194786390913	19.820935569141362	30.151054298712232	0.0028476918752767325
64.0	30.030516262027962	19.921205218620027	19.86313365936776	30.183696945840925	0.0014479141433214873
65.0	29.968343778054198	19.926179078965315	19.892439059240534	30.205676446093214	0.007361637646742289
66.0	29.96268665324283	19.95273559932016	19.869401018876403	30.192809581262516	0.022367147298095337
67.0	29.99647931198498	19.913487373909874	19.917602617816943	30.170262385737743	0.002168310550457555
68.0	29.9908109864165	20.00825786865999	19.8596590258235	30.13678083071361	0.004491288386399943
69.0	30.01178019486217	19.966618014808777	19.862009105918244	30.156266123888503	0.0033265605223101197
70.0	29.999895282479695	19.89746562099918	19.860609433670927	30.241563809242745	4.6585360745486816E-4
71.0	29.96670379328328	19.93166251783761	19.880128706402544	30.208782186105314	0.01272279637125491
72.0	29.997914815408556	19.90073049073171	19.932702387628375	30.163161293468967	0.005491012762393896
73.0	29.96813789786091	19.958703863137252	19.9096115072001	30.15808400395972	0.005462727842025772
74.0	30.036590017203483	19.92095105741459	19.876514119411897	30.163677328087683	0.0022674778823412963
75.0	29.989935282061996	19.96076287587415	19.921732922667367	30.122978108563363	0.0045908108331205195
76.0	29.96892744675799	19.93656224103512	19.896313835171817	30.197339827063384	8.56649971690143E-4
77.0	29.998544928905073	19.939466692948685	19.89982491751728	30.160934022774537	0.0012294378544279957
78.0	29.971712358486908	19.924231352077456	19.918116784743205	30.18416463526362	0.0017748694288061998
79.0	30.023163353232952	19.942596956228535	19.923350491659317	30.10861293236186	0.002276266517337068
80.0	30.07548203995748	19.896490464333304	19.876835798927548	30.15056294346375	6.287533179241137E-4
81.0	29.95671289489715	19.940684757685258	19.947322553182293	30.13738046595237	0.017899328282932277
82.0	29.938521938036338	19.91543967974467	19.95550832793178	30.18618172562243	0.00434832866477971
83.0	30.017908688916773	19.94459678762931	19.873906056512133	30.159403318871803	0.004185148069983166
84.0	30.028888364040636	19.927148659893152	19.905535980118728	30.13495658760566	0.003470408341821769
85.0	30.014742413284743	19.911046899619073	19.930865519625325	30.141954822691215	0.0013903447796432835
86.0	29.953345846304057	19.946263682457165	19.924040898718253	30.175833004825325	5.165676952006629E-4
87.0	29.980501919275675	19.904235430872422	19.94366435130209	30.17137151619918	2.2678235063235345E-4
88.0	29.99471036880375	19.933001064769336	19.921200893575058	30.14694843316843	0.004139239683424941
89.0	29.95499632171518	19.941128195219	19.93658408087536	30.1667453553011	5.460468893602094E-4
90.0	29.98599415271295	19.923085950403582	19.91182874173064	30.17890863984262	1.8251531020239186E-4
91.0	29.941358783096923	19.9397767283107	19.961376404494384	30.15728822345346	1.9986064453585205E-4
92.0	29.94850714302547	19.956896207068336	19.960337236028405	30.133926070790302	3.3334308748654735E-4
93.0	29.9577819204779	19.961316384549182	19.981313843187852	30.098830436402856	7.57415382209362E-4
94.0	29.988230669540478	19.930198841527815	19.966916860868224	30.114307752130028	3.458759334538948E-4
95.0	30.018788632554898	19.951961929785732	19.92409042590965	30.104884489034596	2.745227151266932E-4
96.0	29.990159185651482	19.930720308424625	19.973813889258953	30.10512733575809	1.7928090684380532E-4
97.0	29.952281362307215	19.980858783954723	19.887986283419735	30.178137353238387	7.362170799409117E-4
98.0	29.949604829068928	19.97348942094643	19.960024636284462	30.11559967317042	0.0012814405297616818
99.0	29.976793368623543	19.953076512131247	19.95685906710397	30.11297826473299	2.927874082469386E-4
100.0	29.925114397642787	19.95102490933934	19.985461127257977	30.13642598266624	0.0019735830936567097
101.0	29.968139579028364	19.940357136012043	19.98841143917213	30.100506022272516	0.002585823514946287
102.0	29.94585602094889	19.926626136524142	19.986903901714484	30.140192509125622	4.2143168685766156E-4
103.0	29.971856050445773	19.923628611961398	20.022472709787223	30.08178984632128	2.527814843315685E-4
104.0	29.93460631112254	19.98576717622184	19.994268919789754	30.08519144925281	1.6614361305257455E-4
105.0	29.99495712968085	19.953649192377544	20.009655010999836	30.041477685134353	2.60981807418761E-4
106.0	29.98912016863838	19.92071841870367	20.01437046867587	30.075364102734703	4.26841247377099E-4
107.0	29.968936915735206	19.910539571000303	20.03810842909293	30.081940538702252	4.7454546931355036E-4
108.0	29.91817136494418	19.96292499435545	20.081021559199257	30.03769608871112	1.8599278998949608E-4
109.0	30.01219090772666	19.920847407491003	20.001179657768176	30.065524323998893	2.577030152696812E-4
110.0	29.910861872908285	19.944911183997135	20.066123521377346	30.077733368971344	3.7005274589169005E-4
111.0	29.97390416870888	19.920949870451487	20.023595844881648	30.081178753323556	3.713626344268419E-4
112.0	29.96434713939835	19.891553169968724	19.976852464992493	30.16680726085557	4.3996478485946495E-4
113.0	29.95141866027145	19.88314887997778	20.086908471052926	30.078163559579945	3.604291178970403E-4
114.0	29.950452785143426	19.973192063494576	20.041495792442376	30.034529345535994	3.300133836249619E-4
115.0	30.00640428195845	19.901185958144506	20.112339888981253	29.970163559172892	0.009906311742897024
116.0	29.943732469183143	19.992548079615485	20.085313492870387	29.978128224388627	2.777339423568211E-4
117.0	29.91257561358085	19.929444308698127	20.062962630726787	30.09165412695135	0.003363320042887814
118.0	29.89250295796414	19.9691346262018	20.062215505625325	30.075289296666547	8.576135421856202E-4
119.0	29.937961459820855	19.96625512571373	20.023133397304797	30.072396825874343	2.5319128626996823E-4
120.0	29.899801230744337	19.970092085078335	20.082514758103773	30.047139111887684	4.528141858737083E-4
121.0	29.925454128124723	19.993092025487194	20.107799747035383	29.97330853828294	3.45561069767087E-4
122.0	29.887359057954033	19.995681742916176	20.0682138395506	30.048514847635214	2.3051194397637713E-4
123.0	29.88550750920999	19.96920987567395	20.07794800701538	30.06705876539068	2.758427099984707E-4
124.0	29.869028453022267	19.91152689976108	20.07712907101719	30.14193767661231	3.7789958715056906E-4
125.0	29.856926134108324	19.967370916819167	20.061663768390684	30.11341466228272	6.24518399101523E-4
126.0	29.891902591165714	19.98575964262747	20.09348645287025	30.028427704473987	4.236088625789658E-4
127.0	29.949245913071188	19.974532176558785	20.07754606228305	29.99092865634893	0.007747191738052522
128.0	29.961429694302616	19.917315421762112	20.11768101809474	30.00234240355425	0.001231462286288491
129.0	29.88865196400686	19.919561132712147	20.172419682484968	30.017449555515153	0.0019176652808738416
130.0	29.898185270836702	19.83636649373018	20.233362049203123	30.031626302125126	4.5988410487158606E-4
131.0	29.8115314900018	19.899128576056686	20.23331973692214	30.054999559215073	0.0010206378043033427
132.0	29.781414120437084	19.96290993978192	20.20712475795897	30.046194576002033	0.0023566058199952075
133.0	29.76304916015161	19.954374568562674	20.23746212778025	30.044782233439914	3.3191006555101767E-4
134.0	29.741679715386947	19.955558754840954	20.199333187632906	30.102734491669704	6.938504694866875E-4
135.0	29.79369675376481	19.87963564497622	20.237236675106818	30.086659665353384	0.0027712607987719546
136.0	29.882732860425765	19.875551299815935	20.30133346132236	29.939214041274038	0.001168337161906555
137.0	30.242525833087118	19.70197656628676	20.2094670633394	29.84545344780865	5.770894780718187E-4
138.0	30.33741096760199	19.677572081565884	20.32693170776937	29.65697279509751	0.0011124479652464257
139.0	29.25884437050047	20.420343999646988	21.706460248517566	28.608340529435434	0.006010851899544794
140.0	26.79959285768996	21.632198881722793	21.598474135873488	29.95190421788197	0.01782990683178976
141.0	28.926144884462357	19.474770096359446	18.995470112272685	32.60318557459702	4.2933230849086186E-4
142.0	31.645235077053925	19.200239740694144	21.36016716236208	27.79367328007795	6.847398119019737E-4
143.0	31.289900747609074	19.028845234144434	21.606690576684194	28.06517072211998	0.009392719442322766
144.0	34.87132524951047	17.936317612507768	19.454709584894374	27.73329440212688	0.004353150960506613
145.0	27.40178838407098	19.964219429737838	19.046476672481287	33.58726085512741	2.5465858248665635E-4
146.0	27.64833183784069	20.23686290011189	19.224530490070578	32.89005493638979	2.1983558705811147E-4
147.0	27.57281596379758	19.608536036571977	19.53104571120194	33.28452965973431	0.0030726286941936782
148.0	30.320198431859314	19.538101485030882	20.20693362548558	29.934538257907978	2.2819971625222724E-4
149.0	34.00947209177808	18.914629668450083	18.60841699635617	28.46554249556371	0.0019387478519555048
150.0	24.082767553702546	25.085191757289405	24.73372517853136	26.05064236935759	0.047673141119104076
