# Position (bp)	A	C	G	T	N
0.0	25.959946706334957	24.93617264994075	25.025150101961074	24.02407843104775	0.05465211071546679
1.0	28.48443970919099	18.08613686186949	18.623647624418055	34.79998699967094	0.0057888048505195895
2.0	29.98566137143031	19.78497159860262	18.908227563911087	31.316530443524098	0.004609022531875342
3.0	32.98147074676125	19.14400202463923	19.494096503641643	28.376578710751044	0.0038520142068453047
4.0	33.16776816483596	18.616799805544755	20.220738915282382	27.993626026545776	0.0010670877911246118
5.0	33.83856675046783	18.718010706180134	19.68101521324943	27.76039134426538	0.002015985837234266
6.0	28.099266108994435	18.87135162767182	17.62684683265284	35.39787547573333	0.004659954947577419
7.0	28.16954994309377	21.60204067998063	18.523133945029517	31.683850946299625	0.02142448559646468
8.0	28.075619348478227	21.015739295686327	18.875197116463582	32.032630592228145	8.136471437180365E-4
9.0	32.88872033232377	18.70607348352529	19.28651218083683	29.116278880720053	0.0024151225940543274
10.0	30.016930908871515	21.42531091742952	21.47863935543366	27.067844356885523	0.011274461379784865
11.0	28.755377769802394	21.393352053912718	20.19777712808648	29.63888042953453	0.014612618663885203
12.0	29.857216485641846	19.941791836623974	19.577636797531877	30.62138650395046	0.0019683762518429306
13.0	30.048427296966416	19.881590751396377	19.56295129617057	30.505718488217543	0.0013121672490909533
14.0	30.051438974528054	20.030432882940584	19.771225516703886	30.142693122367803	0.004209503459670958
15.0	30.240830817955082	20.053534433409766	19.69724332383595	30.007798365688203	5.930591109971602E-4
16.0	30.299479284336776	19.9585433697768	19.81196760393076	29.926904606553318	0.003105135402339154
17.0	30.277873414567267	19.983218634228596	19.888644810311774	29.84830102086612	0.0019621200262425424
18.0	30.274270266054792	19.928401073191036	19.925368674403035	29.866337676984223	0.005622309366913697
19.0	30.189673441342396	19.974410530883844	19.78389266599161	30.051218718356722	8.046434254303487E-4
20.0	30.072729343093336	20.103871647902686	19.760749616683984	30.062091808836122	5.575834838703137E-4
21.0	29.994356817699074	20.10267865542608	19.777196895836447	30.12439725784699	0.0013703731914110084
22.0	29.993798075352384	19.962434523139695	19.77169403112397	30.271325581986286	7.477883976637058E-4
23.0	30.063510976025544	19.86770757835371	19.854943954916767	30.21119316888984	0.0026443218141465217
24.0	30.077128608019894	19.926602440935948	19.884468888093174	30.109399451452084	0.0024006114989035994
25.0	30.092898214644766	19.905279951517894	19.932958337530966	30.064302987791088	0.004560508515291456
26.0	30.09036988316784	19.91509106493782	19.909099812494972	30.084365852307233	0.0010733870921368646
27.0	30.031134263939958	19.973249916649376	19.89187564898853	30.10280775503407	9.32415388057024E-4
28.0	30.019836619378214	19.97364784973657	19.94421672891347	30.060709514123396	0.001589287848354548
29.0	30.00554238874773	19.975140947825683	19.902088438758256	30.11549708779316	0.0017311368751794748
30.0	29.988330461833346	19.95170217610459	19.91939699695305	30.139551865834598	0.0010184992744111893
31.0	30.023220051592087	19.932556105326647	19.904149791318453	30.13904019019809	0.001033861564720176
32.0	30.01440632478779	19.979349813777755	19.92933980882109	30.075594319549154	0.0013097330642093585
33.0	30.090077153697354	19.955971432765118	19.92017294386839	30.030835849067156	0.0029426206019812855
34.0	29.959190342756493	20.021577682087358	19.940344863471726	30.07709571631515	0.0017913953692745286
35.0	29.956900534459724	20.014066678766994	19.896686789651195	30.129904343569535	0.0024416535525491577
36.0	29.97215943457575	19.981658515953132	19.934086620921285	30.110052635410227	0.002042793139602916
37.0	30.011637974287098	19.98286973364085	19.86891729588038	30.136157978441563	4.170177501080787E-4
38.0	30.032088071777775	19.913267811876985	19.90221452905574	30.15158986019031	8.397270991893522E-4
39.0	30.011975894442276	19.98494177686845	19.88648575392022	30.11586192648042	7.346482886349328E-4
40.0	29.961914947652264	19.992428117213546	19.963603657195655	30.07984774718312	0.002205530755420087
41.0	30.000967012343054	19.9491455722861	19.877291759782352	30.171944309906422	6.513456820671092E-4
42.0	29.9417987677576	20.04049951509067	19.926989359399972	30.088832981601684	0.0018793761500769484
43.0	29.949135721631396	19.977185713317564	19.91996026965816	30.15103176173391	0.002686533658965498
44.0	29.92489649519513	20.004952255615503	19.94257741702975	30.12690059925336	6.732329062551705E-4
45.0	29.931228115335536	20.00509640227282	19.95720707166989	30.102684614151016	0.003783796570744215
46.0	29.985924443378103	19.93909489625365	19.985230668063593	30.089044943857797	7.050484468594763E-4
47.0	29.994405141600556	20.011740928714318	19.898740570790473	30.094236169675515	8.771892191376488E-4
48.0	29.974333047547653	19.97725234299619	19.899970211858676	30.142857321138916	0.005587076458565348
49.0	29.97575904929218	19.9706407795753	19.950536865919773	30.095194966388068	0.0078683388246819
50.0	29.992301241512354	19.989726756298936	19.92021970741322	30.096799139041824	9.531557336649029E-4
51.0	30.004797863524235	19.96641398821414	19.93681249521882	30.08823291330509	0.003742739737712281
52.0	29.961932066258523	19.979490322133913	19.99550878154205	30.062500689573252	5.681404922629056E-4
53.0	30.007699407930282	19.982709133022485	19.88796468306015	30.11932342631214	0.002303349674935161
54.0	29.956194818658986	19.9882038468934	19.941562047669873	30.11315083444281	8.884523349316448E-4
55.0	29.907849826350812	20.004687175027495	19.948382460587137	30.136718389385848	0.0023621486487054146
56.0	29.92177137127181	20.001590710999835	19.941129199948556	30.134695931440312	8.127863394862825E-4
57.0	29.962048424222985	19.989636201537692	19.971791211535816	30.070537874386233	0.005986288317276343
58.0	29.952072634666017	20.011283905830748	19.93128389165647	30.102396750184724	0.002962817662039205
59.0	29.970974873048377	20.008068171330553	19.921094239667518	30.099118623632105	7.440923214488302E-4
60.0	30.000454267490902	19.965291668615507	19.91994208168632	30.110673489542787	0.0036384926644901397
61.0	29.985220056332977	20.00862022883673	19.95028393101873	30.054856272163594	0.0010195116479701652
62.0	29.98983209758005	19.97318358901822	19.937957024705042	30.097136316543725	0.0018909721529594848
63.0	30.007821910942155	20.017314962533085	19.88909318813651	30.082736212162786	0.0030337262254629452
64.0	29.969646368625607	19.96836120361777	19.939862589645855	30.12076714760184	0.00136269050892854
65.0	29.938699487237173	19.977051191014784	19.932428284320945	30.144574171621446	0.007246865805651677
66.0	29.90324388321732	19.994229335693486	19.951500556454047	30.128676898401068	0.02234932623407889
67.0	29.943663544217625	19.969550168496863	19.973394945856978	30.111249538752528	0.002141802676001276
68.0	29.918601364473158	20.061392434421656	19.91625743791132	30.09933006717043	0.004418696023433858
69.0	29.93302359429897	20.031255723414862	19.925935282469077	30.10638940165405	0.00339599816304614
70.0	29.9527171485174	19.962980761013384	19.90790870739613	30.175991930064615	4.0145300847566653E-4
71.0	29.894526949318916	20.014562585050715	19.931495606427767	30.146742109399227	0.012672749803374208
72.0	29.934965760172734	19.974404675854764	19.970558328312165	30.11454618558855	0.005525050071784905
73.0	29.915217427756353	20.028720324327953	19.941780388472093	30.108943084017763	0.0053387754258413765
74.0	29.9649326108785	19.990852110061212	19.925645449413025	30.116262589480534	0.002307240166729732
75.0	29.916948585229523	20.040231017919012	19.975408288984543	30.062703772997672	0.004708334869254836
76.0	29.9046365272651	20.0026494711953	19.937655531171337	30.154227166886667	8.313034815956919E-4
77.0	29.934915419626318	20.031830927499982	19.946034213358185	30.085926052812134	0.0012933867033782208
78.0	29.926732796993143	20.000821918663846	19.951872877352134	30.11880406160187	0.0017683453890021698
79.0	29.951099894673444	20.025505723619414	19.97040388838595	30.050802842842465	0.0021876504787305007
80.0	30.001576147411303	19.9848547639726	19.90800796194576	30.104962352821964	5.987738483775297E-4
81.0	29.913754995681018	20.01089053354484	19.97050233826284	30.08689997056196	0.017952161949346304
82.0	29.881366510369467	19.98854767493746	20.004416411789144	30.12124504943165	0.004424353472278374
83.0	29.955240958303502	20.01216292884634	19.901583418785933	30.126773418185348	0.0042392758788723
84.0	29.958680438452994	20.011601164529143	19.95456193048757	30.071693557792017	0.0034629087382761735
85.0	29.937395302307802	20.015658707104826	19.95377904320276	30.091706765993838	0.0014601813907698879
86.0	29.897834898649055	20.034318637586807	19.93773527458132	30.129540740129755	5.70449053057741E-4
87.0	29.919320828046143	20.00076320311729	19.95674024040771	30.12296808293886	2.0764548999080933E-4
88.0	29.926977817520456	20.021610454350498	19.951058626919853	30.096093135721073	0.004259965488118
89.0	29.88089709091666	20.01542979298251	19.95921763948626	30.143963321995955	4.921546186186269E-4
90.0	29.917942209071064	20.012626083244772	19.93999512688733	30.12924644181058	1.9013898625797182E-4
91.0	29.878298286663092	20.038226927332634	19.96422992731755	30.11903490773127	2.099509554568053E-4
92.0	29.882715685472423	20.0457688597815	19.97761358081644	30.093613981631268	2.878922983739843E-4
93.0	29.885650221751618	20.072409870564222	19.989167777060366	30.0520740837181	6.980469056927213E-4
94.0	29.906851368564762	20.02749054789587	19.965282125566933	30.100043200173243	3.327577991891816E-4
95.0	29.93128089630327	20.061808534009646	19.930733078173173	30.075893614239213	2.838772746966836E-4
96.0	29.897874721395958	20.047777427713555	19.97113082148719	30.083062727797255	1.5430160604717991E-4
97.0	29.881361638883046	20.06956819254108	19.889512033272787	30.158889105603176	6.690296999064012E-4
98.0	29.858445737467125	20.087319465597318	19.95312473430654	30.099912324710072	0.0011977379189443541
99.0	29.879289543186882	20.076195217835313	19.950826082444582	30.093417334519472	2.718220137513003E-4
100.0	29.859217266381926	20.04904562538174	19.957796620827427	30.13189353007576	0.002046957333142196
101.0	29.887000911651807	20.051201660992064	19.968586041298945	30.09059601863897	0.0026153674182157957
102.0	29.87001763540473	20.029212731183772	19.981894777895825	30.11841919459676	4.556609189096981E-4
103.0	29.88737352169898	20.02764307137723	19.993972326486276	30.090762571480163	2.485089573500496E-4
104.0	29.848820615066735	20.09299049026762	19.972492522521694	30.085491587479368	2.0478466458464476E-4
105.0	29.886165185441804	20.061255749565195	19.995488374122488	30.05689195066902	1.9874020149398145E-4
106.0	29.89797871902397	20.035176322256188	19.98653960860069	30.079852832217696	4.525179014513683E-4
107.0	29.855280914147368	20.04248090670459	20.007604126794984	30.09421382311059	4.202292424675762E-4
108.0	29.829170841489393	20.080749470577963	20.01992237765922	30.069895814413865	2.614958595624764E-4
109.0	29.90983267453593	20.031886077881243	19.962769118506365	30.09528143765447	2.3069142199730463E-4
110.0	29.811028947898393	20.066146835408105	20.006696655616473	30.115753103920756	3.7445715626886896E-4
111.0	29.867590620993024	20.041789012265447	19.97207385534269	30.118170743696886	3.757677019552696E-4
112.0	29.864302000200173	20.017446396033876	19.931350088271678	30.186435364244645	4.6615124962810724E-4
113.0	29.851255913500747	20.0319852091052	20.020955510368697	30.095450233219655	3.531338057010105E-4
114.0	29.842796516256627	20.096362746128204	19.987388491721454	30.07317155044913	2.8069544459132894E-4
115.0	29.88474054130635	20.05172771434044	20.041393069489267	30.01209726055256	0.010041414311386635
116.0	29.83606010426704	20.106250346093276	20.023192593754498	30.03418648559916	3.104702860242264E-4
117.0	29.804622895273535	20.053536147887403	20.021117550286032	30.117435271052823	0.003288135500203776
118.0	29.796226245663398	20.093822056913517	20.012245066362137	30.096880523138207	8.261079227390265E-4
119.0	29.840500772378718	20.082786050204103	19.973162334078182	30.103293180758357	2.5766258063784697E-4
120.0	29.813918524257538	20.083884865742558	20.016328982856095	30.08547267348551	3.9495365830057646E-4
121.0	29.841388057149715	20.098664186964974	20.037698167585877	30.021935731880724	3.1385641871183647E-4
122.0	29.7871864610176	20.1003573014445	20.02712216078205	30.085033214270755	3.008624850919085E-4
123.0	29.7897678771553	20.07287584595977	20.052912923152903	30.084186504117643	2.568496143843014E-4
124.0	29.759336298536525	20.038775231999402	20.02030787946822	30.18119137633377	3.892136620872296E-4
125.0	29.76066814818761	20.080054486779712	20.01484429610643	30.143912864111304	5.202048149438494E-4
126.0	29.785779246962278	20.092879523746987	20.044766181045006	30.076194743670865	3.803045748618483E-4
127.0	29.87169336529338	20.058745679327426	20.016898415676856	30.04472569801429	0.007936841688043452
128.0	29.918827240866396	19.97851944595654	20.093758698944853	30.007770956281455	0.0011236579507536881
129.0	29.81490055019092	19.99162776787883	20.18768667670766	30.003900948328948	0.0018840568936435258
130.0	29.74606686222832	19.963378822461777	20.201046108138833	30.088952532293646	5.556748774198355E-4
131.0	29.671252761925597	20.019795362362157	20.11788461103947	30.190019891002823	0.001047373669955297
132.0	29.542787321022946	20.13513232191159	20.07056240087596	30.249147239694523	0.002370716494978637
133.0	29.536087992410465	20.094508044434733	20.15012041699581	30.218968539187163	3.150069718235937E-4
134.0	29.563664309400608	20.070544821337652	20.09224842869346	30.272852290271235	6.901502970449234E-4
135.0	29.654486329414897	19.966607148193788	20.162543048855923	30.213352425165436	0.0030110483699515695
136.0	29.747404431301604	20.01554768547865	20.191774403244654	30.044159410250217	0.0011140697248710509
137.0	30.079099409166293	19.876408152324643	20.086418122188647	29.957616959927293	4.573563931247559E-4
138.0	30.17445963228507	19.859209245524628	20.187734717274868	29.777489343774782	0.0011070611406507975
139.0	29.288368010792563	20.498918908310618	21.457317671193525	28.74927556533721	0.006119844366079699
140.0	27.06863040414017	21.571233686165154	21.39925068452267	29.943261334996084	0.01762389017592029
141.0	28.924070710510552	19.55810135478591	19.041828699678025	32.47557877764321	4.2045738231075435E-4
142.0	31.491853357186844	19.214884388569043	21.141266434341606	28.151316188303294	6.796315992066156E-4
143.0	31.29890137021667	18.86139917229968	21.608503217750467	28.22168715081817	0.009509088915016346
144.0	34.4784568713129	18.138478976727217	19.10598682884856	28.27280550476634	0.00427181834497642
145.0	27.576858261798332	20.05406068278017	18.943724039716763	33.42507746878173	2.795469230059206E-4
146.0	27.78322318034042	20.43888504665486	18.899110275988072	32.87854513809974	2.363589169110237E-4
147.0	28.063859611653296	19.823386794321152	19.392934985157016	32.71671175394072	0.0031068549278154877
148.0	30.728955224378808	19.27299238327928	19.977614490997787	30.020157941155546	2.799601885844133E-4
149.0	33.752210550752025	19.197994512240463	18.70509299245423	28.342916844826753	0.0017850997265330155
150.0	23.55485259068369	25.35027230181039	24.787890479467407	26.258557242417545	0.04842738562097159
