# Position (bp)	A	C	G	T	N
0.0	23.327972358413618	27.594366943263115	31.387339647798512	17.632694121648264	0.0576269288764887
1.0	27.395756157658248	17.83468739053287	19.020867040158556	35.748053246929395	6.361647209281553E-4
2.0	30.218967402588426	19.900032451498255	18.251156799592835	31.6296026665326	2.4067978788305377E-4
3.0	34.78253979800602	18.859243762114854	19.853441217716934	26.503745369458535	0.0010298527036579318
4.0	35.46532203161508	17.914583744791422	20.637194198308258	25.982524826865188	3.7519842004658625E-4
5.0	36.473127655340946	18.111875514715756	19.9373838395984	25.47666266938406	9.503209608425811E-4
6.0	27.04226744426425	18.036315068738322	16.516606287918908	38.40463831746017	1.728816183529539E-4
7.0	26.860970970342656	23.17092932213898	17.858905437597972	32.09242947264087	0.01676479727952081
8.0	26.75237228312807	22.125711192156864	18.447868749651327	32.67403271392731	1.5061136423834913E-5
9.0	34.78686729330725	18.30111143288227	19.04936960298542	27.862645090210584	6.580614478038116E-6
10.0	29.687880529416105	23.027128133442883	22.811930111741084	24.473058408782496	2.8166174325851418E-6
11.0	27.662101581365388	22.919000278744722	20.659637964324943	28.74878948301369	0.010470692551249322
12.0	29.68529220125284	20.41188618204915	19.641864633590078	30.260949952997855	7.030110078635296E-6
13.0	30.05746097032247	20.21521231974953	19.661121364318863	30.066191296162987	1.404944615467572E-5
14.0	30.111413538832206	20.439141817009872	19.967283689507525	29.482050044605728	1.1091004466740597E-4
15.0	30.476618008835416	20.43095150318437	19.779655433428466	29.31275307555698	2.1978994768227642E-5
16.0	30.621660973132574	20.289929143002734	19.987300371385473	29.101086143173372	2.3369305846037975E-5
17.0	30.62311462549146	20.363285877694565	20.069966236858978	28.943627187161958	6.072793037933309E-6
18.0	30.6985052870579	20.15636592102283	20.217185016657577	28.923401392243896	0.004542383017798013
19.0	30.460938068098685	20.30316017433692	19.920373769747894	29.315469575253424	5.841256308247226E-5
20.0	30.196923845246438	20.53517920086896	19.818852627788274	29.44903310045252	1.1225643808329409E-5
21.0	30.052371612656753	20.541102612900104	19.823439366477242	29.582981056888286	1.0535107762001914E-4
22.0	30.035156052897268	20.290102179111873	19.764419502102434	29.910151181081616	1.7108480680904408E-4
23.0	30.16745612479383	20.095818926306134	20.001116798048024	29.735168939518843	4.3921133317274277E-4
24.0	30.185603360624018	20.148886917941212	20.069163941307348	29.596340611914272	5.168213145604788E-6
25.0	30.290155682608273	20.12391666909416	20.035008715272422	29.548291028301282	0.002627904723860562
26.0	30.26836253189767	20.14515952717989	19.989860466188112	29.59660475603716	1.2718697173539001E-5
27.0	30.20034397257823	20.18406798500636	20.03519820107203	29.5803813507789	8.490564475792384E-6
28.0	30.1796629969439	20.16823962484882	20.11380012827825	29.538108792983092	1.8845694593616565E-4
29.0	30.164936181343116	20.148363163463312	20.030249657147568	29.65528232535653	0.0011686726894756829
30.0	30.18829113068127	20.14063638341349	20.059698727496674	29.61123295191953	1.408064890305416E-4
31.0	30.212574865693988	20.077416464447424	20.040309553327642	29.66968961229553	9.504235415197135E-6
32.0	30.257088573393524	20.09035059980271	20.10975728040139	29.542528220284066	2.7532611830919545E-4
33.0	30.351742585831527	20.038068507469514	20.072829653922454	29.53731102381074	4.822896576387598E-5
34.0	30.122154633358544	20.15378061567817	20.112008860890505	29.61199701684068	5.887323210325181E-5
35.0	30.110516298836902	20.19767458018985	20.058461790225422	29.633100210291353	2.4712045647207805E-4
36.0	30.206406934192387	20.073727514178803	20.11550672431639	29.60424288887377	1.159384386518511E-4
37.0	30.202356389082013	20.137665971332545	20.00351380423229	29.65645322574964	1.0609603512172282E-5
38.0	30.28718327315163	19.964758998146316	20.029259371641665	29.718757264474277	4.1092586116705414E-5
39.0	30.278294304527986	20.039674915115793	20.03306866507984	29.648938852126083	2.3263150299012176E-5
40.0	30.176502420757885	20.06776509009044	20.148382196779473	29.605519079210247	0.0018312131619575645
41.0	30.228313851095436	20.028253288227013	20.04784412056299	29.695558543425904	3.019668866424003E-5
42.0	30.12712411132299	20.153167475259885	20.125846045100804	29.593643636732285	2.1873158403953324E-4
43.0	30.20679940874877	20.042878832362028	20.068817782412378	29.681479992015618	2.3984461201805553E-5
44.0	30.17808471420992	20.05432848454737	20.124562704524614	29.64099846347769	0.0020256332404059363
45.0	30.212477411832385	20.051325745303714	20.121901325885247	29.614290598099895	4.9188787614585955E-6
46.0	30.22105612980154	19.995698768295842	20.181428170268813	29.601779455868055	3.7475765753662997E-5
47.0	30.1794156548395	20.079848603528106	20.079078442416876	29.661629122589506	2.8176626020565426E-5
48.0	30.200787910049222	20.03673429982249	20.085601729118135	29.676154499893247	7.215611169030653E-4
49.0	30.281103974041113	20.03715139135091	20.09722291409617	29.578713042978517	0.005808677533288748
50.0	30.243466530455393	20.027105957324142	20.079105567655773	29.650316466098353	5.478466340203197E-6
51.0	30.26675672763211	19.960029097019053	20.099152976679914	29.672782464511283	0.0012787341576396905
52.0	30.20383070764032	19.997835949006664	20.164587811332176	29.63366744357826	7.808844257962346E-5
53.0	30.285217371632307	19.97251072892893	20.095206565006333	29.646960952164207	1.0438226822076674E-4
54.0	30.231363573712787	19.98210877517535	20.122196159922293	29.664096027375784	2.3546381377770724E-4
55.0	30.20695328759396	20.032702955964186	20.083186751605307	29.676809856839498	3.471479970524309E-4
56.0	30.21634944945116	20.032311930762187	20.087463440333543	29.663866073368133	9.106084979401529E-6
57.0	30.217739141683108	20.035693130314034	20.146925152302234	29.59673988284614	0.0029026928544846698
58.0	30.25192648950406	20.067715387655312	20.061742265686945	29.618597547174897	1.8309978785855134E-5
59.0	30.286305181077218	20.05521228179647	20.064439402923206	29.59403395451039	9.179692714376232E-6
60.0	30.31059966556177	20.04821050830867	20.0457604038901	29.594517791150494	9.116310889638896E-4
61.0	30.280634253842464	20.095287819057724	20.037673537921698	29.586275716070332	1.2867310778953928E-4
62.0	30.25501292971498	20.035862935055707	20.06296823540342	29.646109644170092	4.625565580109834E-5
63.0	30.327616273732666	20.02797393719591	20.031922056801918	29.611969870065902	5.17862203607558E-4
64.0	30.285810832589345	19.97695263665419	20.088515733196203	29.6486536363137	6.716124656377877E-5
65.0	30.252700049245657	20.036640060323517	20.061446783326712	29.64337092906306	0.005842178041054401
66.0	30.21030431176306	20.054061226527615	20.06354529684231	29.653904827408933	0.018184337458087566
67.0	30.22532543774937	20.0480196740922	20.077645534807825	29.64790733486991	0.0011020184806936804
68.0	30.244865935385114	20.062604768882924	20.05432557973214	29.638053849882745	1.498661170781991E-4
69.0	30.253557007081028	20.035987369126957	20.096376447443735	29.61404357359362	3.560275466261659E-5
70.0	30.283095054701004	19.980888517976965	20.059828594686312	29.676101740622496	8.609201322241035E-5
71.0	30.155005709766964	20.040162352892498	20.136907014524912	29.658321522760346	0.009603400055284168
72.0	30.262247262503916	19.99937559107391	20.092148084145308	29.641943178523817	0.004285883753056562
73.0	30.225064967832555	20.043779197043936	20.086384811679828	29.643146576208295	0.0016244472353813563
74.0	30.280747724430956	20.02348336960487	20.03442761374921	29.6613306780707	1.061414425791725E-5
75.0	30.20657953875053	20.044504371164603	20.094947129039102	29.651418083872393	0.0025508771733747607
76.0	30.199321803228287	20.053992841014374	20.065642570585887	29.681041717857703	1.067313749107966E-6
77.0	30.243693194740146	20.037285837148893	20.08160875338742	29.637273070093954	1.3914462958243939E-4
78.0	30.230774938927595	20.033636072513005	20.094030336720646	29.64155382141398	4.8304247717750425E-6
79.0	30.306364346659038	20.00013467314706	20.084855493802372	29.608298307415293	3.4717897623637414E-4
80.0	30.347731123945465	19.985521792297973	20.06810161112795	29.598121212881352	5.242597472615568E-4
81.0	30.23935383403803	20.01978112332647	20.136380076632534	29.590629201693652	0.01385576430931208
82.0	30.219803148905417	19.998124059769275	20.15909582874246	29.619425156344377	0.003551806238477199
83.0	30.28621290830537	20.052902868541057	20.008379692347837	29.64946469961987	0.0030398311858623878
84.0	30.284929832531592	20.044531761337826	20.0625666438223	29.607950998013948	2.0764294331467862E-5
85.0	30.305616600734954	20.039801545263224	20.064045395782532	29.590380261967418	1.5619625187637598E-4
86.0	30.2303997520798	20.034721185040606	20.09672212325074	29.6378513050722	3.0563455665250387E-4
87.0	30.2602805370608	20.008028629379034	20.115042832315343	29.61662759826074	2.0402984080897017E-5
88.0	30.25877630446403	20.04250538141793	20.064420749398938	29.631005198172172	0.003292366546933938
89.0	30.207264154930563	20.087885687795882	20.069640472816882	29.63516861912701	4.10653296564843E-5
90.0	30.304743357883133	20.047755216959867	20.032128737205948	29.61535153121073	2.115674032311576E-5
91.0	30.25390751659694	20.03788653755608	20.112157975654345	29.596016134549625	3.183564300830272E-5
92.0	30.267110570883094	20.045952017277095	20.10439698640358	29.582515771022333	2.4654413897370368E-5
93.0	30.256020409304202	20.059346911777137	20.111663455915497	29.572864662994462	1.045600087007419E-4
94.0	30.27009893447879	20.04038755984688	20.09422872787664	29.595278009367753	6.7684299355427755E-6
95.0	30.31148535981338	20.0891266430298	20.066571051313524	29.532809589713445	7.356129859050554E-6
96.0	30.25233426430491	20.054446259032098	20.11162200700904	29.58159292788608	4.541767868609199E-6
97.0	30.261778687506123	20.059546549473005	20.053083571573286	29.625249415778637	3.4177566894341856E-4
98.0	30.19135611130664	20.09565039011721	20.078545200695974	29.634279675294405	1.686225857732793E-4
99.0	30.205541574651274	20.089965557600063	20.098554205630382	29.60592776500225	1.0897116031786061E-5
100.0	30.21093405473717	20.077578829800487	20.09113484911507	29.620349964229696	2.302117570617687E-6
101.0	30.290379771295612	20.09914177074425	20.060312200670563	29.54910530535857	0.0010609519310055741
102.0	30.252055180416797	20.04726429511478	20.077244352655484	29.623287204743065	1.4896706987280124E-4
103.0	30.228269268877668	20.059506988930096	20.077971413394334	29.634122600799934	1.2972799796865737E-4
104.0	30.229802951088935	20.08182741310942	20.08853614788326	29.599822394275154	1.1093643229157756E-5
105.0	30.289016418983678	20.074841988207574	20.108422940653938	29.527706931668117	1.1720486692272258E-5
106.0	30.293088408597924	20.045330469805645	20.0874847103749	29.5739922976294	1.041135921406261E-4
107.0	30.25038082990843	20.056677934132104	20.113467934368515	29.579266646498702	2.0665509224953422E-4
108.0	30.242478136827778	20.062379085576925	20.086877220984437	29.60823414266581	3.141394504495427E-5
109.0	30.29246597008872	20.07851358522636	20.071393924339052	29.557613429452463	1.3090893399147284E-5
110.0	30.213648865177838	20.056887529883515	20.117942508236098	29.61132630586137	1.9479084118321504E-4
111.0	30.25118095142045	20.0726514003158	20.089574508514033	29.586459934175323	1.3320557438687694E-4
112.0	30.20249228127777	20.087367200325314	20.062046176785095	29.648085305058963	9.03655285630375E-6
113.0	30.24293553341648	20.06345059152313	20.06448440454046	29.629121606523896	7.863996035868485E-6
114.0	30.271490743767227	20.10734009706872	20.06899797041533	29.552169973948672	1.214800052384608E-6
115.0	30.309919849510386	20.070147436547874	20.058962592040842	29.552518212026946	0.008451909873951334
116.0	30.205052852721153	20.09974307627157	20.109209045139636	29.585993188410075	1.8374575609317618E-6
117.0	30.226481919793958	20.08501017230407	20.142873529883328	29.543942592895338	0.0016917851233078198
118.0	30.26623589559731	20.085173447148744	20.10912304870845	29.538848398101347	6.192104441446965E-4
119.0	30.25168958618975	20.118226196830477	20.04957443424949	29.58050543721053	4.345519749583341E-6
120.0	30.230211248274646	20.11949361444861	20.078280876496894	29.57199804511419	1.621566565896907E-5
121.0	30.21109647008004	20.150280404879155	20.109834823733095	29.528783914993024	4.3863146906457885E-6
122.0	30.212370393999272	20.125537461187122	20.070706995720737	29.59138011184294	5.037249928009828E-6
123.0	30.22999375500475	20.112616259299713	20.099341754069652	29.558021663638296	2.6567987594116144E-5
124.0	30.148904673522647	20.145046802353043	20.084727597680928	29.621320926443385	0.0
125.0	30.185679712662793	20.152027915112264	20.097469982965393	29.564550924983223	2.714642763264123E-4
126.0	30.213011097296633	20.10152399279308	20.134270292891863	29.551164449111557	3.016790686717841E-5
127.0	30.255765704719632	20.0833026125058	20.131523832556347	29.52349197922029	0.005915870997932464
128.0	30.22006772816343	20.136764441361983	20.126999953531776	29.516167876942806	0.0
129.0	30.250332908302024	20.111197755713693	20.104683871778548	29.53225397452866	0.0015314896770750024
130.0	30.223308001265707	20.085465156377058	20.12165004837628	29.569568274491754	8.519489196593034E-6
131.0	30.263695064307942	20.115814435748973	20.08252055112155	29.537969289941152	6.588803828822429E-7
132.0	30.266928058453992	20.138692430358844	20.11981540574313	29.47454820398074	1.5901463296381557E-5
133.0	30.247233217507098	20.19557349977519	20.110146851809567	29.44704509846936	1.3324387872291393E-6
134.0	30.179489430864987	20.148425962298045	20.12110872386846	29.550959134201847	1.674876666436963E-5
135.0	30.142489203218215	20.142531792345498	20.155234403885174	29.55974123115814	3.3693929813468656E-6
136.0	30.18851186440678	20.104846101694914	20.151298983050847	29.554463050847456	8.8E-4
137.0	30.212851307877912	20.159324973948088	20.152752651139277	29.47507106703472	0.0
138.0	30.231457623556572	20.16801119525622	20.11166048720359	29.48886520385228	5.490131337941439E-6
139.0	30.20310574418471	20.179336667323952	20.1169546065624	29.499667917440874	9.350644880621718E-4
140.0	30.16679491913145	20.174829201143854	20.08434362987624	29.559202081338405	0.014830168510048274
141.0	30.183637281802955	20.16579479489195	20.136578327038134	29.513988896454563	6.998123991907118E-7
142.0	30.151547036942933	20.129744515617052	20.16651968298092	29.552157052008322	3.171245077751952E-5
143.0	30.176201994652992	20.180601050066326	20.089883575159053	29.553200518306884	1.1286181474813459E-4
144.0	30.35139932023112	20.105425255119115	20.0960012488934	29.443566486967704	0.0036076887886608623
145.0	30.29760355062563	20.102739646430557	20.242618581795213	29.357034623272792	3.5978758112427414E-6
146.0	30.466517213053727	20.016405605639427	20.175262717838287	29.341813011452306	1.452016253434336E-6
147.0	30.380273797931228	20.01346103754075	20.175713464317415	29.428034126495252	0.0025175737153529075
148.0	30.303045973156912	20.2117504253615	20.164051813570026	29.321092689148344	5.909876321580395E-5
149.0	30.285783402319005	20.130997140593625	20.30369948478219	29.27945442666119	6.554564398658529E-5
150.0	30.043984414817515	20.087725159346682	20.47773642022977	29.390554005606035	0.0
