# Position (bp)	A	C	G	T	N
0.0	25.27640587833584	24.940459334049013	24.065796243420753	25.66234067321012	0.05499787098427282
1.0	28.463136133457244	18.566815389053524	18.645894171250195	34.318580387872984	0.00557391836605081
2.0	29.78646783796349	20.008975426353835	19.508880650527086	30.69108485857379	0.004591226581800407
3.0	33.36206027460411	19.05549423006029	19.83670441909374	27.741884439809716	0.0038566364321443295
4.0	32.959257301896905	18.69102219547749	20.666192371595304	27.68243705004651	0.0010910809837879818
5.0	33.70812092890665	18.889706011704124	20.124141931596405	27.27610770428224	0.0019234235105833174
6.0	27.74359278556247	19.36724828875425	18.00253372134094	34.88180378083604	0.004821423506303724
7.0	28.18143023801587	21.610756611407854	19.169655650737813	31.016808383008986	0.021349116829476482
8.0	27.751774051157586	21.32228494267735	19.280875016284867	31.644311207302998	7.54782577201666E-4
9.0	32.66460440477885	18.856823804415665	19.589826184245293	28.886480235519446	0.002265371040749738
10.0	29.91283877239479	21.552456798499104	21.87725394891671	26.646131175144006	0.011319305045385742
11.0	28.588336090842446	21.627194380543763	20.56995216850648	29.200192240696833	0.014325119410480957
12.0	29.615308313438888	20.2609396850883	19.892319320854135	30.229589235298377	0.0018434453202988393
13.0	29.78399610468081	20.190000098996684	19.859120853376584	30.16552102326176	0.001361919684162814
14.0	29.786331545100587	20.319681161094813	20.074889276952618	29.815128403271558	0.003969613580425572
15.0	29.96437811368824	20.315547137425455	20.052004669311135	29.667492612024525	5.774675506475134E-4
16.0	29.970549321512973	20.26180216249806	20.12228781805258	29.64207846137209	0.003282236564292513
17.0	29.92336423253925	20.301870219906785	20.157697828884668	29.6152178346306	0.0018498840386976885
18.0	29.85822862488736	20.331286982619265	20.143372931548452	29.661446392393092	0.00566506855182783
19.0	29.83295109822305	20.331268395335762	20.06504264430647	29.769977176278623	7.60685856101743E-4
20.0	29.769504674470088	20.358860081735667	20.063272159841627	29.807829051060057	5.34032892560528E-4
21.0	29.782160676327923	20.31248926941465	20.094283914051285	29.809661083185123	0.0014050570210133017
22.0	29.749986482317738	20.214320519163994	20.108677283807033	29.926383980224188	6.317344870489692E-4
23.0	29.814466100265758	20.1345656393796	20.147592211415454	29.900743416113844	0.002632632825348306
24.0	29.811061499899893	20.176328852579964	20.160691536024128	29.849619819091266	0.002298292404744096
25.0	29.851942635330715	20.153687435022878	20.197350588555455	29.79262316985033	0.004396171240619861
26.0	29.828643505787444	20.18410955684003	20.172481849421754	29.813765414260445	9.99673690327787E-4
27.0	29.789380401259635	20.214680479981258	20.163083485800264	29.8319975882142	8.580447446459564E-4
28.0	29.764344340993258	20.23182533247249	20.212272261870858	29.79010013485126	0.0014579298121284979
29.0	29.740764937336934	20.22452430482495	20.17630826561398	29.856683757001324	0.0017187352228146423
30.0	29.724623505151232	20.207412517881256	20.18519055890104	29.881703795286484	0.0010696227799906438
31.0	29.77261496834336	20.184619190736232	20.186489261787994	29.85534591974784	9.306593845730371E-4
32.0	29.7557084064064	20.240701269842898	20.1953788241901	29.807040312704842	0.0011711868557567585
33.0	29.8303028428607	20.191686074220858	20.18379723965545	29.79142885893109	0.002784984331898016
34.0	29.710147323218226	20.259152778612247	20.199329596566443	29.829612957060007	0.0017573445430756518
35.0	29.692709036390447	20.272368757287367	20.16614090883407	29.866353771082725	0.002427526405389014
36.0	29.7279374808949	20.234734577218088	20.18991594509402	29.845470294119668	0.0019417026733155685
37.0	29.76274238113578	20.241688976643786	20.137486945329506	29.857687995765552	3.9370112537246565E-4
38.0	29.788809286643282	20.171943580078207	20.154545572817597	29.88392867831709	7.728821438249409E-4
39.0	29.7795361911137	20.229055660087926	20.15057657894076	29.840144578640032	6.869912175756502E-4
40.0	29.71643639666301	20.22367679303787	20.233451615441435	29.82429331931729	0.002141875540396913
41.0	29.748524110202663	20.206232773878018	20.151933863643475	29.89273556176738	5.736905084623458E-4
42.0	29.70548768128915	20.27221148955611	20.173877278077395	29.846521593315845	0.001901957761501745
43.0	29.715959695089172	20.22492119340845	20.174802694722377	29.88198500960733	0.0023314071726664924
44.0	29.699416215139312	20.23677169748278	20.20160451492995	29.861537964975614	6.696074723378759E-4
45.0	29.680545464408496	20.245642309785854	20.22056393363944	29.84973137754876	0.0035169146174418063
46.0	29.721463210812804	20.20434794399099	20.245194133373463	29.828367401905133	6.273099176125921E-4
47.0	29.73653251285271	20.24700020104967	20.166921223527385	29.84865520193674	8.908606334897844E-4
48.0	29.7343590459941	20.213720966931717	20.164659901266447	29.881970511694995	0.005289574112742283
49.0	29.730824637132468	20.239363709944925	20.197399802741472	29.824469687878196	0.007942162302935383
50.0	29.71998716660938	20.24875566849414	20.187521625827312	29.84277570521656	9.598338526075168E-4
51.0	29.72957305186338	20.216113346241908	20.202162112389036	29.848625824114727	0.0035256653909519343
52.0	29.714422302351746	20.228598614765716	20.245071538547162	29.811332586552613	5.749577827665374E-4
53.0	29.768264959196323	20.219662001621376	20.165898864814665	29.843953509701336	0.0022206646662960333
54.0	29.70609912960322	20.22093691111625	20.204016906203982	29.868027504334393	9.195487421597495E-4
55.0	29.663196068392416	20.266073367124182	20.205113386490538	29.863428950188986	0.0021882278038726473
56.0	29.678768821456753	20.258950437129155	20.19817960222639	29.863307103267346	7.940359203585996E-4
57.0	29.702800234668793	20.245421083682164	20.2355304773565	29.810299877288216	0.005948327004327881
58.0	29.707737403137322	20.26166425283619	20.190139797375114	29.837722621520218	0.0027359251311521475
59.0	29.7305934003381	20.25809538024977	20.184681987900074	29.825913558521478	7.156729905808547E-4
60.0	29.724485685238356	20.227924275208533	20.191462254854407	29.852703658574836	0.003424126123864692
61.0	29.734965513079764	20.252216993921607	20.213220922885814	29.798644109132226	9.52460980587404E-4
62.0	29.733649307242494	20.238717395445256	20.209406331381402	29.816363129586293	0.0018638363445543453
63.0	29.764680837843528	20.26897269853517	20.151774726315367	29.81156411872951	0.003007618576424721
64.0	29.736818356362843	20.22364211154273	20.197757761254987	29.840377841790982	0.001403929048454592
65.0	29.69271349630015	20.240807360309685	20.197224199306262	29.861830074717965	0.007424869365937658
66.0	29.671602140695093	20.23685983587738	20.197652461004875	29.87229844681012	0.02158711561253072
67.0	29.69000679358261	20.220243160600774	20.232898823306122	29.85458918363859	0.0022620388718989754
68.0	29.665640148258536	20.302200957224198	20.17813744712472	29.84961812566418	0.004403321728367775
69.0	29.684799873245648	20.279682900313144	20.18148816851691	29.85071021289194	0.003318845032355149
70.0	29.693966537967853	20.221239436208883	20.16673253210764	29.917685683292433	3.7581042318364586E-4
71.0	29.6421724922117	20.264633961035088	20.203013571103877	29.878233852296997	0.01194612335233899
72.0	29.696923523813982	20.224449228579157	20.228342843455543	29.844660829199903	0.005623574951411734
73.0	29.66947117726107	20.268353174810816	20.21335176395266	29.843514046934	0.005309837041455401
74.0	29.706458497792593	20.244215826310114	20.200836016153133	29.846209738905337	0.0022799208388249895
75.0	29.666758169596164	20.27408731326735	20.226693184132614	29.82778726007187	0.004674072932002121
76.0	29.66020675018205	20.252037576086906	20.20441902252114	29.882558517291756	7.781339181442025E-4
77.0	29.67257191777133	20.277802109412153	20.21052331244355	29.837836927940327	0.0012657324326452834
78.0	29.666716061272204	20.254131499341707	20.21381989832095	29.863555573117118	0.0017769679480261471
79.0	29.704879140696107	20.26979457719933	20.23494430691382	29.78814689508108	0.002235080109662924
80.0	29.740755596224716	20.233143897908594	20.17765168243193	29.847931657655106	5.171657796509798E-4
81.0	29.65467157842098	20.269884769017906	20.230298895980678	29.828027516660395	0.0171172399200349
82.0	29.64383450095936	20.249406241195857	20.23938206757888	29.863062322882218	0.0043148673836855885
83.0	29.680557182215278	20.279695542049403	20.173409389851912	29.862058614641985	0.004279271241426312
84.0	29.700360135646193	20.275476585233893	20.200635199099175	29.82002637105787	0.0035017089628711436
85.0	29.688723136423327	20.27121868623724	20.209915816612522	29.828697718338105	0.0014446423887996876
86.0	29.63380015965093	20.29678996668721	20.209004375578107	29.85981259907081	5.928990129393982E-4
87.0	29.660773821956	20.26861598068563	20.219227390945175	29.851189648071664	1.9315834153382075E-4
88.0	29.66655503964295	20.284201033542377	20.2011576725617	29.844253509427926	0.003832744825047468
89.0	29.616256035780086	20.27856762974784	20.225737217129566	29.878932033744455	5.070835980530065E-4
90.0	29.654546574028572	20.288780736922792	20.196020731668238	29.86045063344061	2.0132393978199636E-4
91.0	29.61647862021434	20.29119638233889	20.23885012210427	29.853234353678932	2.4052166356758147E-4
92.0	29.623168661114246	20.319098010372944	20.241493503217296	29.815978451170455	2.613741250543321E-4
93.0	29.63814299919061	20.324134577728124	20.244027257654228	29.792944571367347	7.505940596971799E-4
94.0	29.662993235449896	20.282388710906133	20.230809796081754	29.823477732146813	3.305254154043421E-4
95.0	29.700626933170547	20.296049877310494	20.195162907746475	29.807895174349852	2.6510742263226485E-4
96.0	29.6457544474038	20.29553954644784	20.23359112179127	29.82490701517265	2.0786918444638252E-4
97.0	29.623691394077316	20.336990711398283	20.169264308809108	29.869291806312702	7.617794025883385E-4
98.0	29.60806160343261	20.3476042015418	20.225465960301648	29.81773795935633	0.001130275367617782
99.0	29.63879705075901	20.325725275586652	20.205664562686568	29.829555547332596	2.575636351741607E-4
100.0	29.611463750809637	20.29556678403711	20.232107649858396	29.85885950994067	0.0020023053541834554
101.0	29.640729834958428	20.299542243886535	20.238194269437358	29.818954685685235	0.0025789660324452915
102.0	29.602908751670377	20.292070899160265	20.251430200686535	29.853136642669114	4.535058137108551E-4
103.0	29.642769231340704	20.285293594919292	20.2639190884844	29.80781499793606	2.03087319545417E-4
104.0	29.582437351885737	20.350630264209236	20.23546280164941	29.83128506364874	1.8451860688242913E-4
105.0	29.6405062730736	20.320111679588543	20.247426235953682	29.791730611503564	2.2519988060565712E-4
106.0	29.637859991237193	20.296259637083363	20.245530175223582	29.81991076054591	4.394359099532444E-4
107.0	29.62352195827691	20.294840859066248	20.250708903659312	29.83044020629183	4.880727056979346E-4
108.0	29.59621630873795	20.32861325582107	20.27053293226002	29.8044086256138	2.2887756715681562E-4
109.0	29.657353257122352	20.297452329026918	20.23450205245271	29.81042749347414	2.6486792387462785E-4
110.0	29.57399500159208	20.328288265010027	20.264206520942267	29.83308865699284	4.215554627858011E-4
111.0	29.616391747380455	20.3010419356576	20.232680738853883	29.849539090093693	3.464880143665658E-4
112.0	29.611580210593708	20.270062791237674	20.201709203263317	29.916200468666016	4.473262392857123E-4
113.0	29.60341208960418	20.28073880695929	20.29016034019351	29.825325846497947	3.629167450751572E-4
114.0	29.59632137103262	20.345698195008097	20.259153864197017	29.798496631156485	3.299386057773577E-4
115.0	29.637757023991636	20.296313767199525	20.305597316437286	29.750890049715284	0.009441842656270051
116.0	29.574918016387052	20.359264483891916	20.292209127973255	29.773310636656507	2.9773509126717354E-4
117.0	29.550591367452157	20.320159724853134	20.272272393107126	29.85358030128214	0.003396213305440453
118.0	29.551066396080945	20.35571628380555	20.270730404381215	29.821606110716463	8.80805015830427E-4
119.0	29.591375430207894	20.366913459075388	20.22492877259786	29.816554567866802	2.2777025204618774E-4
120.0	29.573659998153644	20.33560166976373	20.28874627872477	29.80162826642731	3.6378693054320337E-4
121.0	29.586789978533563	20.368539332108167	20.30412608004456	29.740243784238572	3.008250751347311E-4
122.0	29.549235288268505	20.372930121748873	20.284754400714522	29.79287218859013	2.0800067797176734E-4
123.0	29.548709376466398	20.338596528689393	20.307433406674697	29.805035336922646	2.253512468610603E-4
124.0	29.51510696805306	20.327597894688328	20.286314838280592	29.870670708497077	3.095904809417676E-4
125.0	29.512427040797245	20.357951015917305	20.26595632856957	29.86300888189283	6.567328230413874E-4
126.0	29.549301452187432	20.358731980232978	20.30189054671372	29.789676426017703	3.9959484816926927E-4
127.0	29.581201130511054	20.347708990861452	20.29898381450023	29.764643041884387	0.007463022242879955
128.0	29.59015065309634	20.3027374491199	20.348581676234183	29.757324339093167	0.00120588245641003
129.0	29.51691431538582	20.299690301626683	20.410445388463494	29.77098396141922	0.001966033104786864
130.0	29.514716329578373	20.252424306154442	20.471427350373546	29.76103573982548	3.962740681511005E-4
131.0	29.420255988459314	20.296532141742343	20.473166226889823	29.80908625439534	9.59388513172804E-4
132.0	29.36566377761865	20.349011611360115	20.45768440471359	29.82526657830094	0.0023736280067005876
133.0	29.321046092923563	20.367529287809713	20.461672171014513	29.849458881328122	2.935669240871239E-4
134.0	29.311548751668436	20.370601406600514	20.39386378675254	29.923284812214508	7.012427640030667E-4
135.0	29.353699548544114	20.306370337366108	20.435580478474098	29.901471076956426	0.0028785586592509475
136.0	29.47987433953447	20.301219241927328	20.477246242409404	29.74056830086782	0.00109187526098393
137.0	29.809102794255388	20.151098579456757	20.379745551045893	29.659481345613486	5.717296284733063E-4
138.0	29.861711575636797	20.142650281866544	20.48970361535955	29.504836957960805	0.0010975691763062804
139.0	28.895629231792036	20.846159928944765	21.71532365236964	28.536735934286668	0.006151252606898491
140.0	26.63199448782863	21.95943654194612	21.57721749256224	29.813691211139968	0.01766026652303695
141.0	28.71922333059147	19.820445415005707	19.179700271252422	32.280139861193824	4.911219565773826E-4
142.0	31.16530828412652	19.572686458757065	21.46262334613859	27.79862642309284	7.554878849822859E-4
143.0	30.716278645157846	19.432960345183083	21.660892232325875	28.180074676652538	0.009794100680662875
144.0	34.08234869519502	18.444085974333934	19.57545928509042	27.89392704198976	0.004179003390867577
145.0	27.101155041954627	20.455649491611226	19.104135617315425	33.33877572193268	2.841271860441272E-4
146.0	27.484904743935008	20.84711034224085	18.94640147125085	32.721358735549884	2.2470702340799618E-4
147.0	27.457399626589257	20.102641287498603	19.3384871893899	33.09824014901892	0.0032317475033208673
148.0	30.159299974035243	19.84049208443138	20.258386287213852	29.741511293821944	3.1036049758070887E-4
149.0	33.454188558420284	19.184410081837193	19.14990043509005	28.20961933715794	0.0018815874945365798
150.0	25.07970971720023	24.432773866426267	24.953082828402028	25.48632055888815	0.04811302908331837
