# Position (bp)	A	C	G	T	N
0.0	26.79142657705717	22.846868618260217	27.991191492579485	22.356313504618086	0.014199807485043816
1.0	28.332099122043008	19.19791042894959	20.1037350997578	32.345246437601205	0.021008911648394604
2.0	29.76325813773854	20.03085542432038	18.629400039562416	31.57579531760967	6.910807689914284E-4
3.0	31.83893338681655	19.449490563661726	20.001558817659895	28.70833704108951	0.0016801907723236356
4.0	32.938263869414044	18.826388106335816	20.205128786597953	28.030200598758913	1.8638893266008616E-5
5.0	33.241609109809175	18.987013223554943	19.890585883916597	27.879121933056318	0.0016698496629709958
6.0	28.6979997342582	18.605948605979894	18.142195104632865	34.55373017287905	1.263822499890533E-4
7.0	28.16255764863196	21.60328180596779	18.6919005242799	31.542193926829228	6.609429113019685E-5
8.0	28.290028856347337	21.0229880611046	19.13141749783324	31.555539488433055	2.609628177107175E-5
9.0	32.223218203031585	19.15293326978149	19.511084677681286	29.112737786074327	2.6063431308684593E-5
10.0	29.72199062979782	21.480024967728017	21.396662413859524	27.40126226893057	5.971968407184609E-5
11.0	28.679976542294277	21.47635206606442	20.345461103455815	29.498184279824507	2.60083609843008E-5
12.0	29.753374056656607	20.17061001416986	19.868137557839677	30.207860028274908	1.834305895057128E-5
13.0	29.943096645070515	20.096215014993753	19.82811494598967	30.132472588943273	1.0080500278733469E-4
14.0	29.955082063191384	20.230260760711165	19.948082002007425	29.866330987683803	2.4418640622517836E-4
15.0	30.146912040809898	20.268402992116556	19.844377071981057	29.739912916138163	3.9497895433180134E-4
16.0	30.256729349522182	20.15042251562639	19.972485745466965	29.619318427828034	0.001043961556428111
17.0	30.222195768356595	20.184784989801816	20.10520051843146	29.487779123841573	3.959956855356225E-5
18.0	30.338681448914713	19.999525731270325	20.187831421149596	29.473926391666705	3.500699866005385E-5
19.0	30.136513352677586	20.123761795989097	19.971396143997453	29.768208452712685	1.2025462318137715E-4
20.0	29.948326820841984	20.339730511919075	19.91930938649364	29.792572381479637	6.089926565686245E-5
21.0	29.772572864784568	20.399394079906376	19.90676992738933	29.921159577866025	1.0355005369755542E-4
22.0	29.765682416738105	20.239629782870335	19.85588866884747	30.138747342357945	5.178918614680093E-5
23.0	29.8800892716092	20.108650603725525	20.00438702989665	30.006825860145536	4.7234623088430036E-5
24.0	29.909210167584504	20.155566550542552	20.062766435092648	29.872397402517393	5.944426290234297E-5
25.0	29.91694181688041	20.1425906608073	20.101057757070713	29.839362494249333	4.727099224709981E-5
26.0	29.92433681653478	20.147116813936186	20.077799691027902	29.850649044453288	9.76340478482806E-5
27.0	29.851722092958514	20.1836443110456	20.066287434786133	29.89823627077784	1.0989043191335359E-4
28.0	29.87161497054848	20.16281453147308	20.120490736146056	29.844998833873927	8.092795845054782E-5
29.0	29.828901247081014	20.192627646050056	20.07069347018826	29.907734864551127	4.277212953985483E-5
30.0	29.82682886215931	20.182015652196508	20.08602141454414	29.90504225158947	9.181951057170821E-5
31.0	29.84956830404744	20.131481531535105	20.05107843920801	29.967732211034292	1.3951417515379179E-4
32.0	29.85878688972147	20.187281749963493	20.08219901772152	29.871635574258093	9.676833542227498E-5
33.0	29.934111822239416	20.14395943221661	20.072978429860402	29.848876450876016	7.386480755101462E-5
34.0	29.81812158509004	20.182950672143406	20.098005698673333	29.900854208984278	6.783510894557461E-5
35.0	29.78956260710793	20.1986797935297	20.06735029745908	29.944234282440863	1.7301946243409157E-4
36.0	29.845489450910655	20.13395245858554	20.117527040441377	29.902969125771595	6.192429083566784E-5
37.0	29.871228555201796	20.183432925926788	20.031870312465607	29.913309976414887	1.5822999092178697E-4
38.0	29.88447624583321	20.10177681139639	20.060767611997633	29.95267930137611	3.000293966626471E-4
39.0	29.867883232726815	20.159613539375997	20.039530046896946	29.93091526559003	0.002057915410204933
40.0	29.81012070327215	20.187052057881743	20.109709668641678	29.892750700448033	3.668697563969206E-4
41.0	29.85007106019184	20.131611038063923	20.044726751147053	29.972901207848818	6.899427483630014E-4
42.0	29.809556042476153	20.2154421149396	20.06478370992787	29.910091138975126	1.2699368124908977E-4
43.0	29.82015033842484	20.158518622320894	20.054992858233582	29.96618893601191	1.4924500877560651E-4
44.0	29.8020577923013	20.181915155155064	20.08412163580295	29.93178732764148	1.1808909920155078E-4
45.0	29.80132874590536	20.17983889090809	20.104012396318254	29.914602215203466	2.177516648298209E-4
46.0	29.846568614186335	20.122892949507808	20.12524942016193	29.905171983373187	1.170327707415163E-4
47.0	29.835063004319608	20.17771576209597	20.065703609118973	29.921400322633936	1.1730183151433858E-4
48.0	29.81028799346015	20.16135498775708	20.063703319411594	29.96452342088614	1.3027848503725385E-4
49.0	29.821776187196708	20.169102830004658	20.09292956636319	29.916073582509622	1.17833925820359E-4
50.0	29.826317444262013	20.18921630468895	20.06257295734633	29.921797529517036	9.576418567251908E-5
51.0	29.846771486790075	20.163899904953492	20.06933980589763	29.919889600576344	9.920178245762719E-5
52.0	29.80543371909743	20.16613524946542	20.125406076827844	29.902858156658752	1.6679795055358156E-4
53.0	29.828565332310603	20.174723143828846	20.038930220047526	29.957596422485217	1.848813278106226E-4
54.0	29.815221429999106	20.158465719451325	20.068622779551532	29.9570356948795	6.543761185338836E-4
55.0	29.768170276498573	20.146261864011457	20.104264733556608	29.980871316251008	4.318096823569162E-4
56.0	29.80701315869706	20.146964094897147	20.071420090924207	29.9744016155311	2.010399504806176E-4
57.0	29.80710849274827	20.12472535315731	20.126750653679558	29.94126595976635	1.495406485129304E-4
58.0	29.815689843344533	20.127798652174942	20.076644043806432	29.978992033646655	8.754270274351984E-4
59.0	29.816265271010455	20.13696754424559	20.087760780198547	29.958156433866947	8.499706784634314E-4
60.0	29.843685507620265	20.108615225685902	20.073823243554724	29.973677726867898	1.982962712139727E-4
61.0	29.835623344967722	20.147014873782375	20.083351996570336	29.93365812870612	3.5165597344938244E-4
62.0	29.856933628340453	20.09575924519474	20.062898790921118	29.984296307523508	1.1202802018481327E-4
63.0	29.86880123414807	20.14342650093858	20.034709092973287	29.95293432853084	1.2884340922105522E-4
64.0	29.85598435792282	20.088442820828906	20.066172616838077	29.98926439028501	1.358141251857755E-4
65.0	29.822116582180065	20.101467963954494	20.060636102766015	30.015636518475386	1.4283262404755968E-4
66.0	29.818074802647338	20.11411629075921	20.063375362619595	30.004290311523917	1.432324499444225E-4
67.0	29.840999395151602	20.099058581707162	20.083944887611338	29.97585349781388	1.436377160173457E-4
68.0	29.792463782604067	20.182649734232058	20.034272223384907	29.990470203943197	1.4405583577393511E-4
69.0	29.813721000327515	20.143861278066957	20.05896032226684	29.98334317226033	1.1422707835875108E-4
70.0	29.820766271000203	20.09099880451996	20.02281826745794	30.06526503614928	1.516208726145109E-4
71.0	29.741270395705026	20.15935234748641	20.069841599074874	30.02940555735753	1.30100376157359E-4
72.0	29.81566619652049	20.124889790690137	20.085184189673676	29.974108999449868	1.508236658329168E-4
73.0	29.778238013045673	20.154711648355477	20.072242944746563	29.994664599733124	1.4279411916699625E-4
74.0	29.819389089753738	20.127437893790592	20.059517900030432	29.99352722288941	1.278935358275665E-4
75.0	29.789315181588012	20.139248130635806	20.099737168888296	29.971590046549178	1.0947233870905806E-4
76.0	29.78987477991052	20.135007029360665	20.058455360681666	30.016491258778423	1.7157126872337954E-4
77.0	29.80684800057272	20.14725176841172	20.071103023577905	29.974582093127633	2.15114310023432E-4
78.0	29.798252350017982	20.129374137646586	20.07803450910347	29.994193995538698	1.450076932623263E-4
79.0	29.82822519419924	20.14692553179957	20.07262360505094	29.95205423493449	1.7143401575731428E-4
80.0	29.84778524181066	20.10662475063513	20.03659291232769	30.0088424880526	1.5460717391879123E-4
81.0	29.773248939217417	20.155364857405935	20.079447372144884	29.991734962752442	2.0386847932114095E-4
82.0	29.74465797993106	20.12664109498778	20.101064521730493	30.027477336362807	1.5906698786311891E-4
83.0	29.796361438940306	20.16235899318926	20.01703478176036	30.024065908274917	1.7887783515449968E-4
84.0	29.801390789477804	20.147627155424416	20.06159614703255	29.989232840501522	1.530675637059283E-4
85.0	29.79454503146755	20.13591013388824	20.05350382082644	30.015890969120342	1.5004469743274933E-4
86.0	29.7726841696335	20.143356735753148	20.04275247256381	30.041017110128106	1.895119214333874E-4
87.0	29.795796235952494	20.118561753020334	20.066495575752157	30.01900071608542	1.4571918959658815E-4
88.0	29.80031723958479	20.152413520186755	20.047198981888897	29.99990620333348	1.640550060743149E-4
89.0	29.73935741082733	20.15482956754086	20.072167030464254	30.03331497600793	3.3101515961756763E-4
90.0	29.763276143739503	20.173431914674246	20.017135941243357	30.045947708660414	2.082916824785791E-4
91.0	29.746246930155017	20.18095107020183	20.057879779019814	30.01465373813573	2.6848248760809166E-4
92.0	29.754360551202424	20.194100873534406	20.066218800001266	29.984853190970874	4.665842910292388E-4
93.0	29.748007563310562	20.206017212254274	20.052584962688474	29.9932214653995	1.6879634718896635E-4
94.0	29.76117949635848	20.166460121813643	20.030314499266506	30.041799941611796	2.4594094957800633E-4
95.0	29.809439269983812	20.195540154551246	20.009366730941412	29.98543440605706	2.1943846647329507E-4
96.0	29.770182354099056	20.18014894645003	20.03278455347036	30.016663906019936	2.202399606137537E-4
97.0	29.75028878489196	20.215314581400033	19.978938475355417	30.055237082535395	2.2107581719616506E-4
98.0	29.74755729861476	20.214174358821463	20.02303332337468	30.01499642581578	2.3859337332244584E-4
99.0	29.73668085614896	20.214671320503438	20.01916836202024	30.029297499659148	1.819616682149191E-4
100.0	29.728069780988086	20.18602615847437	20.040614920795928	30.045095250634112	1.9388910751128637E-4
101.0	29.720817240813197	20.214848866310856	20.029662790298726	30.03447643782521	1.946647520140455E-4
102.0	29.719904100554768	20.202465494376472	20.037015852157474	30.040296915460303	3.176374509816341E-4
103.0	29.740346060414296	20.20030633905762	20.04157795702725	30.017403457584052	3.661859167803243E-4
104.0	29.69985964311122	20.236721851795707	20.013321592093472	30.04984099830389	2.5591469570804325E-4
105.0	29.747044743312983	20.183815162161824	20.050779709552017	30.018131939102805	2.2844587036972345E-4
106.0	29.75142153794865	20.18431343912973	20.037982866993442	30.025983951235126	2.98204693053704E-4
107.0	29.717975880948337	20.17660377094849	20.057906192137644	30.04700936208391	5.047938816217656E-4
108.0	29.70143839827616	20.206830223517418	20.080448538184147	30.011088175375498	1.9466464678003474E-4
109.0	29.755123676430127	20.19607341373025	20.01949677409514	30.0282202071224	0.0010859286220858836
110.0	29.68210562313657	20.220185184267102	20.06073980192199	30.036623328170585	3.4606250374860545E-4
111.0	29.75112999352392	20.18470288670805	20.00449794715988	30.059024767570914	6.444050372321608E-4
112.0	29.741442216089542	20.169560247849603	19.97997773634743	30.108815823123113	2.039765903128026E-4
113.0	29.72137370259639	20.170271429171493	20.057710192525185	30.050142275732394	5.023999745293064E-4
114.0	29.72303720529525	20.23755975145319	20.01457499977093	30.024572751419687	2.552920609452998E-4
115.0	29.771384122139494	20.17750862564121	20.07795645433059	29.97282869335792	3.221045307939089E-4
116.0	29.713702393857734	20.213704710886006	20.06991313221315	30.00243407814873	2.4568489438186157E-4
117.0	29.672452739683543	20.19820959434305	20.067406047308207	30.06160252284853	3.290958166684262E-4
118.0	29.680201368070534	20.228936539144485	20.05734343104385	30.033284743551153	2.33918189976537E-4
119.0	29.738181320064143	20.218087669520738	20.00202839263359	30.04144324289931	2.593748822174607E-4
120.0	29.675730360239662	20.229215704790544	20.06569821371997	30.029095051226445	2.606700233770099E-4
121.0	29.69422690032702	20.252656875537127	20.061386480204725	29.991461614558006	2.6812937311843793E-4
122.0	29.63787714692751	20.275615587618418	20.05243062826272	30.033803010233935	2.73626957415128E-4
123.0	29.66990976490035	20.22886426707715	20.086822193678973	30.01402945695833	3.7431738519990836E-4
124.0	29.624338311753128	20.1975692603722	20.04798717016096	30.12983501754628	2.702401674258406E-4
125.0	29.61450260965298	20.24487844214173	20.059029576512906	30.081319822614137	2.6954907824244974E-4
126.0	29.642684788525543	20.240068052758197	20.088887781638636	30.028071594707978	2.877823696454046E-4
127.0	29.77455803100374	20.171015504235474	20.060808882182794	29.993340930906264	2.766516717236903E-4
128.0	29.857321901791085	20.088827429806354	20.151555702138836	29.902052878750744	2.4208751297955387E-4
129.0	29.700516617637074	20.10115327597256	20.267769825147642	29.930282700873224	2.7758036949918714E-4
130.0	29.550886644389657	20.127147407816132	20.22428952891902	30.097362884008806	3.135348663871167E-4
131.0	29.483904605614132	20.207293457089676	20.033611536000976	30.274896662129546	2.9373916566845747E-4
132.0	29.265234219623455	20.396255809088593	19.94385551572219	30.394395927456664	2.5852810909868826E-4
133.0	29.30871422067528	20.310062076271052	20.11464628881444	30.26629769000449	2.7972423473732243E-4
134.0	29.3779959701122	20.193774861276797	20.069266898248138	30.358384053201608	5.782171612610948E-4
135.0	29.492013036295077	20.098008671176977	20.16100075257377	30.248541784633044	4.3575532113098993E-4
136.0	29.572257583201022	20.15990022490219	20.191738794805513	30.075660452781232	4.4294431003644364E-4
137.0	29.81228787221729	20.115960611645775	20.07807651006934	29.993442024779444	2.329812881526461E-4
138.0	29.886324621914014	20.120360202223033	20.194175089995994	29.798844736132747	2.9534973421680333E-4
139.0	29.255802658749534	20.6161501939892	21.288419563124663	28.839309823935654	3.1776020094791954E-4
140.0	27.436899976681982	21.470150027036787	21.26348911770731	29.829188968350905	2.719102230132245E-4
141.0	28.926915147951178	19.80692348998218	19.30546747700822	31.960417780766658	2.7610429176971304E-4
142.0	30.98249715789833	19.546008868126435	20.89185342656233	28.57939958334532	2.4096406757726058E-4
143.0	31.186102462668174	19.043249919711734	21.370118690371203	28.400402929968756	1.2599728013871274E-4
144.0	33.63417243632279	18.665138707311737	18.698075530372403	29.002369193030464	2.4413296260491E-4
145.0	27.837561525284343	20.20724440663332	19.047101955591174	32.90658405872768	0.0015080537634876263
146.0	27.953820581840805	20.40356997277898	18.94590829455969	32.69654387825845	1.5727256207154842E-4
147.0	28.595369967667533	20.279498856971205	19.528483355187387	31.594971081665697	0.0016767385081855705
148.0	31.16614422567804	19.018630250901232	19.796827383309843	30.01761354025621	7.845998546795145E-4
149.0	31.767291553946254	20.50813883546108	19.263751845411146	28.44702848283232	0.013789282349203905
150.0	22.366840951973312	27.928944825238204	22.425824847252557	27.265790922459992	0.012598453075929921
