# Position (bp)	A	C	G	T	N
0.0	22.340424950471245	29.452289951924033	28.278196705322838	19.875558272154436	0.05353012012744476
1.0	27.623787488936618	17.8930552838668	18.35651438141911	36.12600313985834	6.397059191318168E-4
2.0	30.172281207901342	20.371748488401035	18.49493333612693	30.96082518431233	2.1178325836205986E-4
3.0	35.961301281493405	18.5887682680025	19.5536970658485	25.895447478250738	7.859064048601999E-4
4.0	35.46366936800293	17.754928409584412	21.051753297640026	25.729253657365458	3.952674071727866E-4
5.0	36.84718851861988	18.054122249114776	20.064428714378924	25.03342190341754	8.386144688796964E-4
6.0	26.78269021345312	18.65101359133883	16.53623462149026	38.029885062616756	1.765111010356826E-4
7.0	27.19105641597293	23.03069512468908	18.173025121515455	31.590728982348843	0.014494355473696558
8.0	26.322768131968992	22.314083753484894	18.332227239703666	33.030906036128584	1.483871385892789E-5
9.0	34.76393819538426	18.270736537755116	19.02575567788141	27.939562178470602	7.4105086072369355E-6
10.0	29.755495973115035	23.021669908379067	22.999661204049644	24.223169742259028	3.172197222459006E-6
11.0	27.72008314485273	22.94882243941247	20.793731643570368	28.528368724914543	0.008994047249886991
12.0	29.646213146538447	20.551338941096443	19.722737702096275	30.079707042669448	3.167599394464806E-6
13.0	29.958178578595234	20.39556975014223	19.721169139798636	29.925066176794736	1.6354669170471553E-5
14.0	29.979385619766862	20.586989468529644	20.062954524677206	29.370529091530063	1.4129549622714664E-4
15.0	30.333206110047577	20.558805451324606	19.934298937699612	29.17366368394448	2.581698371854556E-5
16.0	30.333476768391808	20.490265102429326	20.081258742960145	29.094969368601543	3.001761718153638E-5
17.0	30.320665113517585	20.57800272596792	20.07690196606086	29.024425457081893	4.737371743424073E-6
18.0	30.26664572190304	20.51155156203912	20.119580135321012	29.098266632105734	0.003955948631088934
19.0	30.167809254250542	20.56560534383097	19.98363943563084	29.282880133457155	6.583283049339632E-5
20.0	30.05200426393862	20.621403234977777	19.893029419485135	29.433555173231102	7.90836737112224E-6
21.0	30.051265477470196	20.540519957413625	19.94930644328563	29.45879516286263	1.1295896792410285E-4
22.0	30.026764539512595	20.362021121338262	19.922618034858825	29.68842719110638	1.6911318393962745E-4
23.0	30.123035142490583	20.205512424950037	20.075601000795984	29.59548527243693	3.661593264632531E-4
24.0	30.116988858441644	20.240164910438615	20.098733654230614	29.544109397610796	3.179278328617775E-6
25.0	30.217751782869957	20.203652347248017	20.082301992311603	29.49396487025983	0.0023290073105942236
26.0	30.177704290227215	20.243758855440298	20.040417893003497	29.538106207215165	1.2754113827458064E-5
27.0	30.132171344866677	20.275275050719372	20.080140310607636	29.512411164920476	2.1288858353569723E-6
28.0	30.085735476886022	20.259793224102125	20.156929115229016	29.49733057968713	2.1160409570867108E-4
29.0	30.073007791232538	20.250928200967184	20.08044973318251	29.594633154271754	9.811203460205415E-4
30.0	30.0903812061868	20.23557521624501	20.115422317314728	29.558483740235005	1.3752001846000235E-4
31.0	30.145796846755097	20.168963122570364	20.089494131597203	29.595737317286634	8.58179070058387E-6
32.0	30.179142108806182	20.184503628360495	20.15866351596724	29.477457410575898	2.3333629018083848E-4
33.0	30.274066689610546	20.126398289056148	20.117375960976975	29.482104085597427	5.497475890536524E-5
34.0	30.058063373608583	20.235833124620616	20.179523370025713	29.52651584318605	6.428855903515731E-5
35.0	30.04630458102988	20.291993811945787	20.09262421810002	29.5688060552491	2.713336752029324E-4
36.0	30.131635230246367	20.184468618828667	20.135335561741798	29.54843896598542	1.2162319774849833E-4
37.0	30.116068819403356	20.237782752828494	20.052073316684424	29.594063681303506	1.142978021724605E-5
38.0	30.209773609744772	20.076032517984522	20.071097545158466	29.643059226155664	3.7100956569598414E-5
39.0	30.201133987483804	20.132489664069183	20.088064341899177	29.578280283160545	3.172338729005661E-5
40.0	30.112928954310476	20.154359131197232	20.2082439890132	29.522877835551164	0.0015900899279196882
41.0	30.156275649155805	20.133121370342593	20.095661562785292	29.614901295556095	4.0122160216019034E-5
42.0	30.06427486168109	20.232488261712664	20.17434426825308	29.528705283461655	1.8732489151505898E-4
43.0	30.141662436115883	20.138657489409336	20.11184638763693	29.607803860515858	2.9826321989860202E-5
44.0	30.10115625724185	20.15384762416201	20.172860954888915	29.5697852139255	0.0023499497817282035
45.0	30.146683859197488	20.14132337149162	20.166409394967218	29.545580044193205	3.330150468020179E-6
46.0	30.13323705160137	20.103974478404947	20.23364881290194	29.52910850035592	3.115673582340006E-5
47.0	30.101504004314727	20.17685511222778	20.122281837506087	29.599335621551422	2.3424399982739565E-5
48.0	30.12544854349464	20.147400378053597	20.128099948404337	29.59849202142491	5.591086225161474E-4
49.0	30.191432729990154	20.15332532858242	20.14246646724772	29.50771006056717	0.005065413612543027
50.0	30.157322796426385	20.137473452735996	20.133392996498852	29.571807383453812	3.3708849542696195E-6
51.0	30.17432774802537	20.07435706569087	20.163505207335326	29.5867280402806	0.001081938667831278
52.0	30.107380475428148	20.1138864788032	20.216400084524462	29.562258434637624	7.45266065716105E-5
53.0	30.19497721136839	20.0832215394001	20.15055288012511	29.57113290611006	1.1546299634252282E-4
54.0	30.13517999651582	20.100321058208472	20.178901794155355	29.585329329306425	2.678218139255972E-4
55.0	30.125806826219055	20.1421530994848	20.13235998167331	29.59928179023087	3.983023919612017E-4
56.0	30.128430311080407	20.139320040838086	20.152200311152736	29.58004648466111	2.8522676634604364E-6
57.0	30.126815526404542	20.137807370091096	20.21070850511812	29.52220836522167	0.002460233164566409
58.0	30.153766447498104	20.173713964595187	20.13513265157646	29.53737604121793	1.089511232359057E-5
59.0	30.2000126094941	20.155907207047996	20.128491963724258	29.515581320502882	6.899230766816038E-6
60.0	30.209876399903074	20.155785889489504	20.109761394572512	29.523616679898502	9.596361364087783E-4
61.0	30.1898234807224	20.19503077462273	20.103500094515752	29.511509282114922	1.3636802419917618E-4
62.0	30.168145002237324	20.14382011105439	20.130063895385845	29.557920016630725	5.097469171433263E-5
63.0	30.242205631787506	20.136152781589388	20.089247379883005	29.53190467120671	4.895355333896421E-4
64.0	30.196697102976128	20.09179951453802	20.153836802566833	29.557590899131476	7.5680787543124E-5
65.0	30.152414108870275	20.143376231997678	20.14235830715246	29.55685511535397	0.004996236625618828
66.0	30.12995867073252	20.157579261869195	20.12399488330669	29.57328837922743	0.015178804864162659
67.0	30.141961459296386	20.151209561027756	20.137564339875436	29.56825142727441	0.0010132125260149795
68.0	30.164949166942602	20.16777278128471	20.124753923357016	29.542356497268003	1.6763114766941886E-4
69.0	30.157528795396825	20.156135914618584	20.147306650873333	29.53900564163005	2.2997481203819545E-5
70.0	30.191689354674516	20.091779357109285	20.124048072884626	29.592377396881016	1.0581845055942668E-4
71.0	30.08168963075933	20.15360202033347	20.20616330145662	29.550533383520634	0.00801166392995079
72.0	30.17917033671323	20.09686706329743	20.156876369342434	29.563388724163385	0.003697506483517004
73.0	30.137207475167155	20.139190291403317	20.166164719878704	29.5560503287336	0.001387184817219273
74.0	30.18441972669047	20.12283159151345	20.11639260845844	29.576346515518843	9.557818803241494E-6
75.0	30.122827069865497	20.14620633291434	20.160229685894084	29.56853026377878	0.002206647547299571
76.0	30.109906928446073	20.158785519168624	20.14053867937895	29.590767071442446	1.8015639088042105E-6
77.0	30.15349650716833	20.143135021153142	20.146428157152183	29.55678676731849	1.5354720785421786E-4
78.0	30.14261567925891	20.143662478389352	20.1567563734939	29.556961242293895	4.22656394594715E-6
79.0	30.22875542067717	20.103463172228796	20.163489302361327	29.503949420028235	3.4268470446740916E-4
80.0	30.254714664130788	20.092743801897996	20.138748508039587	29.51324044237823	5.525835533961912E-4
81.0	30.166080843221387	20.129084858393167	20.1966305496626	29.496686839666868	0.0115169090559732
82.0	30.144373701272	20.11474617513004	20.219396382882252	29.518452666816547	0.0030310738991631446
83.0	30.200245929742003	20.165952848041513	20.081813638393278	29.5494197425971	0.0025678412261084817
84.0	30.21156858155139	20.156821095619666	20.12219617928764	29.50939633237035	1.7811170952687474E-5
85.0	30.21997061168834	20.141938084253812	20.13890537712954	29.499018401270742	1.675256575552972E-4
86.0	30.14869908658279	20.14111202853661	20.16421309131335	29.545654619495167	3.211740720791576E-4
87.0	30.172869021949467	20.130542509889114	20.17915335032397	29.51741405567977	2.1062157673344222E-5
88.0	30.161616553347947	20.15901287810567	20.15172194127695	29.524935417117664	0.0027132101517699674
89.0	30.130295606723234	20.192848573408185	20.14020026424427	29.53660819264925	4.7362975064895536E-5
90.0	30.21881233066848	20.16078401319763	20.11114561894458	29.509217403783015	4.063340628988501E-5
91.0	30.16322197908895	20.140746859390983	20.19323781446648	29.502761370958165	3.197609542344015E-5
92.0	30.166032218099335	20.156484910408345	20.197951223171955	29.4795083798433	2.326847706528408E-5
93.0	30.18321777753443	20.167683512910585	20.189028342518597	29.459970070685905	1.0029635048389363E-4
94.0	30.207570607176514	20.142980557162467	20.176313891128586	29.473120390425684	1.4554106749070246E-5
95.0	30.218378318957097	20.19059862034193	20.156167623381204	29.434849090358234	6.34696153972971E-6
96.0	30.165615484386997	20.16214262665343	20.18584423765756	29.486393194675898	4.456626115528533E-6
97.0	30.166393401282026	20.166526181185656	20.138075260709574	29.52871519974603	2.899570767087003E-4
98.0	30.101072387771637	20.206648947582607	20.151999915883163	29.540083321928627	1.9542683395861482E-4
99.0	30.136167833550058	20.186614357409237	20.17740502938321	29.499801852900344	1.0926757149814274E-5
100.0	30.124772441018834	20.19243921380811	20.173987910482175	29.5087959208472	4.513843687759738E-6
101.0	30.205681306380544	20.192601389604167	20.13838089000753	29.462435229724814	9.011842829475916E-4
102.0	30.16424003573219	20.1580550347403	20.163865948426828	29.51371889407745	1.2008702323593672E-4
103.0	30.156233262202488	20.166664670383845	20.160458282446847	29.516504403392833	1.3938157398648478E-4
104.0	30.159476053234734	20.186838061839808	20.18117776789991	29.472502235182173	5.881843373634527E-6
105.0	30.218231923243316	20.180639314170193	20.184289343076962	29.416826959834857	1.245967467277927E-5
106.0	30.211008592990034	20.15085008854093	20.167512033336155	29.470519389999357	1.0989513352301496E-4
107.0	30.17927827016979	20.162748510609593	20.19226638651386	29.46552918921894	1.7764348781261664E-4
108.0	30.159158583993285	20.175925880085213	20.169750970198834	29.495129439585078	3.512613759558924E-5
109.0	30.21560669924671	20.171396219717607	20.168869199609986	29.444115908179597	1.197324610087416E-5
110.0	30.13252149296101	20.16698482059681	20.202966993381423	29.497323690675515	2.0300238524463806E-4
111.0	30.168916916344685	20.184908081737653	20.168626233703453	29.477439494066328	1.0927414788053003E-4
112.0	30.1204962203584	20.190481932396693	20.163435468192834	29.52557224854459	1.4130507483045745E-5
113.0	30.158066387104455	20.172881750491335	20.154308003014272	29.51473305205996	1.0807329974289092E-5
114.0	30.185626399029758	20.20960748526175	20.163036752929557	29.441728006731637	1.356047297329595E-6
115.0	30.23238139365814	20.17607504328254	20.147649124373554	29.43684155488626	0.007052883799502772
116.0	30.13783415369322	20.208448109834297	20.195567952161657	29.458147734527095	2.049783725952552E-6
117.0	30.151652418162854	20.203033503912522	20.216267072780603	29.427636448993223	0.0014105561507997315
118.0	30.180321833514785	20.204615555747015	20.198481581213652	29.416064984716566	5.160448079846532E-4
119.0	30.17553889794742	20.219660771711077	20.146001618219486	29.4587973283188	1.383803219861008E-6
120.0	30.160716021288202	20.225316619065033	20.17293738036788	29.441008436619615	2.1542659267277453E-5
121.0	30.146821240193344	20.248348541720823	20.193213441740966	29.41161538039586	1.395949007629971E-6
122.0	30.136465445681537	20.226559736333076	20.17756362960943	29.45940838379057	2.8045853877301084E-6
123.0	30.148685618239092	20.214369340439344	20.19383708196858	29.44307838512699	2.9574225994447604E-5
124.0	30.080175395503737	20.247658790810128	20.174457552303966	29.497708261382165	0.0
125.0	30.106286881749188	20.273571007776766	20.18805160199691	29.431873084452597	2.1742402453191006E-4
126.0	30.1255449272187	20.224968493712975	20.22285218141763	29.42661940859228	1.4989058415615413E-5
127.0	30.176284991511448	20.197803663811808	20.228634996639723	29.39233383851026	0.004942509526757044
128.0	30.13836083985013	20.241689606761554	20.211662959923252	29.40828659346506	0.0
129.0	30.16788358612793	20.220807561742905	20.201797114478026	29.408210237585035	0.001301500066099835
130.0	30.141822300069993	20.21151051910594	20.214854385776956	29.431806245580294	6.549466820277376E-6
131.0	30.19148133886121	20.227469454737147	20.177562815485135	29.40348346542804	2.9254884741129706E-6
132.0	30.194589169824642	20.24365307772597	20.204237915161695	29.357501457464814	1.837982287746993E-5
133.0	30.166328168049656	20.291766921989094	20.206473059355492	29.33543037264486	1.4779609019779603E-6
134.0	30.098115843815798	20.259504551049126	20.214819225924273	29.427540322960745	2.0056250056036792E-5
135.0	30.066075605037135	20.259205524532923	20.232922602519714	29.441794027188234	2.240721988110759E-6
136.0	30.095126621947166	20.21640444185632	20.259977252812874	29.42773077977387	7.609036097672862E-4
137.0	30.12190421332947	20.278208358430515	20.239881620755632	29.36000354106057	2.2664238158292526E-6
138.0	30.15415800647513	20.278100316155903	20.20427884206368	29.363457517138436	5.3181668534128296E-6
139.0	30.109706190820297	20.30626417958359	20.21484095282461	29.368384714232736	8.039625387694121E-4
140.0	30.09153541213574	20.280766106660128	20.18019248224322	29.434622489615343	0.012883509345567768
141.0	30.10085080557457	20.288447647566485	20.237949397000286	29.372752149858663	0.0
142.0	30.071987433734616	20.241916480546024	20.26550941904106	29.420557072314303	2.9594363993247593E-5
143.0	30.104700366965954	20.275710119542595	20.196294291851935	29.42319721225558	9.800938393590756E-5
144.0	30.229452502173267	20.222560156322775	20.2124771068892	29.332480111761033	0.0030301228537270926
145.0	30.200654017369644	20.21532325031995	20.325843159962226	29.25817718918666	2.383161514934785E-6
146.0	30.336619517373776	20.14784451243916	20.267707788027604	29.24782577864481	2.4035146498584294E-6
147.0	30.275708376349414	20.155871182557377	20.27114905677612	29.295123474826745	0.0021479094903413863
148.0	30.19676935533105	20.305824079666163	20.261593559993322	29.23575027477269	6.27302367716941E-5
149.0	30.194226783457907	20.24217334945169	20.374784818142288	29.188761665664238	5.338328388042795E-5
150.0	29.891050550608515	20.249538704604724	20.547880606286178	29.311530138500576	0.0
