# Position (bp)	A	C	G	T	N
0.0	26.408443058884306	27.84553368308072	31.54348437899618	14.192497678869376	0.010041200169419034
1.0	27.31549214280896	17.87528374056761	19.15874851133543	35.582171354516426	0.06830425077157495
2.0	29.98235993970612	20.23772059315576	16.853948350578687	32.925969003304154	2.1132552757977973E-6
3.0	32.715951710579795	19.61558284609637	19.52223476089343	28.146202070377413	2.861205299815626E-5
4.0	34.98794291447538	18.111183491154584	20.417285238016987	26.483585005015676	3.3513373740100846E-6
5.0	36.13228128075931	17.8002067793773	20.06771367096002	25.99928293400869	5.153348946757625E-4
6.0	29.224080768685972	16.98839681239434	17.193427938309185	36.594091570344844	2.9102656586116197E-6
7.0	27.554163932098874	21.88528510795561	17.55143075692846	33.00911688560397	3.317413081776443E-6
8.0	26.824504468593414	21.203792757180636	18.19687092837283	33.77482894751105	2.898342068011617E-6
9.0	33.31884170481732	18.465392148383494	18.815281606046028	29.400482060088667	2.4806644916283094E-6
10.0	29.853326539382657	22.20693448913891	22.138273041521174	25.80146303999193	2.8899653257418846E-6
11.0	28.26713828010773	22.18995632544769	20.60698694671694	28.93591597297301	2.474754636120781E-6
12.0	29.955907519420045	20.231398627049455	19.9097950546361	29.902894678159587	4.120734810255512E-6
13.0	30.330475795533975	19.9743907468597	19.74756752133427	29.947551526615612	1.4409656446000277E-5
14.0	30.40203446069133	20.130503817799735	19.886775429610964	29.5806706604518	1.563144617187282E-5
15.0	30.756534607181784	20.147587529650522	19.68940490882249	29.406469666281605	3.28806360246101E-6
16.0	30.985320882396994	19.978882699583966	19.962844181181122	29.07294812945255	4.107385372577949E-6
17.0	30.949298033169516	20.06177071676353	20.05235653886795	28.93657389025478	8.209442245978615E-7
18.0	31.126635715724127	19.761345520815947	20.3225519758607	28.789463916170156	2.871429072346443E-6
19.0	30.754570246043084	19.972145895994057	19.9030030044323	29.37027716076716	3.6927633982482844E-6
20.0	30.369786339850585	20.365109917031717	19.796321415153848	29.468777402951012	4.9250128420735894E-6
21.0	30.126987858895106	20.479452758392515	19.72415282434939	29.66940368435359	2.874009397731541E-6
22.0	30.105354247871546	20.180996166135515	19.640548880836693	30.073097419175625	3.285980613856257E-6
23.0	30.24526368180952	19.948602576826396	19.946387716187296	29.859722191796994	2.383337978993251E-5
24.0	30.26728896599018	19.99079069868873	20.055786115870415	29.686131341364135	2.878086540180958E-6
25.0	30.356385412452564	19.939774300741277	20.025228484007	29.67860810027822	3.7025209387226776E-6
26.0	30.36646739613134	19.948414787089778	19.967303972107416	29.71769405578049	1.197888909741944E-4
27.0	30.31070903055575	19.995292228126125	20.010234580390215	29.683762101390993	2.059536920290661E-6
28.0	30.312625716896097	19.962933497887583	20.09011248615982	29.634323764958058	4.534098446233298E-6
29.0	30.263260957060094	19.95840507532952	20.017989143736376	29.760077545659392	2.6727821462046314E-4
30.0	30.279297571375285	19.96695037700615	20.05121043578905	29.70238293320801	1.5868262150451267E-4
31.0	30.26290720378143	19.89073084704792	20.01300441001375	29.831396896426753	0.00196064273014996
32.0	30.356219238884425	19.892107747632757	20.093042653610762	29.658572293032613	5.806683944482395E-5
33.0	30.454494563808577	19.84519646021441	20.045219985696562	29.655084003955285	4.986325169433667E-6
34.0	30.25369767663042	19.93564459560431	20.091973353055923	29.71860319956534	8.117514400272811E-5
35.0	30.220378611812027	19.994660688751544	20.033552148458547	29.751406048175728	2.5028021477129216E-6
36.0	30.320786802535203	19.85451050634013	20.112882605916795	29.7118150695481	5.015659767534703E-6
37.0	30.292508595061886	19.93907599144063	20.007465151384764	29.760942304332882	7.957779839903792E-6
38.0	30.388728140310157	19.775186614230353	19.99414643822513	29.84191446530806	2.4341926304717388E-5
39.0	30.372640102806898	19.84184877136496	19.994468636944383	29.791015994861674	2.6494022086510217E-5
40.0	30.29309536149329	19.87238873270199	20.103557265890384	29.730958218496905	4.2141743357651077E-7
41.0	30.342122174475016	19.819665856276238	20.01644356897028	29.821766711047136	1.689231327235853E-6
42.0	30.25734049722607	19.941329793325572	20.10610027422728	29.695227742441787	1.6927792895495885E-6
43.0	30.301034134309702	19.84569803032184	20.035819539698434	29.817350754833544	9.754083647840684E-5
44.0	30.27766801000546	19.852537367608623	20.093294689429534	29.77649823290592	1.7000504655730578E-6
45.0	30.32110662947643	19.8431096341615	20.0948952831496	29.740387977622223	5.004755902401467E-4
46.0	30.318828398545573	19.78948764196778	20.153308456727803	29.738373795223023	1.7075358178796255E-6
47.0	30.252412307772637	19.86960343811928	20.065956147765068	29.811951951722488	7.61546205252267E-5
48.0	30.31611409526715	19.826419871361807	20.06804110175326	29.789423216407595	1.7152101880740834E-6
49.0	30.403368524669116	19.82181185779666	20.063986617151148	29.71079518018541	3.782019766597378E-5
50.0	30.353768146955613	19.825835764678352	20.027771412088118	29.79262295326649	1.7230114306172092E-6
51.0	30.363550146722222	19.780818164524558	20.06183204215072	29.79379748784338	2.1587591176270714E-6
52.0	30.290953927837343	19.79513428842558	20.143871429872178	29.770032131453338	8.222411558875755E-6
53.0	30.358710099485187	19.785135354748288	20.060693801634784	29.79507206115205	3.886829796942164E-4
54.0	30.345479521872125	19.76952068561906	20.09374262236649	29.791255865713236	1.3044290863476052E-6
55.0	30.298787734365067	19.830903300651165	20.05039482625966	29.819685216019092	2.2892270501172844E-4
56.0	30.304450657785914	19.83533947237392	20.042602910305625	29.817606085372272	8.741622733565484E-7
57.0	30.305492826619673	19.83382992205338	20.09038890621889	29.770287468798223	8.763098389378445E-7
58.0	30.333619566244895	19.863159446744376	20.0368813535924	29.766333483099455	6.150318871628762E-6
59.0	30.37465420165913	19.83273452701435	20.040621754528143	29.751916415378332	7.310142004704808E-5
60.0	30.40289219260424	19.838327308976925	20.03377337471942	29.725007123699417	0.0
61.0	30.35148681944066	19.88300937076162	20.017337731282513	29.74816475080126	1.3277139463316337E-6
62.0	30.352293055679503	19.845684458553816	20.001308753026407	29.80071284532976	8.874105142447646E-7
63.0	30.41814763784784	19.813685413724684	19.99217265264534	29.775252291224884	7.42004557251419E-4
64.0	30.370243064463782	19.77880720138641	20.035364926729667	29.815383665078826	2.0114234132138255E-4
65.0	30.339279764132055	19.84365810051635	20.009997241878047	29.80706399916987	8.943036710602286E-7
66.0	30.301421574842593	19.838596446018734	20.034025457050053	29.825956522088624	0.0
67.0	30.319236586220583	19.837730719879122	20.041433482322837	29.80159876209002	4.4948743778801694E-7
68.0	30.33213440319285	19.85319933553452	20.00576020791479	29.808894335725245	1.1717632599795111E-5
69.0	30.338016617754214	19.830519124683587	20.055883269152943	29.775580988409256	0.0
70.0	30.3757051879371	19.796842709176822	19.99644074182915	29.831001845535397	9.515521526137405E-6
71.0	30.246438513802833	19.861313961773405	20.069306079691344	29.822938264216383	3.180516035182705E-6
72.0	30.361614476735728	19.796527753033626	20.039750622709633	29.798009060626807	0.004098086894205112
73.0	30.315248265358434	19.842097105162946	20.042334286726874	29.800313945456097	6.397295647449569E-6
74.0	30.379645981033388	19.82034688918751	19.965374056840048	29.834392022430677	2.4105050838079227E-4
75.0	30.312358216689727	19.83349804060311	20.03726454390639	29.816879198800773	0.0
76.0	30.287687817651328	19.8712656713827	20.015115226754098	29.82593128421187	0.0
77.0	30.32242382058118	19.843579844174826	20.03335319996738	29.80064221067373	9.246028876827547E-7
78.0	30.30962644460306	19.83996112194097	20.042041728347584	29.808370705108388	0.0
79.0	30.365542180288465	19.80989499972283	20.028081948084026	29.796124614145757	3.562577589254068E-4
80.0	30.438557112759945	19.7799869524664	20.015611453307365	29.765844014959804	4.665064966371156E-7
81.0	30.33028714781435	19.819144488098324	20.08217810006161	29.76837107975881	1.9184266909713547E-5
82.0	30.28290287302135	19.793076228423935	20.13699885360846	29.787009841202348	1.2203743907738495E-5
83.0	30.362486276806905	19.839243920176646	19.963570830565796	29.834698972450653	0.0
84.0	30.35653323094557	19.837428650929702	20.0156037587971	29.790431525543713	2.833783908910661E-6
85.0	30.381946220298637	19.821549357526926	19.995522016594606	29.80014665684659	8.357487332425213E-4
86.0	30.313788012289177	19.823735983511444	20.026432544098505	29.835447894875372	5.955652255025973E-4
87.0	30.351863439764898	19.79305327646436	20.056047780864564	29.79903454917575	9.537304309834856E-7
88.0	30.34715344530035	19.82202655928025	20.017932491535785	29.81286549601284	2.2007870770510054E-5
89.0	30.300539518617725	19.861025575062325	20.011941068673806	29.82649287766056	9.599855833205037E-7
90.0	30.394211000394993	19.84147974253445	19.968159188319135	29.79396400560091	0.0021860631505145273
91.0	30.33765667992928	19.82217752041571	20.043359354097298	29.796806445557706	0.0
92.0	30.34175384097249	19.83091149317006	20.044645872881322	29.778306678850598	0.0043821141255264325
93.0	30.315194249859506	19.865074205421102	20.04066664727268	29.779064897446712	0.0
94.0	30.33771828542108	19.82829946692197	20.022029563153318	29.811217926341595	7.347581620402941E-4
95.0	30.37322370665597	19.880712811046905	19.995958744666005	29.750104737631116	0.0
96.0	30.346624235594117	19.841558937820157	20.04540722549862	29.766395836256827	1.3764830283452513E-5
97.0	30.36175427532469	19.81308718557761	19.990380272475278	29.834778266622425	0.0
98.0	30.279700510223428	19.87578608738825	20.00881877438444	29.83569462800388	0.0
99.0	30.267047384631336	19.871259894230136	20.038861069448227	29.82170075902276	0.0011308926675433636
100.0	30.26840502424186	19.876572369701982	20.039976532152785	29.815046073903375	0.0
101.0	30.368678860531755	19.892558285373376	19.98299285291243	29.755770001182434	0.0
102.0	30.34594653247844	19.82287455208519	20.004844643262036	29.826332262199116	2.0099752155483605E-6
103.0	30.310007634930976	19.831289836050846	20.00837257817522	29.849279267640615	0.001050683202338745
104.0	30.308589503317602	19.87793881697697	20.003864468124785	29.808467266914295	0.0011399446663465267
105.0	30.357136048282225	19.849250939557038	20.03687408742475	29.756738416341054	5.083949271581407E-7
106.0	30.369085283352682	19.83084673384624	20.0253756795926	29.77469230320848	0.0
107.0	30.31766815784313	19.8451020157527	20.027773762847687	29.809456063556482	0.0
108.0	30.31864278490571	19.84169655343728	20.01744911937289	29.822006800792167	2.0474149195186917E-4
109.0	30.339439534947143	19.856403918800872	20.01402619228058	29.790114858270115	1.5495701285853952E-5
110.0	30.274883860266854	19.86259274119167	20.03108241506748	29.83143890889957	2.0745744260810435E-6
111.0	30.335942492262358	19.846578330232028	20.015854937013028	29.801623198912175	1.0415804107888983E-6
112.0	30.265278623346436	19.874783634158486	19.990710301818694	29.868528699725466	6.98740950918966E-4
113.0	30.28204055543705	19.845137491544158	19.998598275059027	29.874223677959762	0.0
114.0	30.35402992960957	19.873724712345663	19.98977629631722	29.782408936565307	6.0125162233773823E-5
115.0	30.396312903387297	19.836087346171254	19.972844195350618	29.794755555090834	0.0
116.0	30.298249922773458	19.87250285890484	20.022753134607516	29.80649408371418	0.0
117.0	30.30572182387563	19.862899409022365	20.06881588660232	29.762562880499683	0.0
118.0	30.34262375583618	19.83968513323463	20.03668835650846	29.781002754420726	0.0
119.0	30.326480197126443	19.871476580434443	19.96325445026311	29.838771517351965	1.7254824034954002E-5
120.0	30.31438478025145	19.885954611824268	19.983468947735492	29.816191660188785	0.0
121.0	30.29934452530404	19.905234713984477	20.01269176771661	29.782728992994876	0.0
122.0	30.2931556506786	19.90494022142589	19.97513231784175	29.82676743671442	4.373339340552252E-6
123.0	30.295617182443113	19.886529908553275	20.015570983468844	29.802281925534768	0.0
124.0	30.228340552173847	19.915513730246744	20.00184037235565	29.854305345223757	0.0
125.0	30.27763794851538	19.898756009715772	19.99981797731467	29.82378750984514	5.546090351269175E-7
126.0	30.286361621211206	19.86242049317529	20.046632442048427	29.802418585202705	0.0021668583623693934
127.0	30.32728184409211	19.839554065675813	20.04480491858315	29.78835917164893	0.0
128.0	30.28526439590885	19.918088126666937	20.023600569030144	29.77304690839407	0.0
129.0	30.31757542707192	19.871745653876996	20.017444078875425	29.7932342738683	5.663073601257347E-7
130.0	30.275237449318144	19.860150087549037	20.033591828694064	29.830149477055613	8.711573831447991E-4
131.0	30.299215240706918	19.88563607932682	19.987568691053465	29.827572547071934	7.4418408687124175E-6
132.0	30.33069353107306	19.912343055671734	20.033646933608303	29.720531093622792	0.002785386024110633
133.0	30.327498788951164	19.972592811031667	20.00187605358008	29.698032346437092	0.0
134.0	30.28462176799995	19.92489423727167	20.014490862222015	29.775973928366206	1.9204140161219105E-5
135.0	30.232529707674978	19.903278269597045	20.05329913492786	29.810892887800115	0.0
136.0	30.266831537370138	19.86553064389362	20.038961364960446	29.82866291379106	1.3539984740554935E-5
137.0	30.28722192141385	19.910469021089696	20.0619743485681	29.74033056361374	4.145314619875034E-6
138.0	30.30572211471348	19.93126088420622	20.01354515406953	29.749346727923466	1.2511908730463748E-4
139.0	30.27734142593317	19.949255094710477	20.008914883724895	29.764487396524075	1.199107379670144E-6
140.0	30.256837129627286	19.937056731480247	19.968245815912493	29.837855496162508	4.826817469637719E-6
141.0	30.284187286823876	19.921622456472257	20.018796604237952	29.775393652465915	0.0
142.0	30.23916210692818	19.892869066337447	20.0562860450541	29.811682781680272	0.0
143.0	30.203934696604623	19.978543804388153	19.997121581116822	29.820399917890406	0.0
144.0	30.4561578426581	19.86447406160169	20.004031330828482	29.67533676491173	0.0
145.0	30.39509098215526	19.83498351770154	20.18086470465159	29.589060795491612	0.0
146.0	30.630715180850355	19.731925791914872	20.0825778353692	29.554781191865576	0.0
147.0	30.514642511441643	19.723187667690027	20.079538652327507	29.682631168540823	0.0
148.0	30.42540931709194	19.944578178887195	20.045636716094357	29.584111747236776	2.64040689731565E-4
149.0	30.384117137086193	19.851467374358688	20.260052798577412	29.504362689977707	0.0
150.0	30.20253208307785	19.738490554123732	20.472900330177783	29.586077032620633	0.0
