# Position (bp)	A	C	G	T	N
0.0	22.51295906291018	28.434903461768496	29.226112926606262	19.77179109244634	0.054233456268725624
1.0	27.69083379934506	17.87116823135876	18.692096662012915	35.74526541609046	6.358911928101254E-4
2.0	30.32178410516359	20.040832492458023	18.556503852065912	31.080658713946534	2.2083636593798667E-4
3.0	35.768058094304024	18.54557277221103	19.645536966531953	26.039980393916434	8.517730365566791E-4
4.0	35.57848799958863	17.711054254738542	20.831315594404572	25.878777007147573	3.651441206790886E-4
5.0	36.752145168833316	18.06960515511611	19.992599410091184	25.184763937849276	8.863281101128478E-4
6.0	26.78083900904146	18.449542067989167	16.470846294187485	38.298593650939004	1.7897784288206214E-4
7.0	27.144981693120464	23.07726118541901	18.085096897654225	31.678212190235516	0.014448033570785673
8.0	26.60244462783347	22.24454455903178	18.439115866106768	32.71387954203152	1.5404996462515878E-5
9.0	34.91909308797635	18.2267260602257	19.05260428028659	27.80157061532592	5.956185436283808E-6
10.0	29.805824714218204	23.004159895401298	22.928272410676833	24.261740005084814	2.9746188563845784E-6
11.0	27.71025880367441	22.94449901835088	20.68635107301944	28.649918674186743	0.00897243076852652
12.0	29.721129340676345	20.454581582474614	19.614550590503566	30.20973502094461	3.4654008659630815E-6
13.0	30.0534716325769	20.281151837612533	19.644447934734124	30.02090880636085	1.9788715586848485E-5
14.0	30.075938016267894	20.470200208090088	19.995929048328502	29.457818521946127	1.1420536738430468E-4
15.0	30.428038026759417	20.431087411450367	19.861160431513504	29.279688438349766	2.5691926947831835E-5
16.0	30.480957289563865	20.352881543178164	20.020449250102228	29.14568426207912	2.7655076619945376E-5
17.0	30.471943623828544	20.43391632149365	20.050030577565476	29.04410355381038	5.923301947039698E-6
18.0	30.449652022047147	20.3444919049826	20.11636069311475	29.085408251817768	0.004087128037737316
19.0	30.32645463003181	20.435906932684812	19.915021905115093	29.322541456547746	7.507562053618326E-5
20.0	30.156540901818314	20.543080466841616	19.834546472090945	29.465825236437027	6.92281209888794E-6
21.0	30.1059933610207	20.482013813158275	19.864721567834025	29.54716975938037	1.0149860662712823E-4
22.0	30.08151073710863	20.277420243959074	19.846995856870056	29.793902623921152	1.7053814108577777E-4
23.0	30.2153737653101	20.101896597027235	20.011839000553135	29.670495497422984	3.951396865454162E-4
24.0	30.213206280156424	20.149995219358274	20.048872913997606	29.587924095022935	1.4914647647614046E-6
25.0	30.31157802455249	20.122898433544933	20.029488426141036	29.533752657384778	0.0022824583767648964
26.0	30.243971122285235	20.16503332336897	19.997503248890773	29.593481832924105	1.0472530917940824E-5
27.0	30.1925717604407	20.194992664512814	20.03334432233711	29.57908625785901	4.994850359228139E-6
28.0	30.152363977050523	20.18925037374329	20.113652017912102	29.544555537402097	1.7809389199032678E-4
29.0	30.151343983513566	20.17592364659348	20.03682532759544	29.63492399406245	9.830482350654118E-4
30.0	30.18613124559961	20.148044177552844	20.06662857047268	29.59906790832027	1.280980545899153E-4
31.0	30.236819444527402	20.080911090958303	20.05154691976759	29.6307170050022	5.539744509199133E-6
32.0	30.263734180236256	20.104525766497833	20.10262887267888	29.52887236483607	2.388157509620867E-4
33.0	30.34553527962768	20.054668387210693	20.068207027908183	29.531544756929286	4.4548324161651793E-5
34.0	30.145928608415833	20.150545615912772	20.111250833674283	29.592219622966496	5.5319030609811164E-5
35.0	30.146993126450905	20.190319337216152	20.040785811977088	29.621663062637243	2.3866171861046525E-4
36.0	30.210316427966315	20.10140885247525	20.08263270481314	29.605519041361962	1.2297338333475323E-4
37.0	30.211702726114297	20.144184755394186	20.006452208331226	29.637652124675572	8.185484720871902E-6
38.0	30.272389576277746	20.010887809048963	20.030882936499744	29.685799669453083	4.000872046485086E-5
39.0	30.281924342323336	20.063856147120525	20.030690053775174	29.623505799041638	2.3657739329585543E-5
40.0	30.19247350702275	20.087430423017235	20.148024239114704	29.570524304849748	0.0015475259955618646
41.0	30.23667109975304	20.059397260145925	20.043503002214543	29.660409508733732	1.9129152765222692E-5
42.0	30.154789491783724	20.1529103313382	20.114746040319385	29.577349384165448	2.047523932418689E-4
43.0	30.22074838936607	20.062407336399605	20.067752167594655	29.649064558642653	2.7547997018142432E-5
44.0	30.187109504923278	20.083113059504896	20.1164604544925	29.611197882727847	0.0021190983514822
45.0	30.22309744453886	20.07054411654848	20.11386655529935	29.592488226035744	3.6575775672533022E-6
46.0	30.217336054026656	20.026322827845046	20.173066191227957	29.583240350606342	3.457629399933604E-5
47.0	30.185068163469204	20.103244581711923	20.079486950728548	29.632178768320472	2.153576985006403E-5
48.0	30.202656206971533	20.07938919644941	20.078904129432395	29.63849851249538	5.51954651279449E-4
49.0	30.266850782026644	20.081539155912417	20.08588825448517	29.560620752183254	0.0051010553925189255
50.0	30.25030981978487	20.063057796724017	20.075958858283318	29.610668760175002	4.765032791632052E-6
51.0	30.257442806122054	20.005791091599743	20.103699846263517	29.6319667959011	0.0010994601135885106
52.0	30.19123000031661	20.042509643852263	20.165103828134484	29.601090522404423	6.600529221916202E-5
53.0	30.274807441674344	20.016647022767756	20.100728108696174	29.60771655069457	1.0087616715526759E-4
54.0	30.216681622087453	20.026983446848597	20.122947367159092	29.633114073984	2.734899208527662E-4
55.0	30.1993127881987	20.072616416418583	20.084266157694852	29.643443351301112	3.612863867531045E-4
56.0	30.200381630591437	20.069914647694745	20.103200979798373	29.626498435374437	4.306541010269518E-6
57.0	30.20983931098471	20.074443892008613	20.148888323798193	29.564397299734917	0.0024311734735655496
58.0	30.24509398186653	20.098177612452556	20.066458255079556	29.590254992266352	1.5158335007833097E-5
59.0	30.290019924737916	20.080204628927646	20.06773697491334	29.562031956360645	6.515060449906946E-6
60.0	30.284508916819114	20.078296265442148	20.063566638691608	29.572727753920713	9.004251264143255E-4
61.0	30.27145590335812	20.128130623911556	20.047428345235122	29.552872122795947	1.1300469925401559E-4
62.0	30.253636764056598	20.065750648659034	20.082563163002686	29.59800453836073	4.4885920953944495E-5
63.0	30.321112457930127	20.07187360796823	20.044510985543194	29.56199906925039	5.038793080617369E-4
64.0	30.271255134843084	20.022067442683273	20.103978243598313	29.602634782293485	6.43965818470483E-5
65.0	30.244637061872524	20.076157144962885	20.080261544527616	29.594006936357992	0.004937312278985246
66.0	30.212348355123776	20.083151196649773	20.072890837830588	29.615764618423533	0.015844991972332013
67.0	30.228994445506164	20.082857271937606	20.07837331571117	29.608720310144115	0.0010546567009453594
68.0	30.239604429110774	20.096990832141294	20.07002271091087	29.593229511475176	1.525163618885079E-4
69.0	30.245203950996384	20.077118893234637	20.089610451706342	29.58803432949758	3.237456505469577E-5
70.0	30.27357324775948	20.023487850344406	20.070001448715395	29.63284286101538	9.45921653473737E-5
71.0	30.175635995452282	20.078268625026745	20.13016264242197	29.607664813902623	0.008267923196382702
72.0	30.258180657809998	20.03836207463131	20.097896303561967	29.601952521852116	0.0036084421446114434
73.0	30.217391886148214	20.074607961134337	20.110728731546203	29.5958519755087	0.0014194456625416204
74.0	30.256922642668645	20.059887479411483	20.062333911480547	29.620842378295453	1.3588143868889359E-5
75.0	30.216902876541408	20.075808868304478	20.103245110968317	29.60180974374294	0.002233400442861786
76.0	30.199925668697414	20.088854853009288	20.084314428300594	29.62690448051764	5.694750669379502E-7
77.0	30.24431052626045	20.07667313239346	20.092616262921865	29.58625385833269	1.4622009154417265E-4
78.0	30.228326429913487	20.073307316208066	20.103036175797566	29.595326067789944	4.010290933602432E-6
79.0	30.30370663748717	20.040090486310046	20.100389984101543	29.555489377828327	3.2351427291244585E-4
80.0	30.336059740100303	20.023050716511055	20.071279617076137	29.569070910988245	5.390153242690826E-4
81.0	30.2453535985441	20.06530393568933	20.122023468479373	29.555496187722163	0.011822809565040362
82.0	30.229882584716105	20.04955082525556	20.14578264906535	29.571642548543224	0.0031413924197539692
83.0	30.266765373979	20.10336348012278	20.03174906374606	29.595611745737234	0.0025103364149313065
84.0	30.28669862977274	20.09367863870944	20.06445353733385	29.555152265294147	1.6928889818875183E-5
85.0	30.29698682813942	20.087922099371948	20.078160173142177	29.53675288809495	1.7801125150564433E-4
86.0	30.226395957680175	20.080343398551744	20.10949228090909	29.58344412089822	3.2424196077008265E-4
87.0	30.258226572826395	20.066971412630625	20.117111985508107	29.55766940257243	2.0626462438286654E-5
88.0	30.249009522452702	20.100641633441054	20.0804446986641	29.567182643955665	0.0027215014864849394
89.0	30.221699459093333	20.125795401556847	20.076800793585818	29.575665785549955	3.85602140492906E-5
90.0	30.287172855696465	20.106437546180885	20.053605988632114	29.552755037090844	2.8572399692870513E-5
91.0	30.249829911205655	20.08538937331234	20.11886636200035	29.54588986802896	2.4485452693887415E-5
92.0	30.250444536886857	20.09224877422195	20.118098401249103	29.53918551791963	2.27697224624894E-5
93.0	30.258638913900004	20.103719236932065	20.119038942859607	29.51848025727535	1.2264903297430074E-4
94.0	30.27844919855301	20.081695686554024	20.11023638626693	29.52960183564012	1.6892985920631384E-5
95.0	30.288598932516724	20.12993224635862	20.096580090467526	29.484880256117535	8.474539592640383E-6
96.0	30.25344430700796	20.09898828096844	20.116909884333985	29.530650239028304	7.288661302329377E-6
97.0	30.247491354801888	20.112203814060788	20.078472163965074	29.56154315911726	2.895080549917564E-4
98.0	30.19917534404363	20.146541346442206	20.084256062814422	29.569851087043013	1.761596567264849E-4
99.0	30.23147188543068	20.12658671481512	20.10829964838183	29.533627020567703	1.4730804672046563E-5
100.0	30.220493992098696	20.127755209361176	20.102540908438478	29.549203114381946	6.7757196987751566E-6
101.0	30.288360823362652	20.13691258094517	20.072235322603188	29.50157760929768	9.136637913086069E-4
102.0	30.251284039240673	20.10455228900998	20.096175924794196	29.547860550313352	1.2719664179521443E-4
103.0	30.240606248591156	20.10906615529814	20.09203686843098	29.558179872901256	1.1085477846528845E-4
104.0	30.238511793458784	20.118391954359538	20.10534014527872	29.53774985573716	6.2511658033525395E-6
105.0	30.28162019613224	20.1229108015257	20.127198899812274	29.46826131801471	8.784515073465497E-6
106.0	30.287348040543066	20.099157861611168	20.101807079952245	29.511593797657078	9.32202364429259E-5
107.0	30.253765994236808	20.109040314744668	20.129188562700097	29.507819858526467	1.8526979195770515E-4
108.0	30.238598799313678	20.119050521798883	20.10536715940081	29.536949239664334	3.427982229162377E-5
109.0	30.286576903768093	20.114260608115572	20.097857502378453	29.501300524215495	4.46152238731066E-6
110.0	30.21493506978142	20.10793626864657	20.13280546517316	29.544122850003134	2.003463957177744E-4
111.0	30.251541044105334	20.121250863135444	20.1054832431914	29.52161363796271	1.1121160511741809E-4
112.0	30.207248143103584	20.131583905507384	20.09068185789804	29.57047834799128	7.745499712984054E-6
113.0	30.23835216766681	20.11387746409962	20.08538395377855	29.562376691919656	9.722535368882228E-6
114.0	30.264929383436712	20.15387764209485	20.093242936752286	29.487950037716153	0.0
115.0	30.30240166990214	20.125169199698018	20.07835414339816	29.48683411015195	0.007240876849729833
116.0	30.215752448482352	20.157490247613403	20.11763041590688	29.509125575220903	1.3127764616974954E-6
117.0	30.236679618827317	20.141936733896436	20.140101128536635	29.47986691360042	0.0014156051391859962
118.0	30.25781721725287	20.152599058658808	20.119534529431544	29.469554389213087	4.948054436918427E-4
119.0	30.245844532825185	20.17766021086382	20.07350697463144	29.502985619854126	2.661825427306995E-6
120.0	30.237298233403553	20.17143802500907	20.107329009969845	29.483916010143002	1.8721474532218718E-5
121.0	30.223679667031885	20.19029031943114	20.12150666311313	29.464520663168635	2.6872552158229725E-6
122.0	30.217844133688466	20.17362070007896	20.100878726684314	29.507653739024864	2.700523398566839E-6
123.0	30.223588637321352	20.170375527029158	20.12105649900164	29.484955597206746	2.3739441103558984E-5
124.0	30.160863190985125	20.19238664940383	20.101504888564346	29.545244589421564	6.816251347359884E-7
125.0	30.191487365023544	20.214847240929604	20.11729712682821	29.47615867498916	2.0959222948179233E-4
126.0	30.203250355123107	20.165550090211166	20.146309860075903	29.48486904539639	2.064919343390064E-5
127.0	30.256634582903935	20.13941442716209	20.15336853215436	29.44558812397517	0.0049943338044438085
128.0	30.21658351426741	20.1849157565085	20.149406396993065	29.44909433223103	0.0
129.0	30.23763816690436	20.178994946822353	20.12948297462525	29.452604261489558	0.0012796501584710364
130.0	30.228712012235746	20.15654455039116	20.133993536453744	29.48073795205895	1.1948860395714486E-5
131.0	30.266964622121694	20.178695820315838	20.110932479928938	29.44339930409596	7.773537572150089E-6
132.0	30.260728285962628	20.18894794288875	20.130435846717226	29.41987086903336	1.705539803632106E-5
133.0	30.24171179032586	20.232699646909396	20.135385304806192	29.39020182880935	1.4291492029695634E-6
134.0	30.181120124048803	20.20159511521618	20.143403405685557	29.47386698370991	1.4371339547960436E-5
135.0	30.156943336048414	20.198528274946753	20.165781752832675	29.47874302216464	3.614007517280196E-6
136.0	30.177869061421035	20.17642532446959	20.18349057490792	29.461442777368852	7.722618325965261E-4
137.0	30.207348177905274	20.236774518961493	20.157808560731073	29.39806874240216	0.0
138.0	30.226728157245557	20.230057647270495	20.136303583303835	29.40690398764763	6.624532480980747E-6
139.0	30.1843866799902	20.241743507720695	20.14316652915753	29.42994037221609	7.62910915484951E-4
140.0	30.16030618928739	20.23711511226184	20.120218909611623	29.469232033148902	0.013127755690245605
141.0	30.183109416260614	20.22640207162092	20.165862869487487	29.424624892148106	7.504828756918776E-7
142.0	30.161662065380817	20.194813313259438	20.176772650585107	29.4667194773301	3.249344454202133E-5
143.0	30.17304315489407	20.235204548297816	20.12175099432064	29.469886381599235	1.149208882322213E-4
144.0	30.32249145804909	20.174117612157534	20.129431522513393	29.371025742969447	0.0029336643105309645
145.0	30.280455092425562	20.164613273276778	20.259729155255744	29.295200164355105	2.3146868104909664E-6
146.0	30.415999234824838	20.09922836119755	20.201398829620747	29.283368125721864	5.448635001732355E-6
147.0	30.361512699034716	20.089480576595943	20.202370497575195	29.3444231915076	0.0022130352865454028
148.0	30.277743407548186	20.272539786027824	20.189185852336504	29.260473138710562	5.78153769213703E-5
149.0	30.25899403216272	20.202510086823818	20.309886771204464	29.22854921429504	5.989551395298342E-5
150.0	29.913129985375836	20.223560629157543	20.5319053245615	29.33140406090512	0.0
