# Position (bp)	A	C	G	T	N
0.0	25.420400674789978	24.784333396709105	23.915262265120298	25.821690723401325	0.05831293997929475
1.0	28.523689428181747	18.57487075860635	18.66485107791901	34.23080298907698	0.0057857462159143355
2.0	29.795424845931418	19.978810862956582	19.509526177472125	30.711343605175905	0.004894508463969477
3.0	33.27346409913959	19.06495640974997	19.817174987783627	27.84039440964397	0.0040100936828403756
4.0	32.898718472608515	18.713732385312877	20.621629672776024	27.764887105665164	0.0010323636374239018
5.0	33.621686021801715	18.903281968204315	20.090600560100313	27.382346660957396	0.002084788936260158
6.0	27.83038081184232	19.363118178365934	18.03951410425518	34.7617247894692	0.005262116067368803
7.0	28.245081859776032	21.537441232784335	19.17707911021859	31.017018102593262	0.023379694627778697
8.0	27.8341431517383	21.263403971437825	19.280933058174444	31.620791269487913	7.285491615209419E-4
9.0	32.59794656928296	18.87404460113795	19.58432334527564	28.941287104904877	0.002398379398571421
10.0	29.937124837891915	21.481131989108782	21.802015493289122	26.767486688613605	0.012240991096573482
11.0	28.64795240679244	21.55767768323404	20.538064918475264	29.24042105426109	0.015883937237162443
12.0	29.64258063336051	20.226279401773535	19.885058532011012	30.24408929348874	0.001992139366201828
13.0	29.806784299742322	20.161831070545905	19.843212453809926	30.186707062732005	0.0014651131698429059
14.0	29.813446852515636	20.28571426599578	20.055776360659067	29.84085123927416	0.0042112815553666545
15.0	29.98348995811354	20.286894366775694	20.034795511385653	29.694233781431507	5.863822936057812E-4
16.0	29.989653496475576	20.234420517803517	20.09735310445657	29.675006025104185	0.003566856160153
17.0	29.941025591492153	20.269803930523214	20.13740697013504	29.649740696075867	0.002022811773724221
18.0	29.87639382148446	20.29504268361295	20.122890064865285	29.700797791960397	0.004875638076905533
19.0	29.849107503775414	20.29375840080632	20.051072236605357	29.805306768930777	7.550898821310216E-4
20.0	29.790605086251816	20.322888365420575	20.049531955808874	29.83642023762001	5.54354898725028E-4
21.0	29.798472460060065	20.283079855168626	20.082357315501596	29.83458532059987	0.0015050486698402008
22.0	29.76731314254792	20.188193083494877	20.09214827068096	29.951677080858964	6.684224172847713E-4
23.0	29.825792394009788	20.108815027870044	20.127813321912686	29.934690204327918	0.002889051879565761
24.0	29.824060394500794	20.152243478257	20.143144031826136	29.878072704966563	0.0024793904495104273
25.0	29.86351816677476	20.13254852671607	20.183236888806398	29.81583483970703	0.004861577995739763
26.0	29.848538331882125	20.16098491155489	20.153957496523958	29.835490210788524	0.0010290492505065695
27.0	29.808959210690727	20.190452603079358	20.146086156371958	29.85361660326215	8.854265958062419E-4
28.0	29.778892751324133	20.206812690081794	20.198769680099925	29.81390786917027	0.00161700932388034
29.0	29.759029685458515	20.20015866463299	20.158555979735297	29.880464435663495	0.0017912345096994578
30.0	29.742418426422372	20.1785861871266	20.16864676636925	29.90924252002298	0.001106100058796395
31.0	29.787750535845436	20.160327933061538	20.16956971170108	29.881354576184048	9.972432078992268E-4
32.0	29.76601274910632	20.219843632429583	20.178109778626922	29.83483069916215	0.001203140675024974
33.0	29.846028980357513	20.17209403582769	20.1698675444551	29.809105505036058	0.0029039343236349343
34.0	29.722111186864712	20.24176532594438	20.183565703498218	29.850720887854017	0.0018368958386723
35.0	29.70525062204814	20.254114985262785	20.152647917492004	29.885300586415255	0.0026858887818172793
36.0	29.746319794852937	20.215978836643487	20.173975021255288	29.861839208966444	0.0018871382818419612
37.0	29.780964006639444	20.22216295938411	20.118833579720512	29.8776788981187	3.605561372384825E-4
38.0	29.804899906995775	20.14974226777884	20.142321603392347	29.90224611824329	7.901035897503404E-4
39.0	29.792044986354405	20.212275450470216	20.134875529019954	29.86009833406198	7.05700093442741E-4
40.0	29.73071745394749	20.201948188119243	20.218192044650497	29.846805710294678	0.0023366029880888136
41.0	29.76092497912858	20.181630698578488	20.14024231450728	29.916631701091028	5.703066946252665E-4
42.0	29.72256400860578	20.256073498207034	20.158245407158034	29.861054789925113	0.0020622961040404502
43.0	29.724585835888167	20.208514237306815	20.16204005819797	29.902459058093424	0.0024008105136294013
44.0	29.707314690140112	20.221894796652293	20.188275518439568	29.881873810592452	6.411841755745468E-4
45.0	29.692195241985768	20.233387567606822	20.203374737187385	29.867299227598725	0.0037432256212996855
46.0	29.734276480961714	20.18765724767608	20.231433122731026	29.845974546381125	6.586022500510635E-4
47.0	29.75142142602129	20.231386200022285	20.153526567596323	29.862758402609952	9.074037501474897E-4
48.0	29.750885851105778	20.19232820098051	20.148674122709107	29.90254339612035	0.0055684290842513
49.0	29.74269182858677	20.219297156386727	20.186531651141355	29.842802768729303	0.008676595155848543
50.0	29.736381284939007	20.231365170545885	20.178394257448424	29.85286011393403	9.991731326529957E-4
51.0	29.74356608794216	20.197956458140236	20.190170886864305	29.86455040925503	0.003756157798271757
52.0	29.727518343980552	20.212761957093544	20.233346074048992	29.825785887935652	5.877369412623991E-4
53.0	29.779229459740826	20.204459668122936	20.149597983665803	29.86432404974221	0.002388838728221432
54.0	29.715770542527952	20.203140550912675	20.194221707981917	29.885955686287268	9.115122901893502E-4
55.0	29.67574602637022	20.251322356970494	20.188898342932134	29.881663137797617	0.0023701359295315357
56.0	29.69096211706997	20.244243817030576	20.182601200401145	29.88136373331302	8.29132185287529E-4
57.0	29.71629769872088	20.23204219220094	20.22303451982316	29.82210041701061	0.006525172244408756
58.0	29.719129109923614	20.249963865257257	20.173791977651845	29.854168733563945	0.0029463136033385353
59.0	29.740022938754223	20.248106896833317	20.16875281671931	29.842354588078816	7.627596143367034E-4
60.0	29.74022933231344	20.21223604139551	20.174458931290605	29.86926556699266	0.003810128007786593
61.0	29.74221725605445	20.244563445416915	20.205338511137494	29.80684409818958	0.001036689201559658
62.0	29.748565382085012	20.22472224937499	20.194780829991473	29.829868702127843	0.002062836420676503
63.0	29.77735133220627	20.25905369337515	20.138887054774234	29.821623571246185	0.0030843483981591417
64.0	29.747866455896084	20.21578302626667	20.175666864636142	29.85916857292718	0.001515080273927122
65.0	29.700792447966233	20.22791292257368	20.180905558340697	29.882193462553914	0.008195608565478088
66.0	29.681915356434914	20.227620341021193	20.182890098637856	29.885335896832345	0.022238307073694556
67.0	29.695695437766656	20.210473874449	20.22179713259886	29.86975971632781	0.002273838857679706
68.0	29.669477818880562	20.300786868439136	20.16274216950026	29.862324297872327	0.004668845307714572
69.0	29.69170028954833	20.271799612068925	20.16909162412653	29.863713643647134	0.003694830609083831
70.0	29.70652095230491	20.209875435718285	20.151253215970968	29.931954404036247	3.9599196959102167E-4
71.0	29.647218335861147	20.2548632768155	20.19271118093522	29.892652022874618	0.01255518351351692
72.0	29.70790579959291	20.214131441113793	20.21370443017812	29.858012520610433	0.006245808504748957
73.0	29.680792699622906	20.263051841575926	20.196971729514328	29.853741527608335	0.005442201678505238
74.0	29.715809094391112	20.238165778515064	20.186811835018478	29.856719778860647	0.0024935132147034197
75.0	29.674163065056764	20.26660256077403	20.21427259676275	29.839763034477755	0.005198742928701475
76.0	29.668667165035888	20.243778069351336	20.190041883923037	29.89667654511232	8.363365774142626E-4
77.0	29.68341253095243	20.267972814320444	20.196678930238367	29.850542557309247	0.001393167179514282
78.0	29.674755239001914	20.241622885887896	20.200528895313987	29.88111687019342	0.0019761096027800305
79.0	29.71244379155585	20.265035530592083	20.219909366031022	29.80012672641974	0.002484585401301769
80.0	29.745475010027306	20.2304991213653	20.166409676128964	29.85704010050318	5.760919752559997E-4
81.0	29.657680084589515	20.26181559635735	20.223444975948244	29.839330046822283	0.01772929628260085
82.0	29.651549821300023	20.243986547539038	20.227338698690566	29.873280324323048	0.003844608147325384
83.0	29.69368848671486	20.270130268483324	20.158936691416752	29.872467706973506	0.0047768464115545495
84.0	29.70436607531201	20.274507574536525	20.18997041453475	29.827266997588985	0.0038889380277319866
85.0	29.69578951650748	20.266017688376458	20.198126636714704	29.838474526666232	0.001591631735124976
86.0	29.64124450431492	20.29573129330347	20.194084139475617	29.86829561593091	6.44446975086334E-4
87.0	29.667613358312302	20.26218865960126	20.20754483559019	29.862459668919573	1.9347757667640284E-4
88.0	29.67619880407655	20.27851087488541	20.190693068995934	29.850545947007458	0.004051305034647151
89.0	29.621198890696103	20.275193574763595	20.214228408286655	29.88882659128505	5.525349685969803E-4
90.0	29.66268291093207	20.281979740508376	20.18162188969178	29.87351907015676	1.9638871101670003E-4
91.0	29.623906068794557	20.28871076403186	20.231264699015515	29.855861940484708	2.565276733583766E-4
92.0	29.626340431011304	20.32102864792518	20.230480339887002	29.821882150946955	2.684302295581365E-4
93.0	29.644615382396385	20.324598510446055	20.237149857156126	29.792832422498993	8.038275024426389E-4
94.0	29.66603850606613	20.277453030497224	20.21948097072986	29.836681492686324	3.4600002046760684E-4
95.0	29.712680554668918	20.291033959812292	20.18085542004158	29.815158172460176	2.718930170335114E-4
96.0	29.650862440205483	20.297447902304917	20.22173453167091	29.829741356872763	2.1376894592556225E-4
97.0	29.631272396165997	20.33611486643217	20.152825509778534	29.878979410927307	8.078166959914484E-4
98.0	29.617356062407847	20.346178625956377	20.212100156919586	29.823237522093528	0.001127632622667458
99.0	29.64481605034704	20.3253824874182	20.191633209497066	29.837872554418844	2.9569831884992015E-4
100.0	29.61410073649156	20.29134702356464	20.22152408430375	29.87110006381638	0.001928091823668939
101.0	29.646017341320242	20.29640670572591	20.22626337090302	29.82848737585822	0.002825206192607739
102.0	29.611063748983145	20.289140001898893	20.24037575645699	29.85894411456364	4.763780973260302E-4
103.0	29.64293695501672	20.284421544277624	20.25655278200649	29.815858247616607	2.3047108256114192E-4
104.0	29.585193245701902	20.351812745049074	20.22813503044823	29.83466950063945	1.8947816135378488E-4
105.0	29.64525843267241	20.32086525552023	20.235011498152065	29.79863988240928	2.2493124601580115E-4
106.0	29.643638206337524	20.295165165757012	20.234822017023486	29.82590528084809	4.69330033881954E-4
107.0	29.63151835711699	20.29709594709284	20.235665459145352	29.835184515378586	5.357212662341331E-4
108.0	29.603752783292965	20.33055971563624	20.260391023327383	29.80504309452793	2.5338321548300994E-4
109.0	29.664867424291806	20.3004035717003	20.22154061532249	29.81291419684441	2.7419184099618504E-4
110.0	29.576337870555818	20.334078132316424	20.253792035600316	29.835355147414138	4.368141132987197E-4
111.0	29.61693975408731	20.310550997404846	20.219021779154772	29.853130659962936	3.5680939014088307E-4
112.0	29.617710752747307	20.2707717309131	20.184755217831086	29.92627916443097	4.8313407753837456E-4
113.0	29.60983416785774	20.28123675098138	20.27775934169209	29.83078732642378	3.8241304500976047E-4
114.0	29.60255694285612	20.349780476118774	20.248120748340177	29.79919085889794	3.5097378699455386E-4
115.0	29.64003301058496	20.301906034345727	20.298617889292377	29.749534219307076	0.009908846469862844
116.0	29.576418740156974	20.365741544030485	20.282592778329164	29.77494553733584	3.014001475353722E-4
117.0	29.550930218123046	20.322140335734122	20.266710920455047	29.856847980424394	0.0033705452633923157
118.0	29.55341235558851	20.36358332565301	20.259063194037306	29.823008124435656	9.330002855118585E-4
119.0	29.59581739827808	20.368359095263706	20.21476221896231	29.820838625792028	2.2266170387674565E-4
120.0	29.577422939876787	20.342674676944174	20.27586179685929	29.803626996785184	4.1358953457194917E-4
121.0	29.59428093878665	20.375965397670978	20.289588327776784	29.7398373808808	3.279548847908371E-4
122.0	29.55280311355675	20.3808799151243	20.275279464992984	29.790823479576595	2.1402674937634692E-4
123.0	29.55312238796678	20.34601036923806	20.296298692600352	29.804336480942688	2.3206925211705174E-4
124.0	29.516914813217593	20.332968463746212	20.279193480953158	29.870583757974288	3.394841087488695E-4
125.0	29.513788785464044	20.364133415385947	20.25580719093733	29.865589741628856	6.808665838243894E-4
126.0	29.551830427405683	20.364603829637073	20.29800958714227	29.78514258163457	4.13574180398488E-4
127.0	29.586586886513928	20.356087484427352	20.291613581170296	29.757788936067108	0.007923111821318139
128.0	29.59283441824435	20.3093802022445	20.34202843545517	29.754454059512085	0.0013028845438948175
129.0	29.517706371432745	20.307547527224852	20.403705737445204	29.76895749534719	0.0020828685500059985
130.0	29.515734238238394	20.257639032729895	20.46669729429927	29.759500175275004	4.2925945743635104E-4
131.0	29.42117581764953	20.29678987921381	20.47070911219042	29.81031753315797	0.0010076577882665505
132.0	29.36366295240662	20.355756768536413	20.456030320061018	29.822324127015076	0.002225831980868598
133.0	29.311912709536724	20.377278093608677	20.46488069271288	29.84562830439923	3.0019974248254904E-4
134.0	29.300282881661875	20.380936557888322	20.39233246119812	29.925712414354464	7.356848972149025E-4
135.0	29.345197870864904	20.31710552006953	20.437274472928575	29.897370519092902	0.003051617044093388
136.0	29.4776076875069	20.304390070310845	20.484283344874797	29.732546481216332	0.0011724160911240988
137.0	29.821017732266576	20.151188395401398	20.383885938252643	29.64331977141923	5.88162660153005E-4
138.0	29.870887418777052	20.140360416754596	20.494544818038488	29.493056252150307	0.0011510942795547568
139.0	28.888820962031097	20.85290641462127	21.720522070426274	28.53128140598474	0.006469146936624217
140.0	26.610358888748596	21.970005929604383	21.57801640351505	29.823342839728962	0.018275938403002456
141.0	28.711075315402418	19.817957610895355	19.172940158793736	32.29752621676715	5.006981413401383E-4
142.0	31.173876954678427	19.56309662485599	21.462738943272274	27.799499080683294	7.88396510019082E-4
143.0	30.716848416952146	19.43584663208436	21.666112773865656	28.171061740698043	0.01013043639979228
144.0	34.07889441420486	18.449640027134116	19.576269903159005	27.890753914660817	0.004441740841211808
145.0	27.09029545234289	20.466419711500915	19.10480226493704	33.33819841909803	2.841521211203121E-4
146.0	27.47374917526634	20.851839286285962	18.94533164285429	32.72884689590426	2.329996891443172E-4
147.0	27.448485557485565	20.1097208303442	19.338341628422167	33.100018310382566	0.0034336733655009363
148.0	30.151837324134977	19.848083039126756	20.26554265903078	29.73422802554217	3.08952165320035E-4
149.0	33.45435320577631	19.189955395632012	19.15634941784516	28.197415351275517	0.0019266294710062342
150.0	25.06500075563422	24.44871674570373	24.964517418288807	25.473220281489013	0.04854479888422755
