# Position (bp)	A	C	G	T	N
0.0	22.4465447069555	28.087137828748094	26.661061324531904	22.800534248292287	0.004721891472220481
1.0	27.314460713327506	18.280243980296877	18.17029138851214	36.226952768257235	0.008051149606244385
2.0	29.521592330219054	20.527078037900974	19.568398865451467	30.378043092772174	0.004887673656329635
3.0	35.03245826090332	18.778392440637017	20.134637980729515	26.051345610063308	0.003165707666845262
4.0	34.12417998038468	18.238565289546717	21.52985621422645	26.10451964010157	0.0028788757405799614
5.0	35.33357343675497	18.608461679558722	20.671457068406358	25.38536275097163	0.0011450643083239045
6.0	26.0526268636675	19.4021540966414	17.191971757677837	37.3505487784738	0.0026985035394651827
7.0	26.657591527722925	22.984554504650344	19.079965548696116	31.27542946035134	0.0024589585792741285
8.0	26.043493545068564	22.51278172768481	19.24314670714115	32.19829335565695	0.002284664448530497
9.0	33.90491857510965	18.4940207432525	19.690862820403478	27.906881077360325	0.003316783874055255
10.0	29.304016138332006	22.971619099723675	23.32607096914575	24.39577567580772	0.0025181169908545004
11.0	27.38157011565469	23.001449986231584	21.20473633484786	28.40998468263803	0.002258880627839736
12.0	28.981003754866684	20.82936064051635	20.11928614956936	30.06918828908216	0.0011611659654514421
13.0	29.24204990096967	20.678758074760108	20.137170172043035	29.94075374816098	0.0012681040662079282
14.0	29.24169925777353	20.863593434857748	20.524491239287045	29.36469470060439	0.005521367477297942
15.0	29.544026501067922	20.84996342917909	20.48298823334374	29.122334657155534	6.871792537147407E-4
16.0	29.521149049936053	20.819725059560124	20.576933562715126	29.080152965083105	0.0020393627055945943
17.0	29.49072225168152	20.889832063388308	20.56184310737132	29.056121863219335	0.0014807143395166391
18.0	29.31856888890605	20.953501996902695	20.601810287701152	29.102821449633154	0.023297376856952174
19.0	29.283171678585784	20.9760706937307	20.438563117839898	29.30101496562808	0.0011795442155366133
20.0	29.206560408184878	21.00407768942796	20.414046599163278	29.374329059395677	9.862438282040437E-4
21.0	29.29413724133895	20.912894485091506	20.488049134586593	29.3032257594325	0.0016933795504484564
22.0	29.265076029758276	20.735106128777513	20.4921709332839	29.506596817797533	0.0010500903827793749
23.0	29.36414121643873	20.586675614125415	20.602273674395207	29.4454525333671	0.001456961673551882
24.0	29.313123389210798	20.674291274173754	20.60030020579971	29.411106929090035	0.0011782017257013567
25.0	29.422410661658876	20.64314952777816	20.578874412292848	29.3547515181007	8.138801694241498E-4
26.0	29.345287527244707	20.652549599397307	20.541900424736934	29.458549281604828	0.0017131670162241202
27.0	29.336155334234746	20.646212512940416	20.558405034209805	29.458070911872426	0.0011562067426123205
28.0	29.260843633231016	20.713444979129033	20.621153728408107	29.40391540974875	6.422494830962077E-4
29.0	29.25313703593584	20.725254067748974	20.54938612111642	29.46896913256389	0.0032536426348768657
30.0	29.261026631544112	20.69329269197334	20.51054848419496	29.53412160542259	0.0010105868649939805
31.0	29.267862337533884	20.703382215074335	20.53534155705295	29.492766001925958	6.478884128828723E-4
32.0	29.36573337275352	20.67937353136844	20.584539492021857	29.368509849660285	0.0018437541958964973
33.0	29.484348828964823	20.582315644242026	20.53389973985712	29.39536118112146	0.0040746058145714435
34.0	29.245599547736617	20.747604682755753	20.60792480836696	29.396222690253644	0.002648270887032862
35.0	29.247161521344506	20.771048375426492	20.559589248067617	29.420947275311203	0.0012535798501774145
36.0	29.24542498832671	20.709572361013848	20.587569103321357	29.45239519509141	0.00503835224667419
37.0	29.308798572535927	20.722964545876223	20.454404659686105	29.512522173676427	0.0013100482253176368
38.0	29.334706792375204	20.552734714021106	20.506261108039645	29.605070286030212	0.0012270995338360426
39.0	29.360771102100003	20.664618877904125	20.498804933435654	29.475132504308448	6.72582251765024E-4
40.0	29.286450640338813	20.626965322445265	20.649971777096525	29.435417997537115	0.0011942625822886352
41.0	29.270127455675837	20.664735074031174	20.502372598105318	29.561428835077542	0.001336037110129086
42.0	29.16484323244764	20.77706858229099	20.550200367258427	29.506363074256615	0.0015247437463317966
43.0	29.29688929384299	20.61535794527265	20.509903689229443	29.57354948368352	0.0042995879713995065
44.0	29.273273993845407	20.67695466015399	20.577917611012168	29.470497692774618	0.001356042213823954
45.0	29.268756913779097	20.651933132481002	20.626200996623638	29.448835667050183	0.0042732900660789235
46.0	29.325280623278644	20.635704098658856	20.620241929548694	29.417844689708396	9.286588054151024E-4
47.0	29.28533990972705	20.725557998574637	20.51457729417305	29.473241317960824	0.0012834795644383749
48.0	29.237833072385282	20.654534654636	20.52998806848866	29.571708946193713	0.005935258296341582
49.0	29.299333613991397	20.70070176307507	20.60202333235457	29.396313945521673	0.001627345057293159
50.0	29.219019941944474	20.680253107288905	20.558612509964806	29.54059689728744	0.001517543514374694
51.0	29.343695986458616	20.57226639329606	20.53886590933473	29.540355938062486	0.004815772848100511
52.0	29.243389519451558	20.657237831075363	20.59635095864463	29.5021826984918	8.389923366439971E-4
53.0	29.365851001473093	20.63002761088702	20.502987644513688	29.499832252292553	0.001301490833648262
54.0	29.210388365255817	20.656474382075682	20.584422493082606	29.5467516909655	0.0019630686203965736
55.0	29.19380909021781	20.722302054472674	20.556717835131348	29.52536748290539	0.0018035372727786758
56.0	29.22495736500798	20.639576351072137	20.618056648289134	29.516380219324496	0.0010294163062484099
57.0	29.283269703292063	20.61707007324028	20.637357078907826	29.460750190298523	0.001552954261306493
58.0	29.242048734558026	20.702778991846007	20.572279397054192	29.48088480906873	0.0020080674730503707
59.0	29.286249680205984	20.683977683988157	20.565211298441003	29.4639130220123	6.483153525563822E-4
60.0	29.24219580644441	20.730678038499324	20.593003082323804	29.432292088618627	0.0018309841138300252
61.0	29.330082200933205	20.67454773591042	20.523134923929	29.471402507533423	8.326316939488114E-4
62.0	29.289163210640712	20.70247328692245	20.555229955705165	29.452219780152838	9.137665788350847E-4
63.0	29.387528527751012	20.635120042529266	20.481661296887264	29.491221700139057	0.004468432693402704
64.0	29.31084312092929	20.571510485159394	20.64035912271422	29.476722095814186	5.651753829127444E-4
65.0	29.268703781161765	20.66240258595418	20.57231091218272	29.494566321690098	0.002016399011240649
66.0	29.17205611337558	20.69446077610114	20.589776301974126	29.50588095731142	0.03782585123774302
67.0	29.18823761652502	20.66789787111939	20.618075456740375	29.521652459991525	0.004136595623691278
68.0	29.218238287695286	20.70060564738724	20.57122488620895	29.505426167476294	0.004505011232231222
69.0	29.2976783007932	20.656504968251763	20.53915262380328	29.505762620547323	9.014866044393443E-4
70.0	29.246100311782897	20.594992364228183	20.603052493862826	29.555080844167804	7.739859582933662E-4
71.0	29.22092280642645	20.652220931672797	20.572638543078064	29.535195324789914	0.019022394032771717
72.0	29.184349110265416	20.605084429441977	20.666185217341912	29.5436509546491	7.3028830159284E-4
73.0	29.242607769791856	20.63358120959731	20.57629937561984	29.538577531084858	0.008934113906138963
74.0	29.252716086969638	20.592094616648428	20.573772515202133	29.581060213337285	3.565678425176981E-4
75.0	29.249737264657092	20.64107976214025	20.585990984669074	29.52247367949935	7.18309034227978E-4
76.0	29.168181258986657	20.651459324776653	20.59005919017509	29.589994060385894	3.061656757104296E-4
77.0	29.208792940479107	20.659209765921062	20.61608457472477	29.515323883364587	5.888355104825339E-4
78.0	29.181837446844582	20.68349744995267	20.63503948688244	29.499343062599774	2.8255372052611507E-4
79.0	29.302812423742573	20.58304880503811	20.602582096058804	29.5112719333089	2.847418516136178E-4
80.0	29.312893174286277	20.592135007240937	20.564348179288192	29.530393995978372	2.2964320622103447E-4
81.0	29.190783649141714	20.65060067312899	20.656765282080062	29.473776824369715	0.028073571279521023
82.0	29.189769235505974	20.540879545037352	20.655892617888398	29.59483938297427	0.018619218594003853
83.0	29.2492780472499	20.605683845477536	20.545549324288725	29.59922387319887	2.649097849727276E-4
84.0	29.294703685755824	20.594006252197296	20.57241930579706	29.538365972083653	5.047841661678211E-4
85.0	29.254980387598806	20.586281084921968	20.6490395704983	29.509279568533163	4.193884477654684E-4
86.0	29.199594841758863	20.64106528446165	20.61649100439284	29.54257682938588	2.72040000761712E-4
87.0	29.271363530948285	20.615303868077678	20.613045760249978	29.499951176046967	3.356646770905806E-4
88.0	29.233550682961678	20.631970202964734	20.591584882027732	29.53590150294388	0.006992729101982638
89.0	29.180570843322666	20.642218960370997	20.627472184905898	29.54958245469722	1.5555670321834374E-4
90.0	29.209716279558013	20.618682416272076	20.59435651710953	29.57683621252664	4.08574533737885E-4
91.0	29.186528415135683	20.637566095558697	20.607777442558394	29.567873985740828	2.540610063991616E-4
92.0	29.18135074238835	20.657333050885537	20.667122434699994	29.493872808622363	3.2096340375270413E-4
93.0	29.209912693483588	20.564017099175608	20.67911269633907	29.546762818703183	1.9469229855674597E-4
94.0	29.229633892919267	20.644510953221126	20.69209014057517	29.433502507423174	2.6250586126368354E-4
95.0	29.24931771698359	20.6152215921785	20.599950934713622	29.535210982391273	2.987737330084888E-4
96.0	29.205619796849806	20.58884873831322	20.6992805475107	29.506015813109617	2.3510421666129844E-4
97.0	29.134604500425077	20.692627772484364	20.61451262504627	29.557609241382266	6.458606620207756E-4
98.0	29.088692484395985	20.614612668663447	20.760413059805007	29.533046367690964	0.0032354194445955073
99.0	29.13704914878286	20.59831482118636	20.691494312495358	29.573106858017535	3.4859517885895734E-5
100.0	29.11816118131865	20.61900057537257	20.667601720678338	29.589161379467217	0.006075143163221083
101.0	29.21195856476028	20.653606751879042	20.662306519670427	29.471662744014164	4.65419676082226E-4
102.0	29.11545498412772	20.60604036129902	20.73293870791704	29.54534809541739	2.1785123882922387E-4
103.0	29.192715882357057	20.596465496061906	20.716691228715092	29.494016891273432	1.1050159251211743E-4
104.0	29.164630290729043	20.594351295695994	20.7014082684778	29.539310998823233	2.991462739274952E-4
105.0	29.23010562591461	20.56865152864825	20.735417297923707	29.465597725424264	2.2782208917412214E-4
106.0	29.167708130826416	20.529341516927264	20.738945822262956	29.563618802516796	3.857274665728577E-4
107.0	29.17537447155224	20.523966100924014	20.785886415981217	29.5143417056345	4.313059080283282E-4
108.0	29.073122876421703	20.588261098438323	20.764448308315654	29.57396831980092	1.9939702340123465E-4
109.0	29.19700176753468	20.585933281858047	20.734513367742206	29.48230800895378	2.4357391128551005E-4
110.0	29.162504960973674	20.48605139568726	20.772795674030956	29.578441262071703	2.0670723640693213E-4
111.0	29.158373206548028	20.509354685938394	20.771767910081756	29.559998584283182	5.056131486384681E-4
112.0	29.13015513471547	20.544103639115757	20.769155745252014	29.55645658509423	1.2889582252935712E-4
113.0	29.093093883279064	20.57310133868368	20.813121512131477	29.520507844620596	1.7542128518019057E-4
114.0	29.10075782383564	20.6505987287625	20.777821031369704	29.47046404334876	3.5837268340058046E-4
115.0	29.201963087901543	20.535291841001786	20.788166509793683	29.457585896546274	0.016992664756709467
116.0	29.08512368228052	20.639159846196744	20.772343531429616	29.503044901459536	3.2803863357850314E-4
117.0	29.12353164877884	20.55658097923373	20.812510083510674	29.49671757719167	0.010659711285081015
118.0	29.095166417435113	20.546589892192177	20.845815420328435	29.512182155939865	2.4611410440554093E-4
119.0	29.17335311308819	20.62140498239629	20.744691601553818	29.46024713914411	3.031638176004786E-4
120.0	29.042999584545075	20.549231408392192	20.875311591192354	29.532249688408807	2.077274615704196E-4
121.0	29.047584436240193	20.62464326102711	20.878502455219238	29.449056071349933	2.1377616353021405E-4
122.0	29.110820709686237	20.54947573483069	20.785494228455324	29.55382367589438	3.85651133373588E-4
123.0	29.095101021814163	20.5305862130121	20.818667776246798	29.555360772704333	2.842162226072405E-4
124.0	29.02328057124527	20.512177267455726	20.86650302625101	29.59786288280518	1.7625224280978975E-4
125.0	28.986629519684655	20.57648790695411	20.87230522166529	29.564394861063796	1.8249063214754977E-4
126.0	29.015078471657823	20.5855590947869	20.89229014068865	29.50681989126539	2.5240160123575825E-4
127.0	29.16571035868435	20.482543171567556	20.87711038045538	29.46427517538142	0.010360913911297462
128.0	29.102444154584756	20.560127295449735	20.8745415929687	29.462682082345953	2.0487465085944914E-4
129.0	29.130582000021388	20.453652781688508	20.849636628684056	29.565843452722522	2.8513688352514727E-4
130.0	29.033724267949186	20.528470757523515	20.95694644091275	29.480783899285452	7.463432910455225E-5
131.0	28.962707251611608	20.633214814257407	20.935626583389773	29.46805942258008	3.919281611357765E-4
132.0	29.031722730357618	20.6068121884242	20.72719046353067	29.619165410318182	0.015109207369330127
133.0	29.327549034247347	20.3416264324305	20.587790972336833	29.742946237629553	8.732335576670344E-5
134.0	29.42574147237216	20.335447851167622	20.81473856027303	29.423979374176916	9.274201027581475E-5
135.0	29.170496471302933	20.47960202352201	20.59575764831362	29.753748096640685	3.957602207550511E-4
136.0	29.1795801228862	20.609504516126293	20.368807247886334	29.842001938743767	1.0617435740624539E-4
137.0	28.388391992120994	20.840503972180404	20.540340361228218	30.2304197131133	3.43961357088069E-4
138.0	28.78693790416907	20.937485192417522	20.75081613159857	29.5241372946578	6.234771570439202E-4
139.0	28.677275198687425	21.351279912677512	21.649156973678625	28.32119227519184	0.0010956397646017966
140.0	27.71021074724181	21.9402687495339	21.957010423975294	28.36922393207142	0.023286147177581987
141.0	28.820367983767035	20.934560859908416	20.401745317941263	29.843154459952288	1.7137843099618855E-4
142.0	29.48871467868442	21.04187926800254	22.705527733045475	26.76348506924168	3.932510258936138E-4
143.0	30.460563779680044	19.773556718024857	21.856779580911628	27.907486092251084	0.0016138291323824037
144.0	33.702204625924985	18.73222966422638	19.87650561095083	27.685107906477178	0.003952192420624865
145.0	26.989886205158857	20.613624910639995	19.243633465761935	33.152855418439216	0.0
146.0	27.31296699139317	21.189113780383998	19.109524259907314	32.38792206563889	4.729026766291497E-4
147.0	27.341798128709115	20.289498865341983	19.415179839119574	32.95280729426419	7.158725651384378E-4
148.0	30.079135339251224	20.04537157003935	20.455738636637303	29.419513628328815	2.4082574330865672E-4
149.0	33.001880365966834	19.60779550169816	19.417572432960338	27.971779934017132	9.717653575367692E-4
150.0	24.92010180187281	24.598729256342914	25.304528454437055	25.165707718788855	0.010932768558374627
