# Position (bp)	A	C	G	T	N
0.0	23.711315591127768	27.80697370443924	30.68900401841914	17.741123805919877	0.05158288009397638
1.0	27.68193807467857	18.18250238819397	19.450251397394762	34.68466194737591	6.461923567912974E-4
2.0	30.285804625290467	20.157310031835106	17.96215926902678	31.594491390092617	2.346837550283135E-4
3.0	34.4899117500119	18.941044259399273	19.836515923848037	26.731629191079836	8.988756609562328E-4
4.0	35.172134695700656	17.956183095262965	20.844574694113714	26.02671322495806	3.942899646031924E-4
5.0	36.1545665968034	18.22148575702431	20.074711874993486	25.548438013174852	7.977580039542371E-4
6.0	27.672958965346307	18.138629860724404	16.927265929565934	37.26097882284154	1.6642152182139795E-4
7.0	27.204921104763535	22.91936484228709	18.003752356709445	31.857972369746257	0.013989326493667896
8.0	26.825222809007958	21.98514410921513	18.469306197714754	32.72031109713749	1.5786924667114193E-5
9.0	34.15653517023357	18.551174705961085	19.20033714370311	28.091943126593804	9.853508432083184E-6
10.0	29.577576678445073	22.84877105108385	22.689385797752493	24.884260568467674	5.904250910589247E-6
11.0	27.828319261415253	22.74561340880903	20.753332204510304	28.663987508793028	0.008747616472382223
12.0	29.71403841368675	20.471638214450717	19.87667884240927	29.937637652741227	6.87671203728066E-6
13.0	30.05400512739727	20.288634367541665	19.863989802314943	29.793356960346507	1.3742399612519302E-5
14.0	30.065583430369987	20.48930816926556	20.129361517044256	29.31563163400789	1.1524931231470976E-4
15.0	30.421123355177706	20.481608595708558	19.94432584596563	29.15291133018025	3.0872967861622694E-5
16.0	30.522933648903212	20.356456499659924	20.134072792077124	28.98651159174433	2.546761541696792E-5
17.0	30.506350983112164	20.430915088649286	20.213947060394354	28.848782462531197	4.4053129954325135E-6
18.0	30.578517563529278	20.233030496252148	20.367041148813183	28.817223310119424	0.0041874812859700235
19.0	30.352880880427197	20.356535165317347	20.093867466457095	29.196643051564937	7.343623342386324E-5
20.0	30.12384354582388	20.57146645429396	19.99608697719699	29.308592243008025	1.0779677143279721E-5
21.0	29.98346791975622	20.587195822975545	19.992753463826833	29.436479798382365	1.0299505904255519E-4
22.0	29.971793397664225	20.36257211387618	19.9315027960989	29.733949556549376	1.8213581132033862E-4
23.0	30.10112135164203	20.165048651947842	20.153941761868857	29.579531453770624	3.567807706447937E-4
24.0	30.112874232283303	20.215016395552325	20.21395363908945	29.45815179693987	3.936135047691369E-6
25.0	30.194311526456975	20.188804304431414	20.20357509223885	29.410992274075987	0.00231680279677064
26.0	30.1776755020704	20.21401176478637	20.144344855752337	29.463954559870427	1.331752047123622E-5
27.0	30.11243703931765	20.248832548710848	20.183720290948905	29.455005676129055	4.444893543318006E-6
28.0	30.090373586387486	20.230797634166997	20.266369095523867	29.412277707418475	1.819765031741301E-4
29.0	30.076448096787534	20.209032127106784	20.181064078060317	29.532387202314702	0.001068495730663895
30.0	30.089747818632613	20.203285246776183	20.219959348450764	29.486884975151646	1.2261098879492923E-4
31.0	30.109610442050965	20.1400618373756	20.188078503045727	29.562237771599133	1.1445928574967211E-5
32.0	30.165238350468286	20.144423654694375	20.265913725480804	29.42417481231226	2.494570442702935E-4
33.0	30.271511227326574	20.086779288560145	20.22741525675201	29.41424370402151	5.052333976203647E-5
34.0	30.060320216693288	20.194412606944045	20.27089047767912	29.474322035095106	5.4663588441313005E-5
35.0	30.033315701250146	20.241452478946034	20.21941375784941	29.50557417066313	2.4389129128515722E-4
36.0	30.125810236533333	20.125939938120037	20.271250092132505	29.476904423727785	9.530948634177744E-5
37.0	30.127681798049416	20.186479483758205	20.16811786399221	29.517712258172963	8.596027208489161E-6
38.0	30.203842762581107	20.028590616592613	20.189275933883266	29.578251644793774	3.9042149240096026E-5
39.0	30.206934101944306	20.093895387324892	20.177978228570375	29.52116584229453	2.6439865903711796E-5
40.0	30.10432529446608	20.130109848439982	20.29392526346875	29.470064028665448	0.0015755649597351117
41.0	30.157779996130497	20.08874552767412	20.188907834193746	29.564535964106042	3.067789559453148E-5
42.0	30.062877286509824	20.19467271983929	20.27834892558384	29.463899053182903	2.0201488414902725E-4
43.0	30.140777024252223	20.093811412800775	20.21946135753721	29.5459162677843	3.393762549304749E-5
44.0	30.11622802734787	20.11015876039156	20.277699840493966	29.49387482911863	0.0020385426479753123
45.0	30.157033568025476	20.0947357635624	20.276767565931884	29.471453276760425	9.825719811418373E-6
46.0	30.140134187794725	20.059103898437996	20.33769741341963	29.463025084540938	3.9415806711439364E-5
47.0	30.091659594979358	20.140487421717314	20.24058799821275	29.527239498721187	2.5486369390325263E-5
48.0	30.12713629217081	20.098638615806667	20.245911483920516	29.527653175277813	6.604328241978789E-4
49.0	30.202407818634132	20.105577579303187	20.252368634608803	29.43479089739028	0.004855070063605028
50.0	30.16020940556236	20.097020094111105	20.2282136584563	29.514548446523136	8.395347095052754E-6
51.0	30.1753716663339	20.035285662413166	20.257250737274468	29.530896714345438	0.0011952196330282058
52.0	30.115240692136823	20.06457282793977	20.32150667208056	29.498614879970297	6.492787255015458E-5
53.0	30.19375143324367	20.034380746261093	20.256541292224437	29.515225399396705	1.0112887408898701E-4
54.0	30.1488883681449	20.040195624356173	20.287466047824246	29.52319131082631	2.58648848370517E-4
55.0	30.130185539647513	20.10175447836124	20.217826834068912	29.549866405568853	3.667423534752356E-4
56.0	30.132669696627758	20.099943455998343	20.238401985297532	29.528980584192333	4.2778840315048625E-6
57.0	30.140376803046458	20.10201067771358	20.281504352740125	29.473625703308027	0.002482463191810742
58.0	30.159809048304908	20.140674381482054	20.201701983273797	29.497791441879468	2.314505977284351E-5
59.0	30.195851749860147	20.124454319189578	20.20108358080933	29.47859792978734	1.2420353604983063E-5
60.0	30.2186655584113	20.1215639271546	20.181455328385116	29.477298948237202	0.00101623781178214
61.0	30.191930483132033	20.16735822065408	20.1713085861512	29.46927065079514	1.3205926754713063E-4
62.0	30.174927441122605	20.114588443849282	20.18591414634138	29.524530716435148	3.9252251585474766E-5
63.0	30.24824814244417	20.0963478653912	20.1543697969572	29.50055563787653	4.785573308975148E-4
64.0	30.20338582078617	20.0536292788283	20.217994609198612	29.52493048386679	5.980732012846964E-5
65.0	30.17640477671058	20.1112399874889	20.192038367198553	29.515385780896725	0.004931087705238702
66.0	30.12383868247267	20.123387768232863	20.201487130961176	29.534398263177557	0.016888155155728727
67.0	30.143526310685164	20.124169125005917	20.205185735913425	29.52605640086897	0.0010624275265229046
68.0	30.157002471625333	20.128921054683587	20.189955863463993	29.523949343761117	1.7126646597091295E-4
69.0	30.1730058848367	20.11596975093857	20.220804997152687	29.490188123597775	3.1243474263402875E-5
70.0	30.205977560822607	20.053248226749155	20.179783632449798	29.560897098006684	9.348197175824548E-5
71.0	30.074717411088265	20.121507131575203	20.258628437761953	29.5362625754543	0.008884444120284319
72.0	30.179147054816564	20.07544845241133	20.21199141708035	29.529772538696147	0.003640536995608714
73.0	30.145943685573663	20.10938787704421	20.22315259507425	29.520051917515776	0.001463924792096942
74.0	30.198362548970763	20.10243733212128	20.161089334533013	29.53810227084146	8.513533478899998E-6
75.0	30.135146855220228	20.111687974154435	20.229123642455715	29.521927710063768	0.002113818105855158
76.0	30.11372083193678	20.142755365159484	20.197147637460276	29.546373879093213	2.286350243833252E-6
77.0	30.16533424424248	20.11220551929557	20.21721885954348	29.50510714524328	1.3423167518646773E-4
78.0	30.14187609651579	20.116678345198373	20.227322278577827	29.51412097676108	2.3029469216966205E-6
79.0	30.216735974836027	20.08333425836938	20.21176817010652	29.4878651613987	2.9643528936958375E-4
80.0	30.25511462576277	20.06715375250179	20.195252809414704	29.481893503692604	5.853086281348425E-4
81.0	30.16807090032092	20.094285956426802	20.25003477659036	29.474980382928862	0.012627983733056266
82.0	30.126721865156973	20.085022607552432	20.284353497870622	29.50072748116193	0.0031745482580426178
83.0	30.202108889573363	20.129873634918834	20.129186005320165	29.536245818616525	0.002585651571112183
84.0	30.207496649179728	20.1223050872886	20.175151582931715	29.49502253202966	2.41485702974423E-5
85.0	30.216471718541566	20.115779010342955	20.186562510392843	29.481012937007378	1.7382371526019976E-4
86.0	30.15216726673078	20.108259692330098	20.21127595217601	29.527979553177335	3.1753558578279345E-4
87.0	30.160839902422936	20.093485132588608	20.242706402466247	29.502942938794185	2.5623728020264057E-5
88.0	30.163098817525512	20.131194764294683	20.195441050952347	29.507370290809558	0.0028950764179022648
89.0	30.124630426821902	20.166551480825987	20.18566548606937	29.523113558877473	3.904740526808128E-5
90.0	30.20689218425917	20.143839683728938	20.151789797096324	29.49745239555182	2.593936374517022E-5
91.0	30.17001326893033	20.11495713828361	20.225893252768948	29.4891115069184	2.4833098712033757E-5
92.0	30.16870412479135	20.135104495139537	20.23177669339507	29.464397657605385	1.7029068662780037E-5
93.0	30.173167916238945	20.142268124042005	20.220539324505445	29.463936082078035	8.855313557003815E-5
94.0	30.187961175414408	20.114761660008423	20.212487727738562	29.48477594359165	1.3493246954963626E-5
95.0	30.214430090777416	20.165387324153148	20.182658974660374	29.437518683394227	4.927014835894501E-6
96.0	30.162773370523087	20.129658791787307	20.23179462929691	29.47577011595372	3.092438975571946E-6
97.0	30.172576821651738	20.12953487521966	20.18462459120866	29.512954993842566	3.0871807737835365E-4
98.0	30.104332984726696	20.17426230595351	20.190760606206812	29.530489995025306	1.54108087681662E-4
99.0	30.111257215584608	20.171992211070005	20.219930469911237	29.496808197511193	1.1905922956045663E-5
100.0	30.11224167902096	20.160726626609886	20.205142476361843	29.521882923868443	6.294138868303383E-6
101.0	30.19282585099454	20.175998796638705	20.16953361265339	29.460729431822614	9.123078907500996E-4
102.0	30.1753105404115	20.12507170294164	20.187332283203947	29.512159715022783	1.2575842013278995E-4
103.0	30.141473606162155	20.1381839377978	20.188939459222677	29.53129133122456	1.1166559281588242E-4
104.0	30.148409479075045	20.161694947632462	20.19410196946671	29.495789116206534	4.487619245098717E-6
105.0	30.197240681755627	20.153415845737587	20.219511793900548	29.429823949517303	7.729088940210899E-6
106.0	30.201202260582228	20.12208794014554	20.205646767528034	29.470962721803968	1.0030994024200336E-4
107.0	30.163288540821686	20.12990171076055	20.23028700334106	29.4763315622455	1.9118283120430767E-4
108.0	30.153405176778836	20.14214168376762	20.200643389373592	29.503782957600507	2.679247944512017E-5
109.0	30.190885733146967	20.152846997313524	20.191872721120195	29.464376160194377	1.8388224932043854E-5
110.0	30.119382405163847	20.148779187391096	20.221734276471157	29.509910707203847	1.9342377005835028E-4
111.0	30.164940618762575	20.15457085980937	20.18949198201823	29.49089633247255	1.0020693727981434E-4
112.0	30.100884465459227	20.164034443249896	20.175474431875536	29.559596654761105	1.000465423184635E-5
113.0	30.142675883486188	20.144142144891703	20.174249110907223	29.538922133608125	1.072710676186527E-5
114.0	30.18316148765998	20.183925304115068	20.17720231756496	29.455710890659994	0.0
115.0	30.22319365782703	20.145826072223475	20.16127338770575	29.462209474431173	0.007497407812569899
116.0	30.126137669843526	20.17272872642629	20.210890229336147	29.490242012383117	1.362010918138302E-6
117.0	30.134058056040374	20.168216478455093	20.253477463178445	29.44285175184138	0.0013962504847074312
118.0	30.164252491601008	20.164177911479346	20.222818684148137	29.448238561797208	5.123509743004545E-4
119.0	30.150448368354088	20.19926862180149	20.15647410405679	29.493805442999754	3.4627878806884245E-6
120.0	30.132567646429326	20.209731630228596	20.178239453140332	29.479445945541364	1.5324660383583773E-5
121.0	30.122934890130495	20.239369229364176	20.20209861016218	29.435593066494757	4.203848391991207E-6
122.0	30.110468588353754	20.21097792830153	20.166161380958638	29.51238998786604	2.1145200369381276E-6
123.0	30.12009736909119	20.196579304821178	20.20274520768881	29.480563231762787	1.4886636033608664E-5
124.0	30.05408307639724	20.22570115327113	20.172113227284616	29.548102543047012	0.0
125.0	30.08842692430726	20.238210334108413	20.202856180027233	29.470288463323758	2.1809823333830653E-4
126.0	30.12050721576224	20.180116643578916	20.22459213441489	29.474766683754822	1.7322489127936672E-5
127.0	30.161721692021302	20.164352600415427	20.23323126396626	29.435518338346732	0.005176105250282049
128.0	30.11858798312931	20.22373270885065	20.225483399494454	29.43219590852559	0.0
129.0	30.142872274493378	20.202679822341242	20.212122039024692	29.441003041513536	0.0013228226271503106
130.0	30.118102272845398	20.182497787101074	20.229080534831958	29.470309780380983	9.624840594130453E-6
131.0	30.158803974207558	20.207600494027826	20.182796257864045	29.450795547638492	3.726262080308773E-6
132.0	30.16093523696723	20.21960458284272	20.21770172429673	29.401748701492252	9.754401063829986E-6
133.0	30.13189903362302	20.286668525237918	20.210329169103378	29.371102516641745	7.553939395257899E-7
134.0	30.076513679742124	20.24188713183655	20.218705362726315	29.462877854527687	1.5971167327676522E-5
135.0	30.042488026140017	20.222774724767618	20.258238474453684	29.476498008716046	7.659226315508501E-7
136.0	30.074367485598053	20.184072854845496	20.26149709862574	29.479273297018448	7.892639122616276E-4
137.0	30.111647267340658	20.241645457476274	20.257637890786672	29.38906627559855	3.108797844272528E-6
138.0	30.1295573042555	20.252085380654332	20.20111388875689	29.417241860629336	1.5657039440160636E-6
139.0	30.099464821487125	20.27113842491394	20.212153622133595	29.41641966948113	8.234619842031122E-4
140.0	30.05642971868392	20.252775443992725	20.186573588953266	29.491120900492085	0.013100347878009466
141.0	30.085969906670673	20.255155525457997	20.23116389005599	29.427709075328256	1.6024870855966394E-6
142.0	30.045394559115685	20.213076205211326	20.259100885271454	29.482391997270124	3.635313141026884E-5
143.0	30.060891290505847	20.263963689350422	20.202229588854966	29.47281033463467	1.0509665409322343E-4
144.0	30.32530509692139	20.16328982083838	20.17065092016943	29.337697093496157	0.003057068574645225
145.0	30.244539411422224	20.144490159357318	20.404163227578547	29.206806374001303	8.276406074282847E-7
146.0	30.49764427173975	20.03335393657112	20.305277548955093	29.163721734630098	2.508103934623161E-6
147.0	30.38189531161222	20.016445720026987	20.285444524661543	29.31387752608194	0.002336917617313581
148.0	30.26081449437847	20.286996451137398	20.26196469651142	29.190178312368754	4.604560395840073E-5
149.0	30.216360734155412	20.184983776236677	20.493066604520898	29.105532086424844	5.679866216775364E-5
150.0	29.927723763991676	20.136972359534447	20.782989627305128	29.152314249168747	0.0
