# Position (bp)	A	C	G	T	N
0.0	25.432686500280884	28.447505966184615	30.09961114915121	16.012686211172447	0.007510173210846617
1.0	27.17478463086508	18.698317721480286	19.484767310946374	34.60972195083695	0.032408385871306226
2.0	29.23045558602533	21.12742257308495	17.400383867734913	32.24117397406284	5.63999091961462E-4
3.0	31.94455632434178	20.021988711743802	19.86420149144067	28.169203799179147	4.967329460196168E-5
4.0	33.71015920738217	18.631876204415082	20.8705004143473	26.787439379960897	2.47938945530541E-5
5.0	34.83794015496804	18.434506887445462	20.50134680398527	26.226008185169775	1.9796843145899847E-4
6.0	28.650751487257576	17.8190855889929	17.818335593484633	35.711777880011596	4.9450253292439075E-5
7.0	27.20914945655463	22.20666231406438	18.224171204332773	32.35996761980093	4.9405247281908565E-5
8.0	26.427367949954096	21.605027955021868	18.642840453993504	33.3247389603167	2.4680713832059263E-5
9.0	32.31639342241	19.041810686734262	19.357694473328372	29.284084977662335	1.6439865028708114E-5
10.0	29.10438855121129	22.55758180366791	22.359087443389846	25.97878614624846	1.5605548248782334E-4
11.0	27.79993898917074	22.537131065906472	20.89509256866427	28.767722447355176	1.1492890333855329E-4
12.0	29.29646247691845	20.728172884856246	20.293384390000956	29.681963838324748	1.640989960013177E-5
13.0	29.593071393377713	20.511941541132266	20.188808417699057	29.705916217966337	2.6242982462470896E-4
14.0	29.64227602290286	20.6312467467529	20.337099927455153	29.38931172562473	6.557726436244553E-5
15.0	29.91501599334096	20.667260587604826	20.18245821489259	29.235224236562647	4.096759897177881E-5
16.0	30.099326793891436	20.562580172105722	20.367894184656084	28.970190658594625	8.190752133015194E-6
17.0	30.08313639743806	20.606902087965373	20.458886974162326	28.851009036151975	6.550428226057243E-5
18.0	30.17993317897229	20.38737926167815	20.692647092167164	28.73999953997822	4.092720417346161E-5
19.0	29.87054156838597	20.569378156830414	20.309552985653234	29.250429093676416	9.819545395962939E-5
20.0	29.55209035761812	20.8869776335183	20.222332188396216	29.338534375232385	6.54452349774349E-5
21.0	29.330640993418793	21.018465439857582	20.195330138653762	29.45521174123668	3.516868331802951E-4
22.0	29.359057857693337	20.746011206440127	20.07984741906403	29.815018101610235	6.541519226955966E-5
23.0	29.465821632829183	20.528357613994793	20.395387739826067	29.610334910768344	9.810258161848658E-5
24.0	29.484679633863536	20.579221294686104	20.473275549500578	29.46266822422115	1.5529772863176816E-4
25.0	29.551922512268035	20.511668048691174	20.458876810010135	29.477418220773448	1.1440825720349118E-4
26.0	29.564278550982166	20.505277978548186	20.406805607597896	29.523597009747395	4.085312435707396E-5
27.0	29.47820315132701	20.577581259509632	20.385389116382612	29.558801964728833	2.4508051916223307E-5
28.0	29.51218328817193	20.541146215957617	20.463532959985965	29.48306402301312	7.351287136864794E-5
29.0	29.47190889098997	20.578370838753116	20.363800979329735	29.58586212238853	5.716853865046477E-5
30.0	29.438618173310992	20.552979193804006	20.43688943289309	29.571374042895908	1.3915709600096068E-4
31.0	29.42807644135723	20.495909674386205	20.388499910361954	29.68730064765027	2.1332624433813686E-4
32.0	29.510208550155813	20.45502719573916	20.481430426705003	29.552675802952276	6.580244477468133E-4
33.0	29.601298752915522	20.418400560849108	20.442907199822947	29.53718734039144	2.0614602097774896E-4
34.0	29.449511462049067	20.53368972392075	20.473802613273776	29.541929740613742	0.0010664601426642589
35.0	29.41032931722512	20.567727477411932	20.40912946789655	29.612631326539525	1.8241092687883877E-4
36.0	29.5036702024142	20.42774949142788	20.487713596133023	29.580600572528287	2.661374966109053E-4
37.0	29.463226568055823	20.50825835767023	20.35748516319175	29.67074622051151	2.8369057068446774E-4
38.0	29.49173815286207	20.366003850865567	20.357163218582876	29.784692930767555	4.01846921940482E-4
39.0	29.509718505219123	20.44324962694156	20.335853824769938	29.710715999177058	4.62043892321595E-4
40.0	29.452386659282343	20.442906052788594	20.462027283838403	29.642266891074154	4.131130165082491E-4
41.0	29.491253365278265	20.388453856570386	20.36685785447104	29.753121815499394	3.131081809074755E-4
42.0	29.38420444725658	20.55472282718211	20.44781794771855	29.612116407384388	0.0011383704583691127
43.0	29.433623740052	20.40640905938638	20.374706460975908	29.78499633803857	2.6440154714138856E-4
44.0	29.44028887564634	20.448381771893274	20.41292492758325	29.6981988779536	2.0554692353637316E-4
45.0	29.477730661238045	20.40019153978704	20.432189384577367	29.687970264024365	0.0019181503731834665
46.0	29.44450439399486	20.39438778899943	20.488188436229944	29.672616993131566	3.023876441989479E-4
47.0	29.469722395150814	20.445731362962835	20.364565582115826	29.71972896947491	2.51690295611988E-4
48.0	29.482465118850442	20.399187578730345	20.374388011379896	29.74368897226721	2.703187721040096E-4
49.0	29.54147524593712	20.37853330611165	20.398853184280004	29.68080529455937	3.329691118574682E-4
50.0	29.52269766989703	20.39800789122758	20.340991623407685	29.738073869836306	2.2894563140035123E-4
51.0	29.533833708075992	20.311535716198044	20.378011419731095	29.776327091260935	2.920647339356652E-4
52.0	29.45251103596376	20.38354984139903	20.466077684537055	29.69763011814311	2.313199570492221E-4
53.0	29.529678747837533	20.382436235283173	20.32112693190499	29.76653445897715	2.2362599714832127E-4
54.0	29.483342302600928	20.356267764074474	20.405783877859175	29.75437219189441	2.338635710085807E-4
55.0	29.422547855654873	20.433073729605645	20.369333735228803	29.774746152713284	2.98526797393662E-4
56.0	29.446301641086485	20.40821525930186	20.40995315860924	29.735256972524816	2.7296847760020673E-4
57.0	29.46877567947584	20.386160738393677	20.42094158337417	29.72382910743016	2.92891326151516E-4
58.0	29.462560098400857	20.38466476129817	20.37141239967944	29.780911478829097	4.51261792437626E-4
59.0	29.53050448047864	20.36746068895126	20.360881084963726	29.740875734170285	2.7801143609309414E-4
60.0	29.50944804218097	20.421147383861257	20.380085770453267	29.688899045984435	4.197575200725714E-4
61.0	29.479604656534562	20.417991395289008	20.380366911487158	29.721586331617523	4.507050717466136E-4
62.0	29.535237444061206	20.364442867885653	20.333016739991148	29.766660054952233	6.428931097552789E-4
63.0	29.5589127203794	20.331336743816713	20.354349413638698	29.755001232991617	3.9988917357189574E-4
64.0	29.45633341730664	20.325583719164623	20.387513632876058	29.82841156100495	0.002157669647735017
65.0	29.46845449607938	20.398922866140595	20.345962689835957	29.786244536127015	4.154118170557272E-4
66.0	29.416754758414466	20.376312372364307	20.37122154539207	29.8354387747752	2.725490539627659E-4
67.0	29.430515521113236	20.41286378973219	20.380945225035692	29.77544985656264	2.2560755624445423E-4
68.0	29.440762496019275	20.370194419598032	20.346930468469534	29.841677590902677	4.350250104776762E-4
69.0	29.47202236548182	20.3571196826985	20.369010913718004	29.801478240492525	3.687976091548724E-4
70.0	29.524715010414653	20.30859529091928	20.334022618260942	29.832295218305667	3.7186209946306125E-4
71.0	29.40961047462246	20.40280475543838	20.375193866652584	29.811904367801368	4.865354852122101E-4
72.0	29.434500425169198	20.314529088812712	20.414727092092182	29.835967310030764	2.760838951470177E-4
73.0	29.452066879138943	20.34792653806553	20.38102623718638	29.818392227513797	5.8811809535169E-4
74.0	29.49068432420972	20.323943547569126	20.333940583864408	29.85102541475725	4.0612959949581614E-4
75.0	29.43011262902891	20.322945707522766	20.395350533754335	29.85111810164805	4.73028045937961E-4
76.0	29.45179663177251	20.371553090559896	20.329742939216487	29.84644030451886	4.670339322442031E-4
77.0	29.482596669268858	20.355826013647878	20.332348417813726	29.828810805097145	4.18094172389018E-4
78.0	29.40301116655734	20.373313253690633	20.385877472009955	29.837169896826104	6.282109159661754E-4
79.0	29.449036563528157	20.332832762980868	20.360668984417956	29.85702384052505	4.378485479683335E-4
80.0	29.51846129979642	20.298002333845204	20.35344941480148	29.829611153416575	4.757981403153059E-4
81.0	29.413464003103172	20.3093304046979	20.422902296063157	29.85387814276449	4.2515337128162816E-4
82.0	29.386413919932096	20.295374168906495	20.434573489885416	29.88302730230584	6.111189701513651E-4
83.0	29.482905240609725	20.32748758441982	20.28616433827903	29.903053534843604	3.8930184782122066E-4
84.0	29.44476620692101	20.314062580754463	20.360507622989555	29.880165301706207	4.982876287696908E-4
85.0	29.467696265401276	20.292661821348933	20.38175178508413	29.85716276738721	7.273607784543536E-4
86.0	29.439652837247145	20.307823470315903	20.343584294321325	29.90653950228537	0.0023998958302641595
87.0	29.487847021622414	20.29183420762754	20.374172405426016	29.845436241998474	7.101233255532703E-4
88.0	29.44751155476982	20.31084297526709	20.363934848112482	29.877247150412945	4.6347143765790804E-4
89.0	29.41852718810229	20.31356563824668	20.346714019848967	29.92050075940828	6.92394393781507E-4
90.0	29.441974674605593	20.339758301368985	20.32689398802741	29.890457738849925	9.152971480845464E-4
91.0	29.430515045366533	20.298870743631596	20.37664521826273	29.893269353206147	6.996395329918839E-4
92.0	29.415856521796385	20.316563930545513	20.382742294016293	29.884140095696548	6.971579452638059E-4
93.0	29.466026996553758	20.273685891246902	20.408132499124644	29.851643359398096	5.112536766021609E-4
94.0	29.420784060811727	20.289010713456747	20.36663403619572	29.92301188612955	5.593034062509613E-4
95.0	29.49057134358591	20.271577458483627	20.351745329247173	29.8855645596302	5.41309053096193E-4
96.0	29.399607344755594	20.29804426425577	20.385530318499875	29.916033752719663	7.8431976909626E-4
97.0	29.41409240319383	20.302199828754926	20.351960842910987	29.9310330540511	7.138710891587197E-4
98.0	29.384608547185813	20.33199424174473	20.380397545248826	29.90228743357366	7.122322469702352E-4
99.0	29.335243410877897	20.336118145944564	20.38514160018646	29.94274263600274	7.542069883369141E-4
100.0	29.340419753035334	20.292230581922418	20.395775338467374	29.970835460037513	7.38866537355171E-4
101.0	29.436046616731648	20.336955932244244	20.381352102151865	29.844952364883188	6.929839890568789E-4
102.0	29.336452959662502	20.248717771804948	20.41917955528114	29.994789183198705	8.605300527059291E-4
103.0	29.32769342345813	20.279741119165237	20.399946547481772	29.99197584849599	6.430613988749876E-4
104.0	29.346764279272286	20.251779766966006	20.43326128227177	29.967537768326917	6.56903163020774E-4
105.0	29.383194119864058	20.26002122501959	20.47367943671509	29.881337012511366	0.0017682058898938191
106.0	29.397227286708212	20.215349999840935	20.398743088434713	29.987859186657595	8.204383585406043E-4
107.0	29.357158964495966	20.21539643623099	20.43001834867416	29.996603747461375	8.2250313750676E-4
108.0	29.310070985016928	20.228825634704894	20.458644606853362	29.999475251067793	0.0029835223570247823
109.0	29.34548247278128	20.265290632522714	20.419592547237308	29.968662876851887	9.714706068075264E-4
110.0	29.304379514073236	20.236893542267712	20.459915804988345	29.99770350389186	0.001107634778845948
111.0	29.36246607778105	20.26669522941989	20.417275283960844	29.952596572280036	9.668365581755984E-4
112.0	29.32912830071257	20.24323383271668	20.410236186259358	30.01607672872571	0.0013249515856845215
113.0	29.272998739871962	20.22086520238426	20.475436724773687	30.029195839452548	0.0015034935175373498
114.0	29.349630390635518	20.24016969574844	20.440335196176644	29.968316247864145	0.0015484695752568602
115.0	29.37922087101363	20.240296653704316	20.411334937411567	29.96818951910438	9.580187660973764E-4
116.0	29.302537884098857	20.264943654586506	20.47328037595548	29.95789752206765	0.0013405632915092238
117.0	29.313799404584184	20.243842363412693	20.535097131124633	29.905920483676507	0.0013406172019819322
118.0	29.31456388555326	20.18446404397781	20.518272925396975	29.981029042148926	0.001670102923032954
119.0	29.30268865398113	20.231373391279885	20.45468230771725	30.009476001726988	0.0017796452947519234
120.0	29.237293713332157	20.24885022205751	20.477565407226944	30.034619910042913	0.0016707473404740062
121.0	29.19552261360244	20.313252770987024	20.540528729229116	29.94916895399353	0.0015269321878884792
122.0	29.221515675307224	20.28776915243549	20.483478958588936	30.00561718975317	0.001619023915178514
123.0	29.25148487385951	20.263749590918184	20.507135361232855	29.97608268410401	0.0015474898854341654
124.0	29.142515120967744	20.292998751920123	20.483300931259603	30.079265072964667	0.0019201228878648233
125.0	29.232243808468578	20.305075356005187	20.480874557747754	29.980200949347168	0.0016053284313108293
126.0	29.231581464579854	20.259610613888253	20.577607284544918	29.928948395178345	0.0022522418086296635
127.0	29.366098214978305	20.210131219325728	20.59497694908953	29.826732067845217	0.0020615487612188435
128.0	29.283332007643377	20.31028544262938	20.58753345825649	29.816962295527738	0.0018867959430187624
129.0	29.37135870804406	20.233121309567803	20.59235613702658	29.800726489342466	0.002437356019090001
130.0	29.2651313456822	20.23090656948702	20.63334613117155	29.86839206701871	0.0022238866405255085
131.0	29.16304417735348	20.29213193072346	20.61142072494163	29.930929454672373	0.0024737123090575203
132.0	29.143093801011226	20.315356689424	20.484897039154315	30.053645747961006	0.0030067224494506914
133.0	29.47225885666519	20.156577392021624	20.278939646369928	30.089751608832177	0.002472496111079255
134.0	29.432132326368826	20.321919432097797	20.428780893147746	29.813944816442277	0.0032225319433478884
135.0	29.00475053498303	20.41319936049758	20.4734782440234	30.104887798067647	0.0036840624283433973
136.0	28.7049970695519	20.64743413933058	20.190468496088364	30.45313161078263	0.003968684246520492
137.0	27.624327108460296	21.24529527061964	20.60124337129183	30.524484634223576	0.004649615404656831
138.0	27.95563058344232	21.244654801471967	21.02590892603159	29.768360116627544	0.005445572426574763
139.0	28.102160792373954	21.563530603518156	21.71096369011415	28.61649009151732	0.006854822476418866
140.0	27.57685029339047	22.158760595759443	22.19636966537198	28.060868425199665	0.007151020278439542
141.0	26.820114620646944	22.981321267764592	21.823270326382886	28.367341068337527	0.00795271686805089
142.0	24.81856029705477	24.141794893433477	24.00606674355584	27.031233883747312	0.00234418220859471
143.0	30.583882767169335	19.61573852272641	21.506627426824537	28.2926105901946	0.001140693085118518
144.0	32.14540790858056	19.42471181832843	19.12750647016811	29.301605830447038	7.679724758664648E-4
145.0	27.293745248033268	20.896240321504493	19.66150480239577	32.14424255589864	0.004267072167827827
146.0	27.581201945708457	20.86654636748784	19.718343009571633	31.832731837439198	0.0011768397928761964
147.0	28.517679183054657	20.442684044879606	20.627234951163466	30.41160805356342	7.937673388553081E-4
148.0	30.760151749332582	19.301069872940044	20.662397880326782	29.274774684357375	0.0016058130432164437
149.0	31.65062183045122	20.507209010552643	19.85309940760651	27.915578852486306	0.0734908989033209
150.0	20.997808650511672	27.21230559751505	24.72437929493862	27.03784864795864	0.027657809076016424
