# Position (bp)	A	C	G	T	N
0.0	25.475471704885845	26.86439104468147	32.52318893381744	15.127192540066275	0.009755776548973014
1.0	27.348911213774517	17.994319637410264	19.13116461571745	35.45882712861843	0.06677740447933357
2.0	29.87720212939412	20.224906085842154	17.25114257646517	32.646746825543204	2.3827553551973886E-6
3.0	33.079658041911145	19.494210062177704	19.692028391678708	27.734076927675616	2.6576556825868042E-5
4.0	34.85096420559514	18.225391231742986	20.535099072454173	26.388545017541333	4.7266636803290423E-7
5.0	36.10306453193531	17.853377780906303	20.284232340627646	25.758815656161428	5.09690369312935E-4
6.0	28.63536506714823	17.270554942297498	17.20440916575809	36.88966894706844	1.8777277486949826E-6
7.0	27.40678631471527	22.04630457655505	17.97465222036419	32.5722550150234	1.8733420863993427E-6
8.0	26.763692933243995	21.392911526293382	18.547920593838267	33.29547307598126	1.8706430939385473E-6
9.0	33.619083382058804	18.360967142366867	19.002179136783383	29.017768003722992	2.33506795101444E-6
10.0	29.89312949700698	22.298962593278908	22.46275940805314	25.34514616979472	2.3318662521174335E-6
11.0	28.158498307582192	22.313305307483493	20.77314131291953	28.755052742279158	2.3297356282173592E-6
12.0	29.876911048844047	20.281038167920737	19.96735331661327	29.87469700109467	4.655272811974993E-7
13.0	30.221742352774495	20.020754565506724	19.82865122627337	29.92884441336549	7.442079919938105E-6
14.0	30.308332468699785	20.189174772436775	19.99764045086118	29.504840689186334	1.161881592879246E-5
15.0	30.670857152824066	20.1918543947495	19.82963182556306	29.307655233722862	1.393140508631699E-6
16.0	30.85310084701255	20.044587028417883	20.10666921037221	28.995638737391765	4.176805591521203E-6
17.0	30.81529993735092	20.13509423212192	20.161650648675188	28.88795147143015	3.7104218174954917E-6
18.0	30.963921784160025	19.86242472767418	20.405597106789873	28.768051282884866	5.09849105105203E-6
19.0	30.63791890164498	20.043641248243688	20.01770155075631	29.30073598107512	2.3182799027077274E-6
20.0	30.28321284679275	20.381632143720196	19.91635723161149	29.418793603492215	4.1743833428152905E-6
21.0	30.079316954907053	20.467668453106224	19.868228321279883	29.58478116632423	5.104382605735998E-6
22.0	30.051088835587535	20.18581798385529	19.804041624206693	29.95904830646295	3.2498875341598583E-6
23.0	30.181403971319693	19.964399517659498	20.085094730857346	29.769079019488707	2.276067475646078E-5
24.0	30.19998612895302	20.018265326987482	20.180349547502065	29.601395278027315	3.718530120263632E-6
25.0	30.29447613240536	19.97077972666475	20.144321699459304	29.59041918558471	3.2558858707069767E-6
26.0	30.296029120818623	19.974496872117605	20.0981795020006	29.63116929807309	1.2520699007818385E-4
27.0	30.24147285181326	20.027687372627657	20.137912661751457	29.592924784851753	2.328955868251935E-6
28.0	30.248149035282136	19.989572875409266	20.213575977115465	29.54869884908425	3.2631088838227933E-6
29.0	30.195765482623127	19.992128038200427	20.14454571458475	29.667280389515156	2.8037507654041325E-4
30.0	30.215620042464685	19.997590302732043	20.157692096152296	29.628951726019636	1.458326313385154E-4
31.0	30.209443927756308	19.92263337972826	20.13479465579019	29.731169646559607	0.001958390165633307
32.0	30.28988916042709	19.93120302371128	20.19902786758933	29.579832559679364	4.7388592936960125E-5
33.0	30.3915594043821	19.87568477492701	20.160575438506367	29.572177091596334	3.290588185398846E-6
34.0	30.18579059404137	19.975854708719165	20.204047680121327	29.634223656804554	8.336031358171928E-5
35.0	30.15394788475943	20.03274464497153	20.16002242453929	29.653282686007042	2.359722708606956E-6
36.0	30.2549884537807	19.892625558735872	20.23136220077871	29.621021895087395	1.8916173172476943E-6
37.0	30.228788382616973	19.993556545002086	20.11611724803956	29.661534033237462	3.7911039187551265E-6
38.0	30.32699008327856	19.81515756059874	20.100996173906008	29.75683623770186	1.9944514834599544E-5
39.0	30.315360326616194	19.885533605522692	20.1041033486465	29.694983209752067	1.950946254376145E-5
40.0	30.23375816540576	19.919830425054457	20.20154155218025	29.644867473165455	2.3841940788149044E-6
41.0	30.27859146134771	19.859214773754672	20.118242356710613	29.743949974624268	1.4335627322010249E-6
42.0	30.186056352828082	19.984763772633592	20.204781691680456	29.62439483088976	3.3519681051998524E-6
43.0	30.24409828112174	19.883411843070505	20.134206050399037	29.73819745236567	8.637304304236491E-5
44.0	30.21093334087509	19.897616051020613	20.197271955856262	29.694174805067824	3.847180210947528E-6
45.0	30.26664974470646	19.891855314811206	20.19305579660706	29.64795816539811	4.8097847716739264E-4
46.0	30.263992505431364	19.830534864769533	20.25616982047383	29.649301360304236	1.4490210346269078E-6
47.0	30.19865792890495	19.915018073937933	20.16727577923859	29.718975606549392	7.261136913964531E-5
48.0	30.2532559345691	19.872036443949657	20.166397714178046	29.708307481474026	2.4258291693935213E-6
49.0	30.31919406381588	19.88028927980412	20.16272888534453	29.63776248631148	2.5284723983103347E-5
50.0	30.284966826174458	19.874725825680883	20.139719739849216	29.700585658957944	1.9493374981578763E-6
51.0	30.289052050458466	19.826252048022067	20.163229833381045	29.72146411433254	1.9538058841785143E-6
52.0	30.23879335614214	19.84325962898692	20.238336139486886	29.679597167207216	1.3708176835931594E-5
53.0	30.306478337745286	19.821117178398097	20.162852446991845	29.70915895510762	3.930817571482801E-4
54.0	30.282870689848146	19.813077191101787	20.19188759693905	29.71216206278547	2.4593255467905795E-6
55.0	30.25087745845206	19.874969936061003	20.121058776854827	29.75285500467784	2.3882395426762075E-4
56.0	30.256569049803506	19.887822644782936	20.109192117036372	29.746415693788535	4.945886511628753E-7
57.0	30.252312375669703	19.891374273502745	20.162524853664348	29.693788497163204	0.0
58.0	30.288016864743838	19.92522583491319	20.086322544012987	29.700427795941103	6.960388879313106E-6
59.0	30.321630704237123	19.899412459424422	20.09143529036417	29.68744878645722	7.275951706319067E-5
60.0	30.350943956185745	19.904020520577685	20.08121329806031	29.66382122598953	9.991867319432694E-7
61.0	30.30105426600172	19.954684473553545	20.056818711642258	29.687441547201647	1.0016008285562566E-6
62.0	30.30440651376644	19.905581920421973	20.054527065025344	29.73548349665265	1.0041335962797734E-6
63.0	30.38186058893602	19.871035698288736	20.037532985252213	29.70882478907483	7.459384481993816E-4
64.0	30.33843896179993	19.83558558990425	20.088652988660687	29.737151399619105	1.7106001602817212E-4
65.0	30.30324206788207	19.89670031429577	20.05093837181634	29.749119246005822	0.0
66.0	30.260090945599984	19.90342485211596	20.083066768745756	29.753416419205347	1.0143329557563434E-6
67.0	30.27159692658752	19.896746683256005	20.094575885515017	29.737080504641455	0.0
68.0	30.293647040232248	19.91581246658676	20.056687968303063	29.733847427268262	5.097609667106972E-6
69.0	30.303030922536234	19.89008559412541	20.107685736380823	29.699197746957534	0.0
70.0	30.32842807764851	19.85639572777016	20.04512969078824	29.770036255034555	1.0248758533289304E-5
71.0	30.19250328774955	19.92538022629072	20.12047028737384	29.761644143389184	2.0551967056512134E-6
72.0	30.31949600825318	19.846738181628794	20.09645436254024	29.733206269980766	0.004105177597025741
73.0	30.26757312860106	19.91077904297777	20.088084219124276	29.733559476080284	4.13321660922968E-6
74.0	30.348590928417373	19.87609158451075	20.01412428339408	29.760938817571724	2.5438610607125546E-4
75.0	30.2725351625098	19.886747830584596	20.084056115038674	29.756660891866925	0.0
76.0	30.24098898577547	19.926585660626987	20.06950445706472	29.762920896532822	0.0
77.0	30.28892902245518	19.897065297099182	20.090622213383995	29.723382944584408	5.224772344782581E-7
78.0	30.260453952406934	19.911585207410454	20.097430991219397	29.730529848963215	0.0
79.0	30.32260963616239	19.87303586861756	20.076278093821408	29.727722210089446	3.541913091941831E-4
80.0	30.38851314858631	19.843829825511172	20.065232077262934	29.70242494863958	0.0
81.0	30.286153664105253	19.883537574068633	20.133445662011475	29.696836143807193	2.695600744700404E-5
82.0	30.24544879654436	19.851234546100137	20.181944019170885	29.721359914878537	1.2723306082379655E-5
83.0	30.327501203876515	19.903248131852582	20.02045827075212	29.74879239351878	0.0
84.0	30.324923345677362	19.894572524374095	20.059507545224697	29.720995518108346	1.0666154975658634E-6
85.0	30.341261189512952	19.882219093373212	20.049961961451626	29.72570726008592	8.504955762836603E-4
86.0	30.271554812104856	19.877095623127154	20.087394625950292	29.763351850921822	6.030878958756944E-4
87.0	30.308292902671646	19.84929111519948	20.116112652846656	29.72630279105235	5.382298702486023E-7
88.0	30.307368517169163	19.88280363439944	20.074374170161565	29.73543046185272	2.3216417112499264E-5
89.0	30.252038727650287	19.924815153290893	20.071603522448605	29.751542596610214	0.0
90.0	30.335281133756915	19.90877192166522	20.037679060376284	29.716050593180494	0.002217291021081912
91.0	30.295934398081926	19.884101561471187	20.098448357449104	29.721515682997783	0.0
92.0	30.29501755820846	19.90038655498524	20.10234114075952	29.69793643216675	0.00431831388003198
93.0	30.276460233601565	19.9237859639858	20.099758781398744	29.699995021013887	0.0
94.0	30.303660804384453	19.87543447613415	20.092734251239538	29.72743354914606	7.369190957988385E-4
95.0	30.325509962972948	19.94218037191029	20.055202210500315	29.677107454616447	0.0
96.0	30.31016350116597	19.891388306220662	20.106489349453106	29.691948318406336	1.0524753927652597E-5
97.0	30.31713929386029	19.876233810406692	20.053725773965933	29.752901121767085	0.0
98.0	30.251407194533787	19.93260891138208	20.064816925922752	29.751166968161385	0.0
99.0	30.221503925028653	19.931353690963935	20.105824774539123	29.74018287094632	0.0011347385219729722
100.0	30.23088261540658	19.93135432986138	20.096800213179048	29.740962841552992	0.0
101.0	30.327872902995335	19.95195123023329	20.04744010671314	29.672735760058238	0.0
102.0	30.298075923841488	19.889629851315103	20.065422686945144	29.74686984142193	1.6964763287519369E-6
103.0	30.270582751670695	19.893844445556653	20.059432500311694	29.775073369118466	0.0010669333424938262
104.0	30.266152314758195	19.939828148149296	20.063495667444027	29.729374269013075	0.0011496006354044376
105.0	30.31808435640374	19.917620139759578	20.091854616816544	29.67243859992318	2.2870969599832877E-6
106.0	30.33289127959362	19.888394973753947	20.078173019301186	29.70054072735125	0.0
107.0	30.28817852492412	19.905180081072174	20.08085894345479	29.725782450548916	0.0
108.0	30.27983732035193	19.903963038475784	20.07005291361463	29.74594438479733	2.0234276032258963E-4
109.0	30.31052916730326	19.924538436369673	20.063764141491674	29.701147943385305	2.031145008845027E-5
110.0	30.236622890358994	19.92982192542372	20.093622845916386	29.739929425559588	2.912741313263132E-6
111.0	30.30989401236543	19.91673237233967	20.06023124638611	29.713141199317793	1.1695909989399528E-6
112.0	30.219497498155373	19.940572753857523	20.050557734000463	29.788660414505873	7.115994807648818E-4
113.0	30.25000731751793	19.915477628452734	20.05063156574832	29.783883488281017	0.0
114.0	30.316217811073624	19.94047593863602	20.03937816060069	29.703888443354153	3.9646335514948885E-5
115.0	30.35822246111723	19.891972280088353	20.040385064997626	29.709420193796788	0.0
116.0	30.25244643399973	19.936999492722258	20.084899825769423	29.725654247508587	0.0
117.0	30.257271266392475	19.92864873956889	20.1221426475316	29.691937346507036	0.0
118.0	30.292862610006072	19.915336839533786	20.094904436055057	29.696896114405085	0.0
119.0	30.291034901168594	19.937932515806366	20.019573743078535	29.75144373842763	1.5101518873316512E-5
120.0	30.269346501445987	19.9558908895916	20.041185416478303	29.733577192484105	0.0
121.0	30.254285756862043	19.9830255702821	20.069425662455842	29.693263010400017	0.0
122.0	30.250949138220157	19.964412995375078	20.04288685594498	29.74174733942568	3.6710341061400585E-6
123.0	30.257515169667865	19.955876615649125	20.07194337046522	29.714664844217793	0.0
124.0	30.192868220445813	19.979287556329652	20.045983059445906	29.781861163778633	0.0
125.0	30.238231461947795	19.96892262381851	20.058389639239145	29.734456274994546	0.0
126.0	30.257529465727572	19.926113760149136	20.098178963563793	29.716046148386173	0.0021316621733313396
127.0	30.290252543718587	19.903955620139484	20.101164086808044	29.704627749333884	0.0
128.0	30.246363438145952	19.986792035712433	20.082232039874004	29.684612486267607	0.0
129.0	30.280562096036746	19.945016787402515	20.07067931348053	29.703740538316197	1.2647640172309933E-6
130.0	30.236196299033562	19.927083464097976	20.097573966969925	29.738285010931794	8.612589667466642E-4
131.0	30.273923461221546	19.954436375682793	20.050870006938684	29.720763768004637	6.388152338473236E-6
132.0	30.298288981265593	19.984961430337812	20.084773553529146	29.629326536232735	0.002649498634718362
133.0	30.302317787821192	20.039447189711247	20.0548196109808	29.603412829839055	2.581647706701689E-6
134.0	30.253750127129468	19.97960336332431	20.070030472342424	29.69660371107048	1.2326133320976062E-5
135.0	30.197688118485633	19.96989552488434	20.11125155735713	29.721164799272902	0.0
136.0	30.225741372621286	19.937308917064932	20.08048678152379	29.75645309176736	9.837022635441587E-6
137.0	30.23990166556663	19.995487808705246	20.109550813480023	29.65505641501957	3.297228527091022E-6
138.0	30.28367286027539	19.99684529820169	20.062502703475847	29.656842513447472	1.3662459959872957E-4
139.0	30.251963381893702	20.019749550687614	20.061792582377674	29.66649315076517	1.3342758391005572E-6
140.0	30.211744842614202	20.006815790150974	20.02371567471004	29.757720336976263	3.355548518597473E-6
141.0	30.234681369118082	20.00135923009328	20.079532521569117	29.68442687921953	0.0
142.0	30.194225987934782	19.966620986981017	20.10924959010278	29.729903434981424	0.0
143.0	30.169302515226697	20.05979281829383	20.050647056968252	29.72025760951122	0.0
144.0	30.37920497787227	19.951155322787802	20.05481901151224	29.614820687827688	0.0
145.0	30.329867007611245	19.938732392117817	20.196929885151302	29.534470715119642	0.0
146.0	30.531022137115944	19.837766446727436	20.116843888399906	29.51436752775672	0.0
147.0	30.436748395941372	19.84104925472449	20.118966494451385	29.603235854882755	0.0
148.0	30.354867036349027	20.021162468576005	20.089905009643076	29.533822323411968	2.4316201992435562E-4
149.0	30.336978364426482	19.94776376217187	20.25681889640822	29.458438976993428	0.0
150.0	30.099371834752915	19.86404867577766	20.470892535267424	29.565686954202004	0.0
