# Position (bp)	A	C	G	T	N
0.0	22.961895054555956	28.787539447358835	28.794956238354864	19.454277159377643	0.0013321003527057966
1.0	27.199971192270457	17.558543202054768	18.697952502654317	36.5183779048152	0.025155198205257825
2.0	29.425781065353227	20.950020619313765	19.145180815553697	30.47664115282167	0.0023763469576367686
3.0	34.79171020672599	19.212940706380223	19.706653942766593	26.28797595723989	7.191868873052127E-4
4.0	34.0130292352385	18.595060990955076	21.18694478661818	26.2039993522555	9.656349327409634E-4
5.0	35.31904663793568	18.683700020671573	20.307066676399817	25.686929015998977	0.003257648993949301
6.0	25.813572190720897	19.21485739028946	16.760991716214903	38.20911319457527	0.0014655081994757741
7.0	26.082379800366716	23.466530013943345	18.48993065782283	31.96015506225133	0.0010044656157799847
8.0	25.714012341505292	22.582488262132177	18.830793123082938	32.872221492215644	4.847810639413466E-4
9.0	33.87377434994925	18.572707492138463	19.545554008481666	28.006536517010282	0.0014276324203425722
10.0	28.947108783062532	23.37904919298882	23.242662384615045	24.430653213253848	5.264260797593248E-4
11.0	27.085508104469124	23.29361809812398	20.937265859836298	28.682903581160147	7.043564104537693E-4
12.0	28.882021741437086	20.78038607433194	19.955101363320267	30.381651134302107	8.396866086016309E-4
13.0	29.174902249606916	20.656206840543856	19.96674909879071	30.201641657282423	5.00153776093192E-4
14.0	29.163132823420586	20.866970861022992	20.417847273917772	29.55159998583356	4.49055805096902E-4
15.0	29.45792614626834	20.903282255401738	20.272722568896437	29.365535518014607	5.335114188803932E-4
16.0	29.497152546895194	20.828834191513952	20.374966859566843	29.29874166240878	3.047396152357618E-4
17.0	29.521488898264224	20.884028267486823	20.40894914827434	29.185017534756863	5.161512177530296E-4
18.0	29.472411202552085	20.782798939608753	20.523072103187687	29.22115105331171	5.667013397665495E-4
19.0	29.343267272418583	20.814979947686087	20.360750563284345	29.47947182834218	0.001530388268804498
20.0	29.276103398561983	20.894577374593563	20.293477785889134	29.535427280067676	4.1416088764313803E-4
21.0	29.249937470847897	20.8997099999324	20.371930156627077	29.477949179009133	4.7319358349500785E-4
22.0	29.276340909751355	20.67842258314563	20.32247758533185	29.72210001466491	6.589071062624559E-4
23.0	29.33962131096412	20.5168706126792	20.515899394272193	29.62679792584908	8.10756235412194E-4
24.0	29.29194926870983	20.641985832585323	20.531715837430955	29.523440268491395	0.010908792782499527
25.0	29.41863010317417	20.574696915377395	20.532835669327053	29.467725688378604	0.006111623742780328
26.0	29.416188176775222	20.62260556366296	20.423340859704396	29.537325249876332	5.401499810820909E-4
27.0	29.302545136525556	20.673278876465517	20.450918864712527	29.572295145849974	9.619764464286288E-4
28.0	29.295395697656467	20.683959060493848	20.520526702557497	29.499654506475785	4.6403281640077583E-4
29.0	29.28136071506511	20.690628760974867	20.40760479187898	29.61958747554615	8.182565348961527E-4
30.0	29.238840653730453	20.634037005644625	20.479088804391687	29.64736507249912	6.684637341078035E-4
31.0	29.264885586497464	20.652601779020607	20.408755810979017	29.673332463111624	4.243603912874398E-4
32.0	29.323328819728722	20.629639329389153	20.547997689615666	29.49677792656629	0.002256234700174505
33.0	29.49558877727201	20.55377404136672	20.501853187572305	29.447673661334083	0.001110332454889541
34.0	29.248713391286707	20.72646438280482	20.565389814336264	29.45902113547846	4.1127609375449833E-4
35.0	29.208084988224503	20.777223054016442	20.505432584638275	29.508700416577412	5.589565433645796E-4
36.0	29.30545448017488	20.63785028660912	20.544543517496898	29.511538934236636	6.127814824685808E-4
37.0	29.284939585780567	20.671763845719372	20.36895641236213	29.672009868637623	0.002330287500303197
38.0	29.322704389730177	20.502012121245848	20.450476566930398	29.72192886093643	0.00287806115714753
39.0	29.332026430737578	20.639043947800122	20.410478554156086	29.617682985638183	7.680816680289934E-4
40.0	29.246482450939897	20.56165999890998	20.582987240281252	29.60764359919016	0.001226710678709227
41.0	29.272086106163343	20.568279988765152	20.431978715362035	29.72734731332553	3.0787638393733256E-4
42.0	29.173888819012923	20.780278630814173	20.48430581837556	29.561102765251135	4.239665462130601E-4
43.0	29.29491306176529	20.500356296243343	20.4463752422983	29.757149119157987	0.001206280535084758
44.0	29.254489330874627	20.606233141460038	20.530305689054103	29.60719034043183	0.0017814981793979356
45.0	29.302748985787836	20.575473981191504	20.54701475612162	29.567336575293258	0.0074257016057856055
46.0	29.321911394030575	20.5323069200313	20.612887864879944	29.53221984192763	6.739791305507461E-4
47.0	29.324555502960546	20.635808680776332	20.420388786647557	29.618786672833643	4.6035678192195165E-4
48.0	29.268918338845452	20.55594334132541	20.43630704871212	29.738241885106724	5.893860102973897E-4
49.0	29.333441186914083	20.550925928456273	20.544221516680047	29.565845613064713	0.00556575488488361
50.0	29.323314533438307	20.56291493475414	20.469277013647798	29.642845930105103	0.001647588054657086
51.0	29.4022043474994	20.453290716524677	20.47799335824505	29.66588619439618	6.253833346929289E-4
52.0	29.304458886946044	20.535440563716598	20.563491085710474	29.596332193228264	2.772703986214855E-4
53.0	29.353344231356377	20.52911298272587	20.410488073092488	29.70644166419667	6.130486285962849E-4
54.0	29.290803016604205	20.465233295789925	20.60022152632854	29.643387420422524	3.5474085480410134E-4
55.0	29.282284859955652	20.592986141629044	20.465493520595277	29.65557567197554	0.003659805844484715
56.0	29.295313375131965	20.49821385226506	20.554203430562122	29.651118418948645	0.0011509230922058262
57.0	29.33427789177439	20.502792416494504	20.59464310544106	29.56795461870298	3.3196758706419057E-4
58.0	29.334127589510707	20.543424583144258	20.493840795125966	29.627987115654115	6.199165649526642E-4
59.0	29.32400174391751	20.592059036116265	20.50236910906247	29.581196003186633	3.741077171227663E-4
60.0	29.369035016180593	20.632846111593132	20.429346673712693	29.567518113331097	0.0012540851824819348
61.0	29.313979951882114	20.63750526801905	20.44406719891409	29.603156958971894	0.0012906222128503857
62.0	29.339610972147877	20.55939728887777	20.471961258692225	29.628737594964406	2.9288531772736227E-4
63.0	29.42183601919212	20.512391655390335	20.419552206058988	29.645827272857627	3.928465009260374E-4
64.0	29.30900262062587	20.45990402896523	20.52126936318396	29.7087765274138	0.0010474598111410197
65.0	29.292360318204295	20.5157955987593	20.510862877202783	29.680434230661024	5.469751725980157E-4
66.0	29.249317906136234	20.58778930123301	20.504854054083268	29.65714793031718	8.908082303073578E-4
67.0	29.24056334747468	20.587988461111056	20.554288199599043	29.616615951719062	5.440400961580795E-4
68.0	29.279660097095988	20.580908216112316	20.480775063669913	29.65811898184132	5.376412804627042E-4
69.0	29.344679665220287	20.569169648766508	20.487048896426412	29.59805982954964	0.0010419600371550691
70.0	29.3913207195816	20.45370205091352	20.497931287786855	29.65667556429829	3.703774197348406E-4
71.0	29.207734284287255	20.542260974002264	20.559486597646018	29.689574984165795	9.431598986652421E-4
72.0	29.287853431776963	20.45220388728358	20.576366992349	29.683345969617157	2.2971897329402078E-4
73.0	29.296210552301194	20.527940209470152	20.49818215988091	29.677246172412964	4.209059347842031E-4
74.0	29.319230468195695	20.46400225007811	20.490282856962867	29.726081413035477	4.0301172785339197E-4
75.0	29.278303041938123	20.556221911972468	20.547392585525014	29.617066981130364	0.0010154794340294854
76.0	29.22500781606064	20.553690705575004	20.488446402084886	29.732499433396224	3.5564288324642894E-4
77.0	29.32447342445722	20.525521973307907	20.49716959838627	29.652367716718803	4.6728712979312984E-4
78.0	29.25649530733091	20.520830364561522	20.559798920061297	29.662393096810824	4.823112354402296E-4
79.0	29.35419153194908	20.480644388700508	20.501354860724565	29.663377980820755	4.312378050924541E-4
80.0	29.37611149664069	20.495440214032136	20.506195373496343	29.621840114067165	4.128017636676432E-4
81.0	29.26487939514662	20.470909913674248	20.640467297853853	29.620770875268075	0.002972518057202732
82.0	29.266091041099703	20.448467842467966	20.588403775633328	29.695343834135457	0.0016935066635509176
83.0	29.376977396640015	20.462294663185137	20.42072837856029	29.73960937561863	3.901859959262287E-4
84.0	29.340255486649735	20.49067314738805	20.497637636143587	29.6708774977716	5.562320470312737E-4
85.0	29.332387294832486	20.457294345496194	20.53957909169066	29.670013467117943	7.258008627196835E-4
86.0	29.310535722946224	20.51341347865637	20.523681038490338	29.649140446733487	0.0032293131735868204
87.0	29.366723967373748	20.436768641839336	20.5635850140757	29.632396316526588	5.260601846327778E-4
88.0	29.33224541108351	20.481707796171722	20.512556435966708	29.672970571703143	5.197850749155349E-4
89.0	29.250006541095562	20.543783892961756	20.496370119884222	29.705963694107563	0.003875751950897035
90.0	29.34322597340011	20.467013359319203	20.45606634214018	29.73129464001878	0.002399685121729594
91.0	29.29693416899488	20.47003583516874	20.590963568705103	29.6413403599941	7.260671371748628E-4
92.0	29.282976372695952	20.504915479902763	20.586111446945843	29.625426415061824	5.702853936223844E-4
93.0	29.35959597359568	20.444943394570224	20.595359917827228	29.599484726197268	6.159878096012479E-4
94.0	29.29866641980368	20.442881556734626	20.580922865371953	29.676866060534824	6.630975549122786E-4
95.0	29.39848043959606	20.449451526049465	20.50558026376554	29.64362863066302	0.0028591399259127012
96.0	29.275276982269478	20.479062009217312	20.66321592908698	29.582071054345978	3.740250802517563E-4
97.0	29.30264588844952	20.51134270577736	20.48053386811189	29.704813670886555	6.638667746737265E-4
98.0	29.231016224631357	20.486055795511668	20.634849508046063	29.64747367519645	6.047966144585153E-4
99.0	29.216437854653503	20.499141736949174	20.601675674370966	29.682200602367697	5.441316586542117E-4
100.0	29.23906201420543	20.444233582145177	20.58378814687466	29.731414146309525	0.001502110465203611
101.0	29.29930290620581	20.524987651896787	20.546192846924836	29.627414790170057	0.0021018048025088065
102.0	29.21063936379662	20.435964711032657	20.64857582305418	29.703576420021584	0.0012436820949576152
103.0	29.242489634460323	20.433031023695637	20.627185841550858	29.69677261890234	5.208813908426076E-4
104.0	29.22494289870726	20.472960141313774	20.65235860671937	29.64914772856343	5.906246961690265E-4
105.0	29.367187699927516	20.444088435367856	20.596060323805876	29.586682095096972	0.0059814458017804365
106.0	29.272340757008852	20.35474267578984	20.669833224863744	29.70243943502002	6.439073175512173E-4
107.0	29.26958434197178	20.39887571466513	20.64672821729182	29.684427508265887	3.842178053895192E-4
108.0	29.228851801821143	20.43002834406121	20.687850065647385	29.652649318209317	6.204702609420339E-4
109.0	29.369417477669913	20.417731670926685	20.62784917806338	29.58451833807335	4.833352666744E-4
110.0	29.213838378593266	20.378792457520134	20.749157468122544	29.64799660859106	0.010215087173000162
111.0	29.323504055334336	20.41242098333742	20.66465116918639	29.59867533461708	7.484575247743792E-4
112.0	29.247337486744197	20.388142388920595	20.62741019666225	29.73486612417672	0.002243803496237622
113.0	29.248585960630606	20.345448044867116	20.684091854261734	29.72019678315729	0.0016773570832510608
114.0	29.30253690877949	20.446727755342394	20.654362992876806	29.595699779698155	6.725633031526779E-4
115.0	29.353592878097697	20.37764795835186	20.644673315415417	29.623434473322273	6.513748127536889E-4
116.0	29.23120164732248	20.461125199616294	20.68908951759485	29.617855880525457	7.277549409151499E-4
117.0	29.244699332280856	20.360399305106238	20.783647998136598	29.61032328088201	9.300835942959186E-4
118.0	29.27346729227807	20.39209992253358	20.713365079866968	29.61971557923833	0.0013521260830529926
119.0	29.25974752573938	20.446149328085777	20.63836674147862	29.655157630283192	5.787744130262828E-4
120.0	29.140972499400192	20.44931024608244	20.717494441391647	29.690763367471828	0.0014594456538924631
121.0	29.12557711161405	20.511549541828426	20.77112984588733	29.58923084373193	0.0025126569382681306
122.0	29.20406609544173	20.427834889504116	20.740991459989395	29.626256650352147	8.509047126175696E-4
123.0	29.208743364271083	20.405861436036155	20.754982705589416	29.629114372363034	0.0012981217403060922
124.0	29.077658252435086	20.370570935206146	20.803689285634384	29.747115425684456	9.661010399314985E-4
125.0	29.118816190184592	20.39026528690191	20.81418388860774	29.6743814405459	0.002353193759858956
126.0	29.186808402768595	20.36577502975797	20.86755499713442	29.56625005510735	0.013611515231671294
127.0	29.270064230064026	20.353396339885315	20.839835939989758	29.535609526351138	0.0010939637097691249
128.0	29.20742589778839	20.382147939126448	20.850728360224778	29.558733087330875	9.647155295082362E-4
129.0	29.214933087702637	20.2877819529224	20.83541465859033	29.66088836927467	9.819315099604282E-4
130.0	29.106579871168215	20.35764434845981	20.930660149440598	29.603180217673923	0.0019354132574473366
131.0	29.045023548722448	20.49357952927954	20.848706469434283	29.610150555902244	0.00253989666148222
132.0	29.077395472062918	20.52155107698287	20.709057559023545	29.689337553227617	0.002658338703052709
133.0	29.42958972604353	20.26476989037988	20.493336436781288	29.810946521017545	0.0013574257777550652
134.0	29.51401221281276	20.2884175121636	20.686168369071716	29.509647437406127	0.001754468545802327
135.0	29.213766730048636	20.410117183588852	20.58748211470306	29.78540412119691	0.003229850462537657
136.0	28.974186161297034	20.57024455874947	20.350815655167402	30.10274925023865	0.002004374547449809
137.0	28.177063116590634	20.94902457276161	20.454626560675347	30.417638671642305	0.0016470783301041447
138.0	28.493794619675626	21.08256329123534	20.738147222534323	29.68306555201618	0.00242931453853652
139.0	28.32994117230908	21.373675560658913	21.758898980719103	28.534627252295152	0.0028570340177517047
140.0	27.50305013996581	22.25231934500954	22.09199346000446	28.15023719870191	0.0023998563182797833
141.0	28.30480970485494	21.521517478575866	20.627483925167212	29.5424192488718	0.003769642530184066
142.0	28.5626510641122	21.760189936694903	23.18856868827646	26.483345215081044	0.005245095835393907
143.0	30.782486554518094	19.46810191350018	22.07581512611736	27.67067563961462	0.0029207662497494117
144.0	33.686907102185984	18.76690645940575	19.766161905629147	27.779087144930877	9.373878482395856E-4
145.0	27.07226275991928	20.641852373143724	19.47439371303993	32.80932994383555	0.0021612100615134413
146.0	27.27683403005526	21.079079644664994	19.416500504287466	32.224856254188175	0.0027295668041003554
147.0	27.523384711237064	20.309756104284922	19.791612104637796	32.373179466114564	0.0020676137256469564
148.0	29.984548137424134	19.977448632997383	20.516036527646307	29.517790522857617	0.004176179074558717
149.0	32.97726419036123	19.842800608314096	18.999826959681606	28.082192744405383	0.09791549723768564
150.0	23.0178607419351	25.933198572563338	25.389462577210807	25.656365964408927	0.003112143881821523
