# Position (bp)	A	C	G	T	N
0.0	22.40603413576986	28.65490050418152	27.367239546561816	21.567851328236838	0.003974485249962603
1.0	27.224857727003137	18.087951368207268	18.311335464740992	36.36779807595204	0.008057364096566244
2.0	29.607356410734138	20.64274084881024	19.355163359060594	30.38977946026319	0.00495992113184318
3.0	35.00509321721734	18.907196145214122	19.937793976212927	26.14622592424159	0.0036907371140164113
4.0	34.23672098159765	18.25105335116013	21.356262296885156	26.153339315937767	0.002624054419294061
5.0	35.38851789230086	18.616944652491558	20.509389029164964	25.48369533530966	0.0014530907329586991
6.0	26.0695847644178	19.24548088023347	16.956217778192066	37.726153173243084	0.002563403913582814
7.0	26.45479930004424	23.24644783198196	18.752079896690255	31.544308739954257	0.002364231329289065
8.0	26.094945507754336	22.47291494857169	19.033378290151877	32.3964525633977	0.0023086901243900763
9.0	34.00667240733339	18.527510043931304	19.590677944125964	27.871777469582064	0.003362135027277109
10.0	29.16751327635896	23.14638940400286	23.26815823657858	24.41574102517777	0.0021980578818334806
11.0	27.286262126583573	23.132245784956652	21.01699414165732	28.56135415831226	0.0031437884901973643
12.0	29.02062749300428	20.784949194980896	20.00263170909509	30.19022043331072	0.0015711696090090865
13.0	29.244623716361083	20.632575972542412	20.082713977891302	30.03849801352963	0.0015883196755687521
14.0	29.224377126624727	20.84301839159115	20.479978108051892	29.44709630209461	0.005530071637618331
15.0	29.571245241987093	20.877287800247174	20.366889668663813	29.183596577208505	9.807118934140916E-4
16.0	29.537954030700625	20.83367350467511	20.445896000618905	29.180444348740924	0.00203211526442989
17.0	29.568648611467264	20.89949414102073	20.458019157669153	29.07230556184704	0.0015325279958115653
18.0	29.436158095066396	20.85837023028185	20.526199713470415	29.160406329018763	0.018865632162571512
19.0	29.342939310871497	20.916919324321242	20.426000039893314	29.312609706613173	0.0015316183007727906
20.0	29.24531577302765	20.962795927324265	20.360939418191723	29.430005225716222	9.436557401421359E-4
21.0	29.295929540085574	20.90268309967088	20.440342423677652	29.359211452192607	0.0018334843732838897
22.0	29.30080109144772	20.710775786048625	20.38861646792582	29.598685450454436	0.0011212041233972343
23.0	29.383741295292193	20.565236399197097	20.50963231734148	29.54000211028611	0.0013878778831161274
24.0	29.36333381900262	20.628580587923132	20.555107541945905	29.451234622918715	0.0017434282096290964
25.0	29.43843695671585	20.598311152250652	20.529741955703766	29.43256722004647	9.427152832645981E-4
26.0	29.405170842318206	20.63540448613921	20.49713002689905	29.460587332992468	0.0017073116510681813
27.0	29.351992279792444	20.671613247048242	20.494896316168603	29.480662405757936	8.357512327775232E-4
28.0	29.298494122692276	20.683681845748254	20.618821928412643	29.39793532819065	0.0010667749561777738
29.0	29.35156380692423	20.678862389150606	20.46517680526541	29.50066372306775	0.0037332755920041773
30.0	29.291794044780584	20.658515776029613	20.505349746945022	29.543323251345576	0.0010171808991986222
31.0	29.321503023077273	20.628001895849373	20.475226959178695	29.573906778807903	0.0013613430867594697
32.0	29.372192270106652	20.606743855920584	20.58074440072245	29.43889903275194	0.001420440498376832
33.0	29.46192530952872	20.576474174699875	20.500613760028763	29.45688960748417	0.004097148258468328
34.0	29.241513602983403	20.702105479420783	20.578183411183208	29.47566108981125	0.0025364166013539394
35.0	29.240572215655536	20.78381559215071	20.521344198476186	29.452812548268486	0.0014554454490858801
36.0	29.284976758766888	20.685610896232518	20.54770170840053	29.47716177082047	0.004548865779595213
37.0	29.318806518172398	20.68930157407054	20.41694671992815	29.573716133122403	0.0012290547065090737
38.0	29.385386558197883	20.522982375665265	20.47176919435034	29.618240735111794	0.001621136674717084
39.0	29.357120576293248	20.592907416171542	20.457015377909375	29.59205006599413	9.065636317013091E-4
40.0	29.243683392634868	20.60608358263764	20.63570647247134	29.513504432468917	0.0010221197872355451
41.0	29.28200794581034	20.616863389220573	20.45348949428574	29.646369812267494	0.0012693584158556307
42.0	29.231409094889553	20.736309933332244	20.50296435516907	29.527628967779595	0.0016876488295311542
43.0	29.28086775149417	20.5766612837814	20.48895786449709	29.649180671869225	0.004332428358117021
44.0	29.245655757682183	20.61967235201419	20.564986141113888	29.568266556865336	0.0014191923244023874
45.0	29.29736386689888	20.613179505829844	20.566982586422935	29.51821555938861	0.0042584814597314
46.0	29.311538272003922	20.54282133237373	20.60445825783908	29.539921512719513	0.0012606250637475175
47.0	29.34479004065661	20.65335783132507	20.4633275773417	29.536931528650502	0.001593022026120571
48.0	29.256488338773877	20.586274711005736	20.496488400495938	29.654402750335034	0.006345799389414513
49.0	29.335275999230014	20.569706934917914	20.581764593789686	29.51148840943002	0.0017640626323652765
50.0	29.281381823141444	20.602219256286105	20.53527136691769	29.57982210878058	0.0013054448741804435
51.0	29.370557329762025	20.492032522490728	20.512440358002788	29.619544674162075	0.005425115582381262
52.0	29.252796843435835	20.58817391030412	20.582621570642694	29.575324772491896	0.0010829031254553116
53.0	29.361730342549397	20.579149356445736	20.432387712002786	29.62540648918041	0.0013260998216692626
54.0	29.26416227365214	20.55628357935143	20.60590769754836	29.571696504146022	0.0019499453020445376
55.0	29.223088993472306	20.64617506591816	20.514028629660462	29.61470660790202	0.0020007030470507335
56.0	29.241015300151158	20.544523484116674	20.59342651529995	29.620008762715088	0.0010259377171316713
57.0	29.26759691428086	20.534416936252345	20.613927008539747	29.58246084685308	0.0015982940739706682
58.0	29.271769582761152	20.57105801878337	20.525948146639436	29.629311609514946	0.001912642301095883
59.0	29.318497725910863	20.611920713039094	20.549624750734292	29.518974482395045	9.823279207064903E-4
60.0	29.330291596312946	20.60949049120979	20.511861518767592	29.546009840292342	0.0023465534173330842
61.0	29.296667115330855	20.650031579056353	20.520692047254695	29.531698124928816	9.111334292784444E-4
62.0	29.286704603811003	20.650889731242103	20.529161705775675	29.53224396854613	9.999906250878897E-4
63.0	29.44291844629912	20.541821572247628	20.441478809587295	29.569945214989662	0.003835956876298566
64.0	29.314141280349475	20.51782350206738	20.54532669319684	29.622117965067574	5.905593187307699E-4
65.0	29.25813526753	20.611396464747244	20.564715742208627	29.56416041355851	0.001592111955614466
66.0	29.20791804159378	20.622923719378534	20.53648548329124	29.592049990148816	0.04062276558762401
67.0	29.240700398161774	20.628927381134975	20.573556026281388	29.553159189633554	0.003657004788309975
68.0	29.24939697991954	20.6365163843912	20.513703820787196	29.596398768409976	0.003984046492090369
69.0	29.301847619562498	20.568097890963504	20.55124704946779	29.578131662404182	6.757776020271584E-4
70.0	29.32161052199509	20.521643886131713	20.579614073519632	29.576385215297456	7.463030561110148E-4
71.0	29.213195489370094	20.592229098895423	20.586900991381732	29.58638409862791	0.02129032172483884
72.0	29.259005407052012	20.53040859962207	20.628609321898406	29.581397710253093	5.789611744182887E-4
73.0	29.22571789223528	20.58357112375438	20.5675065279248	29.61602474845221	0.007179707633330536
74.0	29.26249290176036	20.509820889260226	20.570201137888507	29.657191194927606	2.938761632974895E-4
75.0	29.24380733150711	20.58928997781921	20.58933554229933	29.57688368117257	6.834672017759212E-4
76.0	29.222525032355367	20.62364343969042	20.546739157391766	29.606656066781117	4.3630378133005597E-4
77.0	29.208261980503746	20.606473392619556	20.562949806424218	29.622013859484102	3.0096096837201183E-4
78.0	29.215843925178664	20.604676006727235	20.566973052776667	29.612250215011894	2.5680030554567265E-4
79.0	29.30804919482152	20.53164500334927	20.593780130180036	29.56633731203771	1.8835961146121147E-4
80.0	29.329144116133914	20.53285683679582	20.598507330100844	29.539206693120047	2.8502384937059607E-4
81.0	29.238764941805222	20.524385812344253	20.681030870702028	29.52590360348354	0.02991477166495839
82.0	29.2105070243364	20.536146535687337	20.62943822002563	29.609778981451264	0.014129238499368417
83.0	29.317991870923432	20.542257569903366	20.484667248594313	29.65474138331072	3.419272681623217E-4
84.0	29.30330309741988	20.566224838102922	20.566520777007323	29.56343339438717	5.17893082699387E-4
85.0	29.308113568641204	20.512088012807805	20.64247237644743	29.53707697932679	2.490627767710107E-4
86.0	29.242817609847695	20.5494768426744	20.601456693814775	29.60597209743731	2.767562258199972E-4
87.0	29.294562831430028	20.539496518729404	20.647394805526304	29.518266183344714	2.7966096954898823E-4
88.0	29.24562483682435	20.604176474336967	20.574085342663725	29.568712623782222	0.00740072239273578
89.0	29.18581357583631	20.602611237414745	20.598480025982465	29.612939265995454	1.5589477102955504E-4
90.0	29.22827016483606	20.54311644802232	20.56910778494416	29.65924279798187	2.6280421558986145E-4
91.0	29.233347505047174	20.500992684683624	20.682619283687668	29.582854406512286	1.8612006924730118E-4
92.0	29.186617936765956	20.574828027946133	20.662240427158128	29.57596374323146	3.49864898323878E-4
93.0	29.260578434634464	20.521303471223646	20.708207338763053	29.509720009341105	1.907460377279313E-4
94.0	29.271405465977026	20.52371699685908	20.60610409755074	29.598580237031967	1.9320258118648464E-4
95.0	29.328188606189276	20.549704289115173	20.579738190510575	29.542229091552784	1.398226321946085E-4
96.0	29.198948833421046	20.530366987270774	20.704059426676086	29.566426376538796	1.983760933002442E-4
97.0	29.168035006514874	20.543399717568906	20.628071581772133	29.66012018405428	3.7351008980044504E-4
98.0	29.176360460802393	20.56626037975484	20.726810885260157	29.527508226428377	0.0030600477542309535
99.0	29.166399266085218	20.559373427943356	20.612636666342336	29.661324471308387	2.661683207056181E-4
100.0	29.1474228902806	20.508005671196695	20.67662829220955	29.663139083036434	0.004804063276719449
101.0	29.217737847382143	20.56000224486472	20.646228230759892	29.57542165940644	6.100175868070277E-4
102.0	29.151026711581196	20.543252141442956	20.661975790914944	29.643466370983816	2.789850770882265E-4
103.0	29.161626825924586	20.505696411969556	20.716156379508675	29.616268259245835	2.521233513496478E-4
104.0	29.183294589178356	20.514501002004007	20.70925851703407	29.59272144288577	2.2444889779559118E-4
105.0	29.232996508606423	20.50513265533242	20.75280685459315	29.508868165787998	1.9581568000584835E-4
106.0	29.20789035625709	20.42590270616608	20.738688195205796	29.62725288135188	2.6586101915827734E-4
107.0	29.127102243578346	20.495141537945784	20.79834885095129	29.579170328079524	2.3703944505679633E-4
108.0	29.153784673492183	20.500365097696	20.72356666787503	29.62204188870303	2.416722337591943E-4
109.0	29.18619335615695	20.528182562625176	20.77546973286784	29.509837223167334	3.1712518269934136E-4
110.0	29.13426739197863	20.45402043664087	20.78955758033281	29.62179476569252	3.5982535516561684E-4
111.0	29.139346839615925	20.460146242671044	20.78575923100318	29.614343152841354	4.045338684948655E-4
112.0	29.0997635905355	20.486651477690785	20.72840140416541	29.68484504762413	3.384799841741803E-4
113.0	29.063365283650356	20.477595181923512	20.771043178556617	29.6878423351391	1.540207304202109E-4
114.0	29.103172167178094	20.564406363744677	20.802537859988465	29.52972580160285	1.578074859137093E-4
115.0	29.196269003051167	20.454976732856945	20.804681832288022	29.52497480286351	0.019097628940352683
116.0	29.06213371412527	20.534271689730996	20.832243042281696	29.571185414273216	1.6613958882113163E-4
117.0	29.10104961660941	20.443356484505966	20.842759045908664	29.604978313388823	0.007856539587138845
118.0	29.121684050771655	20.42687960877859	20.87871117559644	29.57246168060791	2.634842453986868E-4
119.0	29.10780001348411	20.48272201606419	20.807064586614807	29.602277637783374	1.3574605352285895E-4
120.0	29.041225815003802	20.45346342774887	20.867149853158356	29.6379275257603	2.333783286751019E-4
121.0	29.000539247889073	20.586391081090728	20.874102499544193	29.538533072101973	4.3409937402870267E-4
122.0	29.096482381955607	20.47397481852765	20.834623026769044	29.59472007828023	1.9969446746477887E-4
123.0	29.031682206189696	20.488989179855725	20.88348384739928	29.595172097263838	6.726692914567378E-4
124.0	28.917063317252424	20.56746999602454	20.826626983700617	29.68862481331457	2.1488970785744219E-4
125.0	28.990247117704886	20.51925998748771	20.825587630708732	29.66479354723389	1.1171686477790686E-4
126.0	29.05847915781633	20.437386157973453	20.999016521278637	29.504885386902856	2.3277602872456192E-4
127.0	29.099413143042963	20.42529654359183	20.928151810868552	29.53352317796262	0.013615324534024635
128.0	29.06116041703004	20.453709232436065	20.958573267350683	29.526366112044037	1.9097113916830797E-4
129.0	29.03893082307636	20.49928797309675	20.918280705742344	29.543099356167225	4.011419173246508E-4
130.0	28.988420294978933	20.459849932882506	20.989606295663492	29.562053048880976	7.042759409478709E-5
131.0	28.91379139692602	20.532116222839576	20.989053596372482	29.564666685023543	3.7209883838184633E-4
132.0	28.99126817550825	20.500204516417377	20.83816987023078	29.65764425514173	0.012713182701859282
133.0	29.362321475772223	20.251966860111757	20.66326917151963	29.72235831283556	8.417976082846353E-5
134.0	29.457262278894238	20.32428094128044	20.790592606286324	29.42741328235257	4.5089118642997885E-4
135.0	29.173660162715343	20.395657038953775	20.681904717501613	29.748389553271014	3.885275582597074E-4
136.0	28.98342322435365	20.55440058362395	20.496101442613828	29.96596932600711	1.0542340146496359E-4
137.0	28.19436410023577	20.983897100002995	20.564097009198036	30.25718085167678	4.609388864177443E-4
138.0	28.564670033460217	21.01787215426036	20.850507498979407	29.566314429351387	6.358839486358381E-4
139.0	28.569155653669835	21.35335205649337	21.812481443757363	28.264300559279825	7.102867996039441E-4
140.0	27.70422870526465	22.14102333123142	22.161935218191413	27.969648808987607	0.023163936324912815
141.0	28.507122740006984	21.207336013494935	20.71502351953273	29.57033194866574	1.8577829960837936E-4
142.0	28.86451212069805	21.537454862709936	23.14532279634187	26.45204927152435	6.609487258010147E-4
143.0	30.600117871606457	19.54019259571661	21.96223783029733	27.895018572888446	0.0024331294911515188
144.0	33.63859246269939	18.628897440023128	19.83238928447733	27.89548465568352	0.004636157116637531
145.0	26.931932909501555	20.58078341939264	19.47517117870534	33.01211249240046	0.0
146.0	27.343031925380636	21.05570072281261	19.225204861699265	32.37606249010749	0.0
147.0	27.47639393531602	20.254115641681246	19.609014040281703	32.65851388328175	0.0019624994392858745
148.0	29.838271269366672	20.061497689589565	20.408908670834467	29.691039231675276	2.8313853402192623E-4
149.0	32.99712186212948	19.591058623123995	19.35526281943186	28.05569925602851	8.574392861532131E-4
150.0	24.144446840113076	24.99460974557999	25.499796368166354	25.350067078721672	0.011079967418906617
