# Position (bp)	A	C	G	T	N
0.0	22.335754117666816	29.45689917653308	28.842738166552838	19.31016817646095	0.054440362786312264
1.0	27.080107935649316	17.659331468729867	18.064926341436593	37.19500459636602	6.296578182001771E-4
2.0	30.1961098125139	20.308175739070542	18.493625364044103	31.00186184492399	2.2723944746647E-4
3.0	36.04144348307681	18.54711351883029	19.49710933215002	25.913476286552743	8.573793901262126E-4
4.0	35.67365096176104	17.636741602701907	20.987618589348603	25.70160667647264	3.8216971581133275E-4
5.0	36.99462641357756	17.899273910836634	20.115922744113448	24.98929495301958	8.819784527784956E-4
6.0	26.530618282703934	18.419653674751178	16.292033416758386	38.757519147273726	1.7547851278450845E-4
7.0	26.86716167055416	23.162902008232813	17.977373526412418	31.97723102073602	0.015331774064591592
8.0	26.232422045819398	22.33042416049394	18.38068748055644	33.056439650264466	2.6662865750727194E-5
9.0	35.07462631715158	18.1083717410723	18.989919030433906	27.827077052512	5.858830207851589E-6
10.0	29.83756882507051	23.094470534224754	23.11506218999768	23.952894726791733	3.723915323081122E-6
11.0	27.62010881213358	23.030191622732946	20.79301412657155	28.54717030290171	0.009515135660216638
12.0	29.656886687568274	20.489355701762324	19.648072913919563	30.205682571886527	2.124863310863311E-6
13.0	29.949551108465787	20.33426451634281	19.67020300048661	30.04597553536865	5.839336144347285E-6
14.0	30.0064723827188	20.532499830703728	20.034393468827112	29.42651760743536	1.1671031499822242E-4
15.0	30.37863537417438	20.502172938254215	19.91238234204345	29.2067823074262	2.70381017589987E-5
16.0	30.41616802223077	20.43228020713015	20.08608631490607	29.06544002021022	2.5435522785864637E-5
17.0	30.382252817940053	20.530522165317702	20.079766798517408	29.007454510614565	3.7076102694406187E-6
18.0	30.34487182331762	20.460154969773342	20.137734380152274	29.053163397129687	0.004075429627074207
19.0	30.219565016725547	20.549052111491005	19.941024908446717	29.29028747627746	7.048705927283843E-5
20.0	30.04874774956534	20.64296733910117	19.857647708697982	29.45062871358261	8.489052894089505E-6
21.0	30.027752818425913	20.55971970513429	19.907639310434956	29.50477820420233	1.099618025102282E-4
22.0	30.002051810586817	20.341074776329272	19.902207932113466	29.754500068135727	1.6541283472011782E-4
23.0	30.139896964667027	20.16249878576456	20.063420901721063	29.633789786447938	3.9356139941273613E-4
24.0	30.13933112322596	20.196115171233117	20.100897305357492	29.563655333501842	1.0666815945200213E-6
25.0	30.237868009975337	20.173908839102033	20.07692722842126	29.50889175966431	0.002404162837062989
26.0	30.174362741140758	20.222135105814793	20.044186681018743	29.55929995861718	1.5513408525183956E-5
27.0	30.122743827297676	20.26305850624155	20.081638126243874	29.532556861357723	2.678859176316382E-6
28.0	30.080630797508245	20.25999522723107	20.151181397141205	29.50801389306857	1.7868505091512475E-4
29.0	30.062504834365377	20.249079939622945	20.080534877651786	29.606872161663578	0.0010081866963133745
30.0	30.103902941762602	20.228668138223313	20.103428449411634	29.5638717052205	1.287653819475126E-4
31.0	30.155765446333184	20.15171029473763	20.08936942087539	29.60314727680527	7.5612485299920195E-6
32.0	30.195802773341352	20.167877046780987	20.14428458994591	29.491798447164253	2.3714276749886904E-4
33.0	30.279389697484078	20.1126827128464	20.1130425945694	29.49483559956952	4.9395530607712564E-5
34.0	30.061289838299672	20.219734057919243	20.156313383333256	29.562609939263	5.278118482441903E-5
35.0	30.058917598371554	20.2725635851242	20.086657948510947	29.581618102969294	2.4276502401267958E-4
36.0	30.126881332484274	20.183782276477533	20.12665269381749	29.562546404624147	1.372925965596335E-4
37.0	30.12630883660435	20.228777026917612	20.03502413695308	29.609886160998954	3.8385259989973655E-6
38.0	30.219875570928185	20.069786056214713	20.055743831873382	29.65455221035403	4.2330629694339704E-5
39.0	30.1992891141892	20.133979911963998	20.072727612240083	29.593978559534563	2.4802072161320302E-5
40.0	30.119227281218514	20.148422917810795	20.188279782102473	29.542405678437795	0.001664340430424627
41.0	30.16038627820584	20.121555348174578	20.079067218341898	29.638968443535678	2.2711741999973067E-5
42.0	30.070297294942193	20.230098234904734	20.15337435118168	29.546035193791255	1.9492518013544035E-4
43.0	30.141847324282406	20.131751190743415	20.099020773489087	29.627352871448643	2.7840036451293807E-5
44.0	30.099034364993148	20.162118218123773	20.156531391953667	29.580081406108576	0.002234618820837256
45.0	30.135630147486015	20.151053127654276	20.154155597585767	29.559156090796783	5.03647716150952E-6
46.0	30.137493691640028	20.099357749542946	20.21513378503012	29.547979990709106	3.478307780375338E-5
47.0	30.100079356729886	20.186709211480274	20.108922799391816	29.60426163553042	2.6996867604071025E-5
48.0	30.118461388553623	20.151985196315948	20.111185519492427	29.617787089226077	5.808064119223429E-4
49.0	30.190526583057785	20.154924044877163	20.119424619874458	29.529872990003913	0.005251762186685888
50.0	30.155330223240036	20.139633085251067	20.117707168936995	29.587324421940004	5.100631896883177E-6
51.0	30.17842360448152	20.070033087424576	20.149962179298576	29.600486194161252	0.0010949346340785558
52.0	30.104723953905467	20.114842138770776	20.209051428998507	29.571308993028122	7.348529713010862E-5
53.0	30.198318293765336	20.080427293125055	20.14135543381959	29.57979446447264	1.0451481737406349E-4
54.0	30.12824383519347	20.09770131025285	20.173808961863653	29.599979051227315	2.668414627128939E-4
55.0	30.115271059501847	20.15391395837173	20.130146682247208	29.600314558647632	3.537412315817966E-4
56.0	30.119100481860944	20.149608734052226	20.144154436682552	29.58713231699347	4.030410808373393E-6
57.0	30.117469013647035	20.150924266134144	20.201223003062733	29.52778080427895	0.002602912877140515
58.0	30.15571497395741	20.17828530288794	20.119238584517234	29.54674261435836	1.8524279054741236E-5
59.0	30.20436717723971	20.15674587683846	20.11849164483852	29.52039123778289	4.063300415762703E-6
60.0	30.201618580077465	20.152041229120048	20.10399092614922	29.541439635474166	9.096291791022665E-4
61.0	30.18003999381949	20.20184059285791	20.098606077286867	29.519396046631673	1.1728940405948198E-4
62.0	30.16344993549092	20.143750022779766	20.12689928477764	29.565851029050755	4.9727900919368845E-5
63.0	30.23544775004497	20.140464191562238	20.09265291183545	29.53091838517005	5.167613872888219E-4
64.0	30.183074504058112	20.088940662225816	20.162134472388566	29.565787435081216	6.292624629326919E-5
65.0	30.144325178668442	20.14654317461826	20.14412604080859	29.559672461680602	0.005333144224111929
66.0	30.124100643322322	20.166595195343767	20.12197814488859	29.57122929957954	0.01609671686578078
67.0	30.12913631146401	20.152612746534093	20.13315947281201	29.584037937938994	0.001053531250888009
68.0	30.148765496030595	20.175941405461042	20.1234801487438	29.551663150475104	1.4979928946035919E-4
69.0	30.144733910065913	20.158989401149633	20.1377590741365	29.55849019760577	2.741704218428428E-5
70.0	30.178781350555756	20.098684722014447	20.12766833637926	29.59477714803028	8.844302026747106E-5
71.0	30.079196233382515	20.157610060976175	20.189418068375662	29.56534571827683	0.0084299189888201
72.0	30.173306057408144	20.105043981209622	20.149513508419535	29.568182804955118	0.003953648007583121
73.0	30.12623294128068	20.148851062470833	20.16056714922314	29.562872586351457	0.001476260673891908
74.0	30.17218961486783	20.134191011768063	20.108234062521667	29.58537081177849	1.449906395553422E-5
75.0	30.114853473915755	20.147795882125365	20.160708023229347	29.574299254624798	0.0023433661047347855
76.0	30.095674277507907	20.170203089495534	20.13402576487645	29.600096260659363	6.074607441706351E-7
77.0	30.14649798960431	20.155160812618547	20.14289865837266	29.555307301775063	1.352376294195939E-4
78.0	30.137974332606326	20.145399377054783	20.152681527625845	29.56394170811969	3.0545933603440436E-6
79.0	30.207210386907178	20.11492354687114	20.15298927300951	29.524563724486608	3.130687255634467E-4
80.0	30.25612103581131	20.09765049314511	20.126699100642355	29.51898919129885	5.401791023731395E-4
81.0	30.152083910756712	20.130917974188623	20.186159560507424	29.518812391192206	0.012026163355038382
82.0	30.130471384321556	20.116188003661282	20.209803664677782	29.54044702168872	0.0030899256506651583
83.0	30.17735417711669	20.173913489885944	20.071877093349784	29.574031711041098	0.002823528606480255
84.0	30.201079418069575	20.168284817417355	20.1060693222927	29.524545920136696	2.0522083674318635E-5
85.0	30.195190341709242	20.152131262090318	20.138086013950346	29.51442897113003	1.6341112006185472E-4
86.0	30.138568587290234	20.15179528797568	20.160170663747873	29.549112655553728	3.528054324830364E-4
87.0	30.159481554556745	20.13868827737836	20.17793231259185	29.523880285951986	1.75695210574914E-5
88.0	30.151733385764633	20.174375919177475	20.134808227677976	29.536271489550998	0.002810977828912761
89.0	30.118418860668918	20.20970773891112	20.125101685657157	29.546731303488937	4.041127386898995E-5
90.0	30.20044952319213	20.169566626661975	20.100568797375075	29.529379578634153	3.547413666846977E-5
91.0	30.147996678649402	20.161826150351057	20.180701648625607	29.509453282264875	2.2240109059394684E-5
92.0	30.145611729489975	20.17041541552695	20.185587686393532	29.49836030855409	2.4860035450665524E-5
93.0	30.16020885132958	20.17208782127352	20.178413986968827	29.48918766648229	1.0167394577514894E-4
94.0	30.18002229585999	20.148795222188504	20.175376956131696	29.4957926946302	1.2831189604031605E-5
95.0	30.197374570638175	20.20946707093506	20.14169284603888	29.45145907657818	6.43580971020038E-6
96.0	30.146700139634696	20.171950524939334	20.180679751454385	29.500664418748794	5.16522278997275E-6
97.0	30.143949951396593	20.18506423951244	20.127761296806625	29.542897388931195	3.271233531509195E-4
98.0	30.088873020699015	20.230366626355128	20.140265404639916	29.540327912447783	1.670358581596227E-4
99.0	30.125427221269067	20.202808618414917	20.16368517473966	29.508072464893736	6.5206826239203405E-6
100.0	30.123527779508514	20.197211371092948	20.1618041006941	29.51745020597843	6.54272601933725E-6
101.0	30.191886239823095	20.20700722099953	20.129694093161486	29.470447385956263	9.650600596265311E-4
102.0	30.1432143757378	20.17559752319289	20.16002491406637	29.521019563497862	1.4362350508025326E-4
103.0	30.14411178216386	20.18365138621008	20.142677353845233	29.529447082494052	1.1239528676579745E-4
104.0	30.137627417044826	20.201327421870406	20.16335175677692	29.497686105888743	7.298419107351458E-6
105.0	30.191312377426975	20.202455750196417	20.18255874890596	29.423669794208664	3.329261978859386E-6
106.0	30.191545672537075	20.166298094131538	20.154754488136504	29.487282125797343	1.1961939754031243E-4
107.0	30.141094819303184	20.18247030865509	20.198237663414854	29.477997333192196	1.998754346779278E-4
108.0	30.14092567097005	20.191212104516264	20.160466822562864	29.507367126712868	2.8275237952284646E-5
109.0	30.190201231326824	20.178649432992813	20.158601717456555	29.47253815729151	9.460932296487238E-6
110.0	30.109933300471457	20.17974255236186	20.199048214309727	29.511092728557575	1.8320429937878678E-4
111.0	30.153463290130905	20.19167104918111	20.165721385723476	29.489042078747364	1.0219621714570462E-4
112.0	30.101119360761192	20.19911237274586	20.14538855519016	29.554372871773637	6.839529154501852E-6
113.0	30.126196688174524	20.180080058990114	20.150977649643522	29.542736676283056	8.926908791808953E-6
114.0	30.168342257639086	20.224144504123657	20.15065910255058	29.456854135686676	0.0
115.0	30.197801960204817	20.19530816731429	20.140403474262115	29.459087103205277	0.007399295013498056
116.0	30.111491780120016	20.232537399438105	20.18358749024704	29.472381940302906	1.3898919372222783E-6
117.0	30.1254171657469	20.21842964053326	20.20151144189757	29.453186595510427	0.0014551563118441432
118.0	30.15534844809379	20.21584764704592	20.193579435334875	29.434689617460837	5.348520645804917E-4
119.0	30.14228649650318	20.242686607967016	20.133554674486128	29.481469404735716	2.816307960797162E-6
120.0	30.14259405863971	20.23519380052536	20.162099852682598	29.46009531373848	1.6974413850680366E-5
121.0	30.123765670497253	20.254785821250277	20.18225735985232	29.439189016944532	2.1314556213461698E-6
122.0	30.110709646765628	20.241718084655297	20.162323227910395	29.48524689914479	2.1415238912688357E-6
123.0	30.11918718088204	20.237286500060012	20.18054015746619	29.46296608505095	2.007654080800347E-5
124.0	30.059236020682956	20.262395642051008	20.15998785782894	29.518380479437095	0.0
125.0	30.08473195591691	20.293871093355374	20.17154706093804	29.4496052562002	2.446335894743518E-4
126.0	30.114062484308917	20.24020175278803	20.19867858116467	29.447031003422765	2.6178315618382316E-5
127.0	30.152246525818033	20.21380100808062	20.218782424932822	29.410070227965086	0.005099813203445617
128.0	30.10299600847352	20.25484773812667	20.2132230027259	29.42893325067391	0.0
129.0	30.12599170687032	20.24715793460841	20.183566795526982	29.441861698847564	0.001421864146727698
130.0	30.117300452364777	20.21836673863914	20.20014931830124	29.464172362154628	1.112854021863338E-5
131.0	30.151637030234983	20.24998739105587	20.167821746378024	29.430548612008252	5.220322869064391E-6
132.0	30.1604405135596	20.263624491296692	20.18408315539933	29.391834594929033	1.7244815346266146E-5
133.0	30.135019778433602	20.31039767695459	20.19331073694687	29.361271053899294	7.537656435579458E-7
134.0	30.071916056322173	20.26987203376609	20.203101678085268	29.45509280187481	1.742995165772595E-5
135.0	30.04655799805867	20.272104505162424	20.22550855358088	29.45582665684123	2.2863567998796707E-6
136.0	30.068092754737265	20.241873259252305	20.24589465544105	29.443298409559272	8.409210101124776E-4
137.0	30.09407938300248	20.29586775725124	20.22717376057895	29.38287755692029	1.5422470431461347E-6
138.0	30.122524464929114	20.294810447723744	20.18865662788135	29.394003030118643	5.429347149315462E-6
139.0	30.086930081328067	20.312924477004536	20.201184630434003	29.39805094244537	9.098687880249657E-4
140.0	30.046910398258998	20.310490029101828	20.170630468966678	29.458784285326285	0.0131848183462143
141.0	30.077145973138236	20.308446374349963	20.216272822963553	29.398134829548244	0.0
142.0	30.054247788591436	20.267975783478718	20.234168232360762	29.443583530720414	2.4664848665757796E-5
143.0	30.073468273826855	20.301312810977272	20.181243042692127	29.443895754954003	8.011754975087528E-5
144.0	30.224958641841525	20.2374613259648	20.185963415024762	29.3485748527107	0.003041764458211269
145.0	30.183996463062012	20.24009727959743	20.31874272256846	29.257160287074097	3.247698005266321E-6
146.0	30.318592768554293	20.169869200615615	20.255912095386737	29.255623478572456	2.456870900721139E-6
147.0	30.251871110630596	20.17171998750176	20.24613763067186	29.327853279993505	0.0024179912022777475
148.0	30.16993227385983	20.343183681582648	20.25001170917594	29.236811530128627	6.0805252960805594E-5
149.0	30.1477801884406	20.269139339181155	20.36934096846616	29.213667285916383	7.221799569668079E-5
150.0	29.817540076080846	20.289443229636735	20.57440226039682	29.3186144338856	0.0
