# Position (bp)	A	C	G	T	N
0.0	22.822793644030252	27.82826417434814	29.187345005789105	20.157734453788205	0.0038627220442958646
1.0	27.167566872299954	17.41466331340317	18.11811592572512	37.291848810054056	0.007805078517696124
2.0	29.23005493219041	20.967786815876792	19.53807509559171	30.259253384914498	0.004829771426595226
3.0	35.15287853265807	19.847768114654137	19.40917858335839	25.58674317469713	0.003431594632271906
4.0	34.13181797393275	19.46674813135746	20.535497031297055	25.863402641016116	0.0025342223966259994
5.0	35.67733631265491	19.007024521120485	19.931602047196957	25.38263438804873	0.001402730978918534
6.0	24.941854417238453	19.601323526305805	16.30575249947544	39.148266646769954	0.0028029102103505157
7.0	25.82065764621295	23.458359445899564	18.58994508768892	32.12884890023534	0.002188919963226145
8.0	25.542830212025137	22.71314227979626	18.847681263245168	32.894415376334166	0.001930868599269107
9.0	34.45762483978368	18.254354310785885	19.430491169918174	27.85410438219546	0.003425297316791378
10.0	29.07278847941087	23.549723009806034	23.316486743513867	24.059054525713915	0.0019472415553149368
11.0	26.985529263473083	23.601167377897507	20.678378189235367	28.732487562306417	0.002437607087617821
12.0	28.86685880774301	20.822414887200612	19.51791843238029	30.791314751837422	0.0014931208386623994
13.0	29.168911532142282	20.695748604387422	19.609632946823783	30.524489584347776	0.0012173322987317754
14.0	29.154725361928236	20.876798701440137	20.146908218371394	29.815406152186362	0.0061615660738677585
15.0	29.486181324834078	20.875214792216845	19.96997909832963	29.667722667114326	9.021175051195169E-4
16.0	29.4813080283409	20.75371618562169	20.081986011452873	29.68061797059042	0.0023718039941179265
17.0	29.567611888101613	20.772183903316847	20.1502714976896	29.508424118281496	0.0015085926104431834
18.0	29.455770696465933	20.782434391770213	20.171647093012783	29.57248413989634	0.017663678854735628
19.0	29.44589042691314	20.739505687353425	20.087414028093928	29.725956689165795	0.0012331684737152096
20.0	29.309445801567048	20.8312829748997	20.058874228486403	29.799418692812118	9.78302234735795E-4
21.0	29.397738399291796	20.766618250922907	20.151146310865066	29.682052128617148	0.0024449103030867287
22.0	29.406693510684	20.578436235942917	20.11402678444507	29.899826699466608	0.0010167694614074396
23.0	29.394157022589855	20.48064134511708	20.30948357894095	29.814467014403366	0.0012510389487519714
24.0	29.406732047921064	20.600039279562026	20.245252986761226	29.746197357325787	0.001778328429902104
25.0	29.50744214352489	20.57134093388962	20.251949551478614	29.668524963929755	7.424071771236998E-4
26.0	29.54402554727345	20.595487114538283	20.105762024311634	29.752830637195395	0.0018946766812374467
27.0	29.43289460476739	20.59370329013226	20.173683081981274	29.79887929515969	8.397279593868502E-4
28.0	29.389554652597866	20.61441864760576	20.277888906526307	29.717434899867957	7.028934021153576E-4
29.0	29.39122935173758	20.63125928974155	20.183809505589558	29.790383216601928	0.0033186363293851977
30.0	29.306653922249254	20.603102513201467	20.21400980638244	29.875371589707356	8.621684594871939E-4
31.0	29.38964583873395	20.60878068813487	20.149149518104185	29.851381529077585	0.0010424259494041846
32.0	29.42869996922413	20.592195642144738	20.23261740777159	29.744947200333538	0.0015397805260008721
33.0	29.58312849695574	20.49542761612464	20.23834929323276	29.6790325421844	0.004062051502453776
34.0	29.35305889227301	20.71527757613172	20.21599972315377	29.71353575194578	0.002128056495723402
35.0	29.377386956248248	20.70054326500169	20.172814384291343	29.748177051871274	0.0010783425874431
36.0	29.381400822007954	20.607200780023348	20.243735241981874	29.76303161697052	0.004631539016305223
37.0	29.466330451643657	20.640686097672532	20.050001449434077	29.842076104951907	9.058962978232721E-4
38.0	29.47742217687262	20.437095886113564	20.196093016637143	29.88829740356449	0.0010915168121887662
39.0	29.498926728271957	20.54722141874851	20.16796829408153	29.784949837867465	9.337210305438417E-4
40.0	29.378060798658723	20.501556111974825	20.30176707289079	29.817392818277188	0.0012231981984736934
41.0	29.40766375025491	20.508451533593608	20.171704663556156	29.9107673004805	0.001412752114828492
42.0	29.237474603736025	20.719937815139875	20.229944148783037	29.81145073330427	0.0011926990367927088
43.0	29.40784785917721	20.41626822916129	20.23953753023134	29.93250485870012	0.003841522730042154
44.0	29.416353841408434	20.501700011761415	20.292255575729502	29.788363004109858	0.0013275669907935304
45.0	29.41842723261473	20.46563242337509	20.374371985462503	29.73758873671176	0.0039796218359141496
46.0	29.49236471776865	20.399391077948177	20.38005091653318	29.72731418950386	8.790982461362062E-4
47.0	29.502527200763218	20.547444864085026	20.237414094414294	29.711478350940784	0.0011354897966779354
48.0	29.45553036721224	20.42480504856092	20.237533354601403	29.875856444753374	0.006274784872064109
49.0	29.469561187667004	20.383059906632784	20.354295280457226	29.79151271576919	0.001570909473794152
50.0	29.49090791175305	20.428217111020373	20.267171159270585	29.81221047888824	0.0014933390677553534
51.0	29.573910012079175	20.24646747391743	20.28921840408248	29.88510848316527	0.005295626755650348
52.0	29.539236648524465	20.37303307161131	20.369908697159556	29.71667956997403	0.0011420127306407833
53.0	29.599886700324525	20.34588883725342	20.22626586184629	29.826962464285266	9.96136290501061E-4
54.0	29.435375294330463	20.320964687745775	20.378562794452908	29.8634646240744	0.001632599396460655
55.0	29.389655291651547	20.4922510326631	20.291955754703064	29.824452744364837	0.0016851766174522144
56.0	29.531539281506554	20.3492691748777	20.315761335297307	29.802616163627384	8.140446910535388E-4
57.0	29.51705522080402	20.337604752110085	20.419964100792093	29.723628306485615	0.001747619808186559
58.0	29.53891515519263	20.31786330094185	20.357855898530016	29.78329706270163	0.0020685826338706606
59.0	29.591154996250165	20.35211099065214	20.378101498525005	29.67778256681093	8.499477617632211E-4
60.0	29.563692460793234	20.412755812912465	20.33449749793838	29.68700723017752	0.002046998178396566
61.0	29.53695793430867	20.42964797744044	20.318356974658503	29.714335747240238	7.01366352152878E-4
62.0	29.52599675822858	20.322861680322738	20.374729112718697	29.775433817930065	9.786307999237124E-4
63.0	29.67056239363869	20.29753350503013	20.26715191732545	29.76138662756821	0.003365556437519589
64.0	29.54809286898839	20.250644923530494	20.363598673300164	29.83688041275106	7.831214298875991E-4
65.0	29.52245681844626	20.31420864451572	20.39192408409121	29.76957940023984	0.0018310527069680593
66.0	29.441724778055473	20.40046821909257	20.37380548379918	29.746025199667265	0.03797631938551143
67.0	29.465898758053143	20.291963982390786	20.45534529709973	29.782988575046822	0.003803387409519879
68.0	29.499601016350883	20.32595440031588	20.444668871926602	29.72618403153306	0.0035916798735728685
69.0	29.62286388443896	20.292256406414086	20.373294705156887	29.71089521512493	6.89788865142709E-4
70.0	29.61117242224981	20.21028283594672	20.40336502352815	29.774197782069557	9.819362057601816E-4
71.0	29.51424320471322	20.249099617417293	20.512973878112327	29.703641300795674	0.02004199896148198
72.0	29.521033380446344	20.201911513848138	20.558720307326773	29.71772756762061	6.072307581324594E-4
73.0	29.50457140648008	20.28957705620312	20.452706997875662	29.7456817177507	0.007462821690434326
74.0	29.588424159882663	20.191509160714617	20.40387258194726	29.815898292341732	2.9580511373090366E-4
75.0	29.497603263843676	20.290097357392522	20.44132635381375	29.77022780979029	7.45215159762952E-4
76.0	29.47397437659658	20.295422002997935	20.437807626932138	29.792545623112993	2.5037036035555597E-4
77.0	29.567670377940125	20.261109969758934	20.468370551229352	29.702596713612415	2.5238745917001876E-4
78.0	29.434882244336798	20.30845888890161	20.4877167400214	29.76863674709603	3.053796441563697E-4
79.0	29.539327592945547	20.23085073922484	20.45124139115055	29.77824666251103	3.336141680291384E-4
80.0	29.601704642827002	20.211154320294124	20.463376636286775	29.72347963763655	2.8476295554953813E-4
81.0	29.41731039449669	20.21844819339551	20.598924843257464	29.737051842784386	0.028264726065955034
82.0	29.467633744080228	20.208388643422676	20.52650020076409	29.784427086779914	0.013050324953091332
83.0	29.633237206202807	20.23555937367266	20.412244871889044	29.71869241553747	2.661326980213566E-4
84.0	29.63903461339531	20.190766626587763	20.42242716946659	29.74723421977121	5.373707791204584E-4
85.0	29.570383329430843	20.16476737948835	20.549825120513685	29.714671454203444	3.5271636367878824E-4
86.0	29.525170668340234	20.21880626711137	20.50812712907213	29.747512257152174	3.836783240930803E-4
87.0	29.60323905478452	20.194236928725505	20.574246434502648	29.62800060712889	2.7697485843814986E-4
88.0	29.583447278239888	20.223543812084813	20.480385194896872	29.705905980267218	0.006717734511213438
89.0	29.499429517059024	20.304608460805333	20.451728540672942	29.743922206048477	3.11275414222683E-4
90.0	29.52986406873432	20.1882741611543	20.485017454309432	29.796500896039397	3.434197625481289E-4
91.0	29.501593148679017	20.212867592350804	20.610069116539275	29.675180636946806	2.895054841023853E-4
92.0	29.479302697553837	20.24124951179043	20.56580449759316	29.71335029406844	2.9299899413445313E-4
93.0	29.560892529439492	20.164667155285613	20.62729299666282	29.64676172292458	3.8559568749783104E-4
94.0	29.49807893849149	20.19957652841612	20.637165834271762	29.6649684348763	2.1026394432931657E-4
95.0	29.597922026073263	20.21438843579271	20.51065065097962	29.676795450658773	2.4343649563427072E-4
96.0	29.51348321154919	20.22326013950521	20.68782525493882	29.575308052677844	1.2334132893498153E-4
97.0	29.521611001043585	20.296097796222032	20.505377160732866	29.676476480606183	4.3756139533328276E-4
98.0	29.477991328380536	20.216410152387233	20.691637719009105	29.61152032252339	0.002440477699738837
99.0	29.522884623423902	20.192396124422377	20.635682197489814	29.64881195473562	2.2509992828959426E-4
100.0	29.48044275143052	20.174339088057398	20.67600870879399	29.66467226144661	0.004537190271480658
101.0	29.4765309757977	20.259107969939762	20.65602240432178	29.607708942671785	6.297072689761457E-4
102.0	29.41124972641716	20.174419583480645	20.689294072091183	29.724901931073962	1.3468693705069278E-4
103.0	29.413226416140535	20.19021521488973	20.70246211200703	29.69382243796117	2.738190015327018E-4
104.0	29.463681834146655	20.185283231533376	20.7645108885401	29.586315189653543	2.0885612632453942E-4
105.0	29.613660328678993	20.196965119166236	20.682718903558005	29.50633686603446	3.187825623104793E-4
106.0	29.512096327692483	20.13314562952014	20.696076723392608	29.658537042828137	1.442765666361161E-4
107.0	29.4756051134234	20.140608854271548	20.71827224261274	29.665109572308612	4.042173836993093E-4
108.0	29.43857707468417	20.146731492683095	20.796128122924156	29.618375980155054	1.8732955352248872E-4
109.0	29.52889561062588	20.247648262853218	20.659732709006985	29.563608726602098	1.1469091181568711E-4
110.0	29.46535093967026	20.137140537829755	20.799505138867477	29.59753506079416	4.683228383486156E-4
111.0	29.46202158165527	20.171918011400063	20.736937293266177	29.62864465546224	4.7845821624397544E-4
112.0	29.43877950380447	20.14848522404464	20.66701346648707	29.745640269655887	8.153600793182284E-5
113.0	29.433335169117434	20.0913219147562	20.826344837024095	29.648872912004194	1.2516709807593139E-4
114.0	29.43938052492326	20.274545529127842	20.793153368109444	29.49236509444927	5.554833901920435E-4
115.0	29.47594924063378	20.138824991302627	20.795925860689533	29.572211867161958	0.017088040212102012
116.0	29.355445667444357	20.252365902226764	20.780050690838053	29.61186791600935	2.698234814784168E-4
117.0	29.32613354601232	20.168815482191985	20.87311437625512	29.62421989725239	0.0077166982881867975
118.0	29.403434337098044	20.22109246021676	20.76560226357924	29.609585805677767	2.8513342818772044E-4
119.0	29.435415022624788	20.245920126105858	20.784864165651907	29.533653914364844	1.4677125259968582E-4
120.0	29.286452081040565	20.261149990437854	20.834979586461213	29.617266962462402	1.5137959796606372E-4
121.0	29.230275373262277	20.260255690715642	20.971370414896825	29.537942186362503	1.5633476275418078E-4
122.0	29.332109818704893	20.21732121464379	20.865111825427036	29.585025819968664	4.3132125561930727E-4
123.0	29.328654280807953	20.21790888360801	20.890941653734473	29.562215868780957	2.793130686115794E-4
124.0	29.15086284105395	20.20866556873193	20.886150428652503	29.75414725426464	1.7390729697627381E-4
125.0	29.222835527449863	20.165459812167068	20.977570226395216	29.63407416158068	6.0272407171452094E-5
126.0	29.265056660952094	20.17153766371808	20.98267599006682	29.5804784032536	2.512820094017164E-4
127.0	29.294450768803017	20.229998268816132	21.069294568804068	29.39622339616307	0.010032997413716221
128.0	29.232513237975965	20.281842550480082	20.994825654208686	29.490749895634217	6.866170105244655E-5
129.0	29.20845886609678	20.217165674417263	20.959406668492598	29.6147525623099	2.1622868345562267E-4
130.0	29.128865306172035	20.248342409709547	21.086249365969817	29.536466986389993	7.59317586099021E-5
131.0	29.006860581745237	20.35442326980943	21.079799398194584	29.558355065195585	5.616850551654965E-4
132.0	29.045152079527693	20.403815409851966	20.87533894476402	29.663867190657335	0.011826375198985144
133.0	29.457672137537788	20.154109045747724	20.70391572954769	29.684212434786943	9.065237985160206E-5
134.0	29.477564818682545	20.255000437143604	20.872052923519295	29.394896105536183	4.8571511836877437E-4
135.0	29.292834177152944	20.24895032607115	20.77543517132206	29.682466443391892	3.138820619540414E-4
136.0	29.085337570328335	20.46278056199157	20.475255654335605	29.976399393483693	2.2681986080065142E-4
137.0	28.033752366124165	20.885361206596265	20.664832855873133	30.41592960943301	1.2396197342503214E-4
138.0	28.44490157032784	20.961397819126063	20.80047550830907	29.7928142367626	4.108654744263633E-4
139.0	28.30638026931636	21.41260993207399	21.7846877209738	28.49570985585238	6.122217834632774E-4
140.0	27.537012019573048	22.393183467790948	21.959249445210403	28.091454330137143	0.019100737288459336
141.0	28.642063503211684	21.347602124666643	20.48091953838467	29.529214166317168	2.0066741983838245E-4
142.0	28.7776146299139	21.73201056435389	23.00297480001144	26.487161640335238	2.3836538553217456E-4
143.0	30.648408946361105	19.661829660393508	21.919815703319863	27.767307855763228	0.002637834162297143
144.0	33.758312069612934	18.762141017642726	19.85376079571158	27.621351042094776	0.004435074937982868
145.0	26.926243199389138	20.518457096497087	19.33491218860361	33.22038751551016	0.0
146.0	27.30538309134815	20.939797780280266	19.570087379634703	32.18473174873688	0.0
147.0	27.48106452044302	20.013251796287065	19.915990906106767	32.58817307575407	0.0015197014090671465
148.0	29.729024894610568	19.98103910607669	20.708180183718174	29.58175581559457	0.0
149.0	33.149260249195514	19.42337532016638	19.147420550732626	28.278705025721713	0.0012388541837654353
150.0	23.453989641341174	25.544543531030545	25.4799641730597	25.512416111738517	0.009086542830068668
