# Position (bp)	A	C	G	T	N
0.0	26.04719804580677	24.71662331530658	24.218087605268096	25.00658968286581	0.011501350752748553
1.0	28.461539012931752	18.841110297663054	18.882746280824676	33.79373444818195	0.020869960398566187
2.0	29.62751475792861	20.144013851379903	19.311483229705537	30.910735772209076	0.006252388776882896
3.0	32.86932807703914	19.180994337032054	19.81367783167429	28.135589703024085	4.10051230433893E-4
4.0	32.5643123500622	18.89824524438674	20.534245511051516	28.00257321431753	6.236801820197568E-4
5.0	33.40583624498717	18.969191219103067	20.007850380379054	27.614995044961866	0.002127110568839513
6.0	28.03922248880354	19.280143982259915	18.075757642336328	34.59463634330193	0.010239543298295987
7.0	28.3736598257383	21.424146259932744	19.14256573290969	31.05628335918197	0.003344822237298502
8.0	27.872330170938973	21.17006341596907	19.179430033895514	31.774235540509693	0.003940838686743033
9.0	32.3958909078828	18.953487256504545	19.53129119457266	29.117330553203384	0.00200008783660187
10.0	29.85627351226345	21.438799925340312	21.648942720112075	27.05554540847754	4.384338066291992E-4
11.0	28.703921700124056	21.439374348458806	20.444076253637412	29.412200648102587	4.2704967713015044E-4
12.0	29.662769265148555	20.153027131261794	19.877543817979397	30.305843719929808	8.160656804465883E-4
13.0	29.8104343107382	20.122794478019625	19.830194372081074	30.229823819288598	0.006753019872501974
14.0	29.80471967356817	20.23257076111181	20.017585579331506	29.94487197794703	2.520080414884892E-4
15.0	29.98025625083817	20.236290358318545	19.964066391792336	29.81848977743684	8.972216141086126E-4
16.0	30.01761237968691	20.169823845737675	20.017977906462793	29.791451272025842	0.0031345960867784637
17.0	29.978503279123863	20.207169371160518	20.06702342410395	29.74303888718035	0.004265038431323559
18.0	29.945503643131904	20.201352923423148	20.0685119450932	29.77988609916114	0.004745389190610017
19.0	29.90948832567933	20.217350648608797	19.982271580495503	29.890363316628417	5.261285879525491E-4
20.0	29.8408543709346	20.27047761390642	19.969942230082403	29.918199781743294	5.260033332860615E-4
21.0	29.836030731476303	20.243602190170797	19.987714209753236	29.932078727767447	5.741408322165481E-4
22.0	29.805373095011646	20.14844797420914	19.993399611459626	30.049541306206834	0.003238013112757768
23.0	29.85216909225063	20.078098012839884	20.036978903667617	30.03213799449485	6.159967470184416E-4
24.0	29.866182674277848	20.10940843154344	20.056439968538207	29.965050528635896	0.0029183970046116102
25.0	29.8930392921924	20.083180408488875	20.10640940903099	29.915488320188842	0.0018825700988803103
26.0	29.892535310964846	20.103444035370348	20.075959708317313	29.925517568345583	0.0025433770019154664
27.0	29.83958823128851	20.138500544644163	20.069193881618094	29.94732764690738	0.005389695541850456
28.0	29.832465917282008	20.141411622817674	20.1100441534327	29.91582925005342	2.4905641419533325E-4
29.0	29.802719401690375	20.152176672379767	20.080547818066748	29.96409895041221	4.5715745089789083E-4
30.0	29.785625935194254	20.135220659122155	20.084983382697843	29.993929724390238	2.4029859551062032E-4
31.0	29.834136951457168	20.109190441789533	20.08567164066699	29.970778725242724	2.2224084358191324E-4
32.0	29.818969980422132	20.155131037140723	20.10012852680402	29.925112118206222	6.583374269029094E-4
33.0	29.88326832474154	20.118447809278983	20.09429337242914	29.891030990892915	0.01295950265742456
34.0	29.78770303780986	20.18176734758948	20.107753546981776	29.922614944088817	1.6112353006823827E-4
35.0	29.775082474083725	20.185361395341868	20.065849660326464	29.97341485527818	2.9161496976285784E-4
36.0	29.802562607367676	20.146699030477784	20.103009015512878	29.947349459602275	3.798870393866642E-4
37.0	29.84322021894492	20.15138101457974	20.05023354564628	29.954408978070674	7.562427583810107E-4
38.0	29.852052944738432	20.092256770751487	20.071946647008293	29.982463699197464	0.0012799383043197597
39.0	29.8328364127124	20.155730027064635	20.064710512606176	29.945662566249492	0.001060481367297057
40.0	29.7882009128174	20.161747237280156	20.123459615346313	29.91415661255618	0.012435621999953869
41.0	29.80506170594187	20.12638738997656	20.059822703931342	30.008456497652432	2.71702497797451E-4
42.0	29.778010439687936	20.18959651839397	20.09156348125195	29.94055616321009	2.733974560536828E-4
43.0	29.786466344606023	20.140322655443516	20.09449541161568	29.977863554584992	8.520337497871436E-4
44.0	29.761317802703797	20.165764785717393	20.10770629486505	29.963765644221972	0.0014454724917927827
45.0	29.763185239249346	20.162314444450054	20.116104100330727	29.949952250308602	0.008443965661263313
46.0	29.80307895549589	20.10983551883534	20.164345719632408	29.922375805166862	3.640008694910181E-4
47.0	29.814846191687955	20.160275360342848	20.08248865443804	29.94211525582095	2.745377102087908E-4
48.0	29.807350244883352	20.12644439438404	20.083761216786986	29.982275343539516	1.688004061030861E-4
49.0	29.80681459510155	20.143575830115566	20.113137189008892	29.93494153914996	0.0015308466240279363
50.0	29.797373276750168	20.16345267792754	20.10047341850862	29.93374663449232	0.004953992321348854
51.0	29.799258464401486	20.138246730595622	20.1206801297303	29.94163577675276	1.7889851983929683E-4
52.0	29.79023197296739	20.14754793502885	20.152729981732264	29.909372701629277	1.174086422190441E-4
53.0	29.829658643444528	20.140859051082636	20.071925460531265	29.95736990723024	1.869377113270474E-4
54.0	29.782553789603245	20.142891305624012	20.104482570833078	29.969936561452144	1.3577248751818412E-4
55.0	29.746017965892168	20.164057039867785	20.10796130035625	29.980151168355945	0.0018125255278505416
56.0	29.764753986453087	20.158713797098404	20.103091221614875	29.973124922121208	3.160727124279436E-4
57.0	29.784215431077104	20.14808016611124	20.145036347272807	29.92252284468927	1.45210849581316E-4
58.0	29.797676117962723	20.16117820374762	20.094633249489043	29.94632138169264	1.9104710797133444E-4
59.0	29.816943077585968	20.16776240086487	20.09113468387949	29.923945937024797	2.1390064487667053E-4
60.0	29.81719198176233	20.132049016886747	20.09282027205216	29.954663611477056	0.0032751178217058563
61.0	29.8140754997286	20.160190196576043	20.121706560887887	29.90333055048379	6.971923236778179E-4
62.0	29.8215866206288	20.139394255502612	20.11404262181179	29.92463326678613	3.432352706602786E-4
63.0	29.83386666673551	20.17390937828179	20.06420603457236	29.927813909026423	2.0401138391078197E-4
64.0	29.82750173310253	20.126167303598233	20.09780202554689	29.947283269814882	0.0012456679374603047
65.0	29.775939033086825	20.134333336814368	20.107737217274003	29.98177118973866	2.1922308614439403E-4
66.0	29.76990548651766	20.14737099972664	20.10957679663398	29.972803680061084	3.4303706064175613E-4
67.0	29.793778341636024	20.126001590675845	20.12493017661107	29.955104137040983	1.857540360817642E-4
68.0	29.772958879862422	20.206587866277424	20.079360644487355	29.940858905076446	2.3370429635437238E-4
69.0	29.78020828338952	20.191355554245778	20.087894240558317	29.940040574990334	5.013468160507124E-4
70.0	29.795471770648163	20.122957464583134	20.07300764766151	30.008477715373612	8.540173357871248E-5
71.0	29.742935915415288	20.17683096127292	20.101639902648376	29.97763805683258	9.551638308367568E-4
72.0	29.79397833800424	20.121883405088003	20.130995542305126	29.953000737169855	1.4197743277659548E-4
73.0	29.771651210397714	20.175808171352337	20.110462557121277	29.941969796660562	1.0826446810957663E-4
74.0	29.817290359171473	20.142366004652484	20.09545624747754	29.944776365003754	1.1102369474752611E-4
75.0	29.775115872381658	20.173929148508833	20.122654368947604	29.92796763200313	3.3297815877335833E-4
76.0	29.760448053942156	20.15784655027697	20.09597356775472	29.985176769008028	5.550590181311188E-4
77.0	29.7811846921469	20.17272046543149	20.095489803109285	29.950435402242515	1.6963706980974356E-4
78.0	29.770195887378375	20.155799089540942	20.11168258677037	29.961771254647257	5.511816630532282E-4
79.0	29.812754922645585	20.1710882789021	20.11687457453899	29.898786435926766	4.957879865587088E-4
80.0	29.83737758377552	20.13439003778111	20.084375654123154	29.943737417055026	1.1930726518868048E-4
81.0	29.76865440436935	20.168927667325413	20.137966353410498	29.923717555829537	7.340190652033358E-4
82.0	29.763660069025544	20.143555875018595	20.137313206242165	29.95500821290944	4.626368042569561E-4
83.0	29.79482926068531	20.168535656321303	20.077297805716558	29.959226470254226	1.1080702260233173E-4
84.0	29.80842515631371	20.160802107317405	20.101578366110814	29.928968464996604	2.2590526147064978E-4
85.0	29.790449732976793	20.1592039310258	20.10846807900489	29.941713424015326	1.6483297719707788E-4
86.0	29.751698218372997	20.1821696330306	20.09661553175875	29.967879007696148	0.0016376091415051311
87.0	29.77484642911316	20.15392764673034	20.117811780571422	29.95325197999771	1.62163587370537E-4
88.0	29.777002384559747	20.179921578618753	20.106137455204657	29.9368234789105	1.1510270634218805E-4
89.0	29.72982579513492	20.17732338428729	20.123261143836473	29.968719193091047	8.704836502709829E-4
90.0	29.76725964212318	20.17257529446748	20.08860829024794	29.96682569838481	0.0047310747765976725
91.0	29.726313867731985	20.182642191870347	20.13613496350179	29.951025492025497	0.003883484870383483
92.0	29.74561606068096	20.198659140330896	20.140755448025196	29.91485205652341	1.1729443953979918E-4
93.0	29.746264615270867	20.218802090218833	20.133492509896925	29.899479537996694	0.001961246616683604
94.0	29.772033914887462	20.17791401977382	20.1256008475016	29.924291539842695	1.5967799442097064E-4
95.0	29.806877935619923	20.193428707014135	20.086359765030682	29.912486992019478	8.466003157779181E-4
96.0	29.768522886176925	20.182716457876023	20.11922952346161	29.92929202290015	2.3910958529214233E-4
97.0	29.753534786583874	20.218528588091807	20.05903564759429	29.967978221617447	9.227561125817328E-4
98.0	29.730511216191907	20.237032734760916	20.119161760940408	29.911673932612437	0.0016203554943305055
99.0	29.750217283429016	20.21712764235322	20.11075739679132	29.92153827309794	3.59404328505848E-4
100.0	29.743122334726667	20.187720297670563	20.122454891480647	29.94253722928319	0.004165246838935747
101.0	29.747153047044726	20.19400722300781	20.130324431064647	29.927630450346633	8.848485361867036E-4
102.0	29.73546878687392	20.186466296917143	20.134735694507633	29.942959553272935	3.6966842836988256E-4
103.0	29.760394710320448	20.18750322448139	20.145169852014583	29.90678929800477	1.429151788050748E-4
104.0	29.715986320275924	20.24471082559139	20.11580883993677	29.923282922007306	2.1109218860822338E-4
105.0	29.763123641253653	20.20422230455678	20.128771783012155	29.89828666809852	0.005595603078891664
106.0	29.75989766693601	20.18308267519175	20.130142567818197	29.926684221228257	1.9286882578160332E-4
107.0	29.754506326620735	20.177960410079923	20.14697849685168	29.920416128105654	1.386383420110919E-4
108.0	29.71189841393497	20.217300153129848	20.17374030683913	29.896974889303955	8.623679209098562E-5
109.0	29.77993468953025	20.193808175224685	20.11984000854836	29.90634716162937	6.996506733359197E-5
110.0	29.69694756150612	20.221350236193302	20.15150734910796	29.924569558209214	0.005625294983408954
111.0	29.749766385709858	20.19502339567336	20.121985103379917	29.933071463555482	1.5365168138106595E-4
112.0	29.74137363982974	20.168197009959076	20.087545961453664	30.001479434707747	0.0014039540497786584
113.0	29.725319579770897	20.176076001688916	20.17180644140511	29.926403480561596	3.944965734754332E-4
114.0	29.726048939019563	20.229385347917894	20.13526136321628	29.90920237595287	1.0197389339300947E-4
115.0	29.763664564243125	20.184307356318982	20.189113841283554	29.86281969346889	9.454468544718982E-5
116.0	29.713211397478524	20.248435054923018	20.172518115202703	29.865759482707087	7.594968866863883E-5
117.0	29.685304107955208	20.21139817211885	20.154147882397613	29.949052047814057	9.778971426970073E-5
118.0	29.68187680348699	20.23243389213163	20.159830243113568	29.92564902988324	2.100313845697335E-4
119.0	29.717559294114082	20.232753199751524	20.11648875162519	29.933115939074707	8.281543449780934E-5
120.0	29.704879746429132	20.220247348169472	20.17502372773053	29.89957477103722	2.7440663364949766E-4
121.0	29.724392263674858	20.249312488917283	20.177758919320695	29.84806731165806	4.690164291024398E-4
122.0	29.686828018441723	20.254961244860688	20.16787989474098	29.890210636120656	1.2020583594808131E-4
123.0	29.680879953772614	20.214886665092177	20.18907787871301	29.914103384767422	0.0010521176547724624
124.0	29.669152531077714	20.189340186035544	20.1665608192674	29.974811417917884	1.3504570145551973E-4
125.0	29.660443706653982	20.23620921369992	20.150191029681253	29.952548993549627	6.07056415220432E-4
126.0	29.697067221605217	20.228049011598554	20.178436686048343	29.89454311696668	0.0019039637812097942
127.0	29.745758210634733	20.210168488706305	20.168537539005836	29.875464875477547	7.088617557612096E-5
128.0	29.759622380019668	20.165067530040687	20.21347280085535	29.86170950250041	1.2778658388469893E-4
129.0	29.690937451628656	20.161506177426432	20.285744965513047	29.861676074550413	1.3533088144969434E-4
130.0	29.67103142794138	20.132344624255303	20.323318118445144	29.872554408534	7.514208241736627E-4
131.0	29.577264649372243	20.182479254288708	20.298939001054038	29.94103476511625	2.823301687572118E-4
132.0	29.515800998365705	20.251818648114682	20.27883027971803	29.941398688632276	0.012151385169308476
133.0	29.491058878067626	20.244983024714898	20.307193129291356	29.95664624079229	1.1872713382778305E-4
134.0	29.490351148919757	20.241886840974775	20.25483282728067	30.01285247128066	7.671154413763074E-5
135.0	29.54286613367253	20.1778997232648	20.293473394576008	29.984640823003332	0.0011199254833246211
136.0	29.631664708961313	20.20006063401708	20.340556527615963	29.82754825120133	1.6987820431384003E-4
137.0	29.919473812700996	20.079041087857	20.24123903680221	29.759901445775483	3.446168643051763E-4
138.0	29.968421334750612	20.09042712449966	20.333337028788627	29.606477038562552	0.001337473398553898
139.0	29.121490688794598	20.698600560094622	21.493726009983543	28.68605492095441	1.2782017283085768E-4
140.0	26.97936490945209	21.75704580296393	21.42133671201578	29.842028803322044	2.2377224615934658E-4
141.0	28.957652443800562	19.726673006065607	19.171509995003216	32.142955631872674	0.0012089232579408369
142.0	31.382900194623897	19.42273906752302	21.239431467697365	27.945289162787752	0.009640107367964048
143.0	30.82613534980108	19.357468244110397	21.434534225822315	28.377054317872467	0.004807862393741034
144.0	33.92589778699121	18.451844595420535	19.404858349185915	28.216944762995922	4.5450540642134787E-4
145.0	27.429317323499774	20.297907578358725	19.015642370060384	33.25633800001961	7.947280615109481E-4
146.0	27.78640417413029	20.686610010893677	18.961802032544767	32.5649941782337	1.8960419756781853E-4
147.0	27.848077599390187	19.979413121817952	19.358015993599086	32.813922323994966	5.709611978074321E-4
148.0	30.450532409557717	19.55714253029141	20.23620090848238	29.755727118749565	3.9703291892623325E-4
149.0	33.27283935991895	19.152529125135253	19.158007045114523	28.400736638125025	0.01588783170624588
150.0	24.494170409003566	24.570835781428315	24.888895239336748	26.04276511905523	0.0033334511761452146
