# Position (bp)	A	C	G	T	N
0.0	26.147624525775328	24.062454880064035	25.824628595482853	23.910671497477747	0.05462050120003859
1.0	28.60728378212925	18.636051292643156	19.276811355072702	33.47442088867732	0.005432681477557708
2.0	29.8765125935435	19.890532550257	18.942561993107248	31.28580084885207	0.004592014240185168
3.0	32.45287416004553	19.237264835802588	19.79365513789052	28.512256602525515	0.003949263735844065
4.0	32.91953911671848	18.736253311456984	20.249178517203347	28.093935972797063	0.001093081824119889
5.0	33.461743141772	18.875893848759873	19.828136331359218	27.8323340688464	0.0018926092625125243
6.0	28.427898721671735	18.868931707701712	17.99454091033092	34.70376825852205	0.004860401773590944
7.0	28.35075025521256	21.54868647450623	18.766953985510078	31.31170557496897	0.021903709802169775
8.0	28.271381945709624	21.01874306015866	19.04966921819363	31.65940252786032	8.03248077775216E-4
9.0	32.49662328488297	18.97363447358829	19.444401790478867	29.083022990367414	0.002317460682453332
10.0	29.84949725773207	21.45049352188284	21.425398295965934	27.263432363901153	0.011178560518002674
11.0	28.751938100267573	21.41173482929507	20.270748021404465	29.55047887855468	0.015100170478215168
12.0	29.790914248799144	20.076733275070147	19.749976950037126	30.38042218291465	0.0019533431789358863
13.0	29.97580685163784	20.010821350120242	19.740762206481524	30.271258879155592	0.0013507126048000015
14.0	29.979021200472477	20.147861881727675	19.898965086062052	29.96990555758054	0.004246274157254969
15.0	30.158131045537168	20.176338417667964	19.820817765673272	29.844165587581	5.471835405960787E-4
16.0	30.24632451589997	20.071120993140163	19.924171954393522	29.755215978656167	0.0031665579101763067
17.0	30.226544208593452	20.099437801415508	20.00845717376762	29.663709216842992	0.0018515993804287252
18.0	30.254667680789026	20.012217853349405	20.059065544783135	29.66833616261867	0.005712758459759422
19.0	30.144822101868506	20.066029818822006	19.89782878708719	29.890562016629772	7.572755925258668E-4
20.0	30.007327094011305	20.220079367402494	19.865185677479644	29.906876819315187	5.310417913727669E-4
21.0	29.900621956972905	20.244292182585692	19.86891661535092	29.98480670403077	0.0013625410597125208
22.0	29.886869059807275	20.098674875052783	19.84685635323009	30.166920848353673	6.788635561781385E-4
23.0	29.958965991595477	20.007544424674283	19.95548212745773	30.075332511815585	0.0026749444569280907
24.0	29.97203934661133	20.055268577025164	19.98265497001761	29.98762674963862	0.002410356707271252
25.0	29.999311032860092	20.027839796579936	20.033987324656703	29.934206348575348	0.004655497327922648
26.0	29.99594447045756	20.038969995530636	20.010413660006783	29.953588814074322	0.0010830599307076866
27.0	29.943557767187208	20.0791396698745	19.993621292185185	29.98285296798935	8.283027637628878E-4
28.0	29.947308097781544	20.074423360797642	20.053133179711743	29.923563351138267	0.0015720105708055918
29.0	29.923584343796595	20.084037015002714	20.00254785042057	29.987978823303475	0.0018519674766478515
30.0	29.906182333960395	20.065632623177276	20.019820789414062	30.00737165287574	9.926005725210826E-4
31.0	29.932088314008258	20.04475028441596	20.00930602505468	30.01277834461761	0.0010770319034843808
32.0	29.932940490594223	20.088988633801367	20.024613365797073	29.95222118264155	0.0012363271657815276
33.0	29.98407499503048	20.065041208066027	20.02565837890618	29.922280515627254	0.0029449023700673835
34.0	29.876843705208227	20.128743469275832	20.026550043054726	29.96610981467362	0.0017529677875952438
35.0	29.849293815261426	20.12274600502578	20.003077436219215	30.022455544011876	0.0024271994817060367
36.0	29.89269120845133	20.080758796561014	20.040439694199154	29.984119348026166	0.001990952762330192
37.0	29.929278595387142	20.085033636886664	19.977400624871596	30.00785999099278	4.271518618101572E-4
38.0	29.937254480725517	20.013773878661826	20.00350291638864	30.044522348296404	9.463759276107774E-4
39.0	29.927320127798517	20.080544854057955	19.990678136538158	30.00077799550256	6.788861028135405E-4
40.0	29.866197687633118	20.087601316862873	20.05564653828115	29.988244007946346	0.0023104492765164335
41.0	29.897858038406056	20.060052697704453	19.9920646584846	30.049407952007172	6.16653397718177E-4
42.0	29.855251055149573	20.124437267944796	20.022079474468153	29.99613433928904	0.002097863148439565
43.0	29.858721540067496	20.076438349029075	20.028222325795696	30.034093863439853	0.002523921667878247
44.0	29.84772131065568	20.08040646004571	20.04941089746933	30.02177848583471	6.828459945705678E-4
45.0	29.84707549333682	20.09022016183204	20.050052737930756	30.00887816464295	0.003773442257428623
46.0	29.877063081494892	20.03944551326022	20.09051687354643	29.992195424412284	7.791072861789338E-4
47.0	29.889660283829073	20.091228868830697	20.016757400051542	30.00144124792554	9.121993631467965E-4
48.0	29.877970534945263	20.061539812314603	20.011937713721075	30.04301692924794	0.005535009771123683
49.0	29.891008475637793	20.058034400352557	20.04781618571454	29.995162462745302	0.00797847554980733
50.0	29.8840529741561	20.088841044585497	20.03170386340281	29.994475207933498	9.269099220895406E-4
51.0	29.906105006815704	20.05076108146933	20.040521747490043	29.99886430018634	0.0037478640385873413
52.0	29.878122530387806	20.074229589194726	20.086927199087086	29.96010025017072	6.204311596634941E-4
53.0	29.90756672314173	20.07619088934056	19.991859243715503	30.02194640815212	0.002436735650080917
54.0	29.872848764581555	20.066020542708678	20.034233353031432	30.025996092633118	9.012470452168439E-4
55.0	29.83366336267582	20.081706388629414	20.04248750971763	30.03965663703887	0.002486101938264129
56.0	29.846755912490174	20.084251460349243	20.0330784598466	30.035102424271287	8.117430426983478E-4
57.0	29.8703288683241	20.06800472549602	20.073588268460572	29.981782096968313	0.006296040750992074
58.0	29.870273703404127	20.09088192701428	20.0214484850001	30.014455108694744	0.002940775886749553
59.0	29.895622411457275	20.083062974600562	20.023224339819244	29.99734767261093	7.426015119896219E-4
60.0	29.90159221347113	20.06477136204134	20.017290313437346	30.012530756928413	0.0038153541217716075
61.0	29.905871194555612	20.08489546785289	20.043850478868706	29.964454695153215	9.28163569579894E-4
62.0	29.906899803927722	20.0691466900807	20.029876945116392	29.99217790575309	0.0018986551220951016
63.0	29.92202365322889	20.10141571176357	19.984254755844834	29.989453235228076	0.0028526439346298355
64.0	29.899348348902542	20.053822551530093	20.02930507483005	30.016044995865133	0.0014790288721804215
65.0	29.849014791602073	20.073782050758393	20.027340023114732	30.042219845252223	0.007643289272578493
66.0	29.84052199165486	20.07761839713561	20.019805555884176	30.039589151247842	0.02246490407750902
67.0	29.873293016048137	20.05499546859801	20.05278703768363	30.016704685053398	0.002219792616833416
68.0	29.83758997215985	20.141597317775336	20.004483394543474	30.011822575895785	0.004506739625552285
69.0	29.848263556526394	20.105441548308935	20.02423980705754	30.018619124922104	0.0034359631850242917
70.0	29.864759898727794	20.046564058469993	20.002890050760683	30.08534832227376	4.37669767776283E-4
71.0	29.81490682902102	20.102531289784476	20.023720070762494	30.04624927761042	0.01259253282159161
72.0	29.86082394285966	20.057865528348003	20.060646198405852	30.014760975038868	0.005903355347617959
73.0	29.842129328704985	20.091745841861666	20.048921223562168	30.011563669764524	0.005639936106654865
74.0	29.882073243744323	20.074364735695298	20.01917577965519	30.022068651306967	0.002317589598230465
75.0	29.841766671630488	20.115157796949127	20.046495198648532	29.99187273516531	0.004707597606542727
76.0	29.81895705672113	20.09195642231272	20.025112507504904	30.06323389933972	7.40114121534169E-4
77.0	29.835919114337994	20.10089082614291	20.033873997626195	30.02804168453426	0.0012743773586437286
78.0	29.840147515480613	20.092842422888037	20.04264030027462	30.022526197063197	0.0018435642935317235
79.0	29.881621347462595	20.097325253203024	20.045335142539468	29.973298241799885	0.002420014995027052
80.0	29.899250425629642	20.073123414196978	20.00114204939371	30.025878634015097	6.054767645726016E-4
81.0	29.809433628549858	20.11185449088683	20.0619776411253	29.998710783457817	0.018023455980192837
82.0	29.820139735981233	20.073156653667382	20.06753923934109	30.034690480691662	0.0044738903186295545
83.0	29.85457182905919	20.101264399878247	19.99775239863701	30.042092585425806	0.004318786999744877
84.0	29.854337615643967	20.094641860545323	20.04819397627297	29.99926502949134	0.003561518046400091
85.0	29.845629147547186	20.0916314928233	20.04309219803961	30.01813044789521	0.0015167136946946545
86.0	29.81862214459121	20.11553633964904	20.019142358699167	30.0461033601575	5.957969030834456E-4
87.0	29.81698348724934	20.095630599790322	20.047009428250124	30.04017632381969	2.001608905187894E-4
88.0	29.832731698039268	20.109794883809812	20.028835416387132	30.02439763151581	0.004240370247980627
89.0	29.779721283633076	20.119063089471982	20.049045150388444	30.051608734883967	5.617416225248898E-4
90.0	29.810674586981644	20.110335024853498	20.01579717397341	30.062998927386225	1.9428680521795923E-4
91.0	29.788870728507575	20.120104091864214	20.062054102994388	30.028767185789366	2.0389084445380427E-4
92.0	29.79431469227008	20.129456339686076	20.061143418920295	30.014762939715677	3.2260940786890994E-4
93.0	29.801319413663524	20.148977063079723	20.069618802857505	29.979323777828647	7.609425706010035E-4
94.0	29.813794803000736	20.122530862044265	20.05384952871609	30.009506442180502	3.183640584099644E-4
95.0	29.850057151035	20.14855954047699	20.014251056390147	29.986840466431154	2.917856667150481E-4
96.0	29.801635658990623	20.129160743810395	20.049207259192986	30.01981401967025	1.8231833575043017E-4
97.0	29.802863673714903	20.15932387927929	19.986092111256106	30.051035127259347	6.852084903538776E-4
98.0	29.7763765594016	20.16743790861557	20.0364913958922	30.018482995259138	0.0012111408314867031
99.0	29.784591784781078	20.160419764339096	20.023195915164845	30.031512802448844	2.797332661396513E-4
100.0	29.77307793074415	20.139070312083515	20.044787693124082	30.04113255777207	0.0019315062761785177
101.0	29.775614184272953	20.158298252196996	20.053380970217894	30.010074254499646	0.0026323388125110694
102.0	29.770983639580802	20.140789178255872	20.05810183153323	30.029668376591772	4.569740383223108E-4
103.0	29.80161805659326	20.137386007033264	20.072707925910834	29.98804394223199	2.4406823065067356E-4
104.0	29.74406899015972	20.186427438917057	20.049402682718707	30.019912538024172	1.8835018034137372E-4
105.0	29.787724897448236	20.15920550022318	20.07564203589938	29.977199242348266	2.2832408093298196E-4
106.0	29.787085881514276	20.148435546901997	20.06280481904871	30.001269334744585	4.044177904333866E-4
107.0	29.76531621434249	20.141137536275487	20.084581727351587	30.00849858558971	4.659364407226231E-4
108.0	29.736840297792906	20.16673041123322	20.105945186710738	29.990299675354244	1.8442890888804885E-4
109.0	29.79339816458429	20.13721908632743	20.059981445610173	30.009131710325125	2.695931529847663E-4
110.0	29.72189882750443	20.162112093156377	20.101723142144504	30.01388334363908	3.8259355561015747E-4
111.0	29.764077114922046	20.134368623238508	20.053289399636537	30.047919461400944	3.4540080196604066E-4
112.0	29.780122489350923	20.116898161376554	20.02323235656404	30.079316578797478	4.3041391100339624E-4
113.0	29.751827311041858	20.12482421892568	20.109487560837838	30.013440283550864	4.206256437594588E-4
114.0	29.75030535150313	20.19154965739707	20.071529175035604	29.986297635893738	3.1818017046307827E-4
115.0	29.78047873303212	20.135992334953787	20.136637496979876	29.937088556471146	0.009802878563074281
116.0	29.72681362813526	20.19227027523016	20.117320410215132	29.96331446092244	2.812254970022997E-4
117.0	29.696553050618146	20.156804391908082	20.113109488514436	30.030004654225202	0.0035284147341347705
118.0	29.699017452960913	20.18400270044209	20.105339180777396	30.010703469842102	9.371959774955692E-4
119.0	29.73377243987272	20.182869570659193	20.058496834714447	30.024637947498512	2.232072551286207E-4
120.0	29.69970417458972	20.172103929177418	20.109945957548664	30.017824404941646	4.2153374255629914E-4
121.0	29.722703355096453	20.201287360346488	20.13467895888431	29.94101376957385	3.165560988972569E-4
122.0	29.69756121909989	20.204604277906963	20.115009006950142	29.982618072477372	2.0742356562882455E-4
123.0	29.683740757723342	20.165608659023555	20.144495979320155	30.005887567414547	2.670365184027293E-4
124.0	29.656978182748357	20.146981307362164	20.12439329066086	30.071311620055596	3.355991730296719E-4
125.0	29.65363811608171	20.181308274578452	20.120889003342118	30.043488972208777	6.756337889436204E-4
126.0	29.67137142218956	20.18631807224392	20.151204657103303	29.990716455142774	3.8939332044560476E-4
127.0	29.758846409148926	20.141836530754905	20.136781966736326	29.954714180114884	0.007820913244965894
128.0	29.81740680160985	20.05372795275642	20.22168032775358	29.905903794382528	0.0012811234976297329
129.0	29.693133196150605	20.069791026750355	20.304812525526668	29.930247733217996	0.002015518354369574
130.0	29.612537490785584	20.0643421766737	20.307604970695483	30.01504814112516	4.6722072006915287E-4
131.0	29.531361546072137	20.11396904110078	20.193186009218213	30.160365688553586	0.0011177150552863064
132.0	29.35870325656733	20.262168826787534	20.141208880354412	30.23551792861697	0.0024011076737532754
133.0	29.367047949063018	20.217629977113234	20.23797221116804	30.177062166347934	2.8769630777751007E-4
134.0	29.42718460479018	20.154650940907697	20.190528932753203	30.226925258213765	7.102633351544626E-4
135.0	29.491760419327377	20.073381086945773	20.28323815336265	30.14863644792911	0.0029838924350871466
136.0	29.592750540562058	20.1190060484651	20.30030090525704	29.986776868446245	0.0011656372695557364
137.0	29.867364273907736	20.02238226312951	20.203676591463466	29.906001004655153	5.758668441338054E-4
138.0	29.956988645446014	20.008306513586817	20.315472441767902	29.718096391974548	0.0011360072247183525
139.0	29.223836000285424	20.53733350759397	21.469866434569713	28.76267050921853	0.006293548332364184
140.0	27.22391601236097	21.511371942398547	21.453184858561368	29.7939524310189	0.01757475566021039
141.0	28.874410001054247	19.688540486082577	19.29413899208548	32.14244826015516	4.6226062253898746E-4
142.0	31.118488507505994	19.402095295913057	21.137132653677103	28.341463850345168	8.196925586839222E-4
143.0	30.959981807811733	19.09339303723575	21.54608641474307	28.39054597825997	0.009992761949485248
144.0	33.841027781068284	18.467758216049052	19.103681738905216	28.583128881503118	0.004403382474325855
145.0	27.643885444605264	20.169238509723307	19.13124289014481	33.05536391099815	2.6924452846037136E-4
146.0	27.881920562654095	20.461035649754184	19.038415061089996	32.61840461524551	2.241112562100711E-4
147.0	28.207397561238672	20.086310235625323	19.510547693859454	32.19258680385231	0.003157705424241896
148.0	30.741893271112353	19.322039155342914	20.046374285896597	29.88936478752564	3.285001224904381E-4
149.0	32.57891211753574	19.826368468322244	19.15704182809513	28.435597779766432	0.0020798062804613772
150.0	23.534231793464038	26.07312976793348	23.885890088558607	26.45725897146195	0.04948937858192667
