# Position (bp)	A	C	G	T	N
0.0	26.078132209797626	24.98139187942737	35.896722813084324	13.036353003359451	0.007400094331224067
1.0	26.599436650063346	19.62206950188195	21.66972113562793	32.08003542454109	0.028737287885690802
2.0	28.93970242356559	21.225181616610456	18.119267079908756	31.715370122539543	4.7875737565633645E-4
3.0	30.580520527328392	20.54406419411685	21.25764193391978	27.61768572262232	8.762201265692008E-5
4.0	33.06892714171719	19.279100997211334	21.435248224457403	26.21670773136609	1.5905247984288158E-5
5.0	33.522432701023725	19.250246303619907	21.230042381448598	25.99699283740897	2.8577649880446194E-4
6.0	28.03683656905437	18.13594581050969	18.72451301588067	35.10263322077433	7.13837809387221E-5
7.0	26.3239233071961	23.15318417832546	18.821063912096246	31.701749361836264	7.924054592932599E-5
8.0	26.372398739066625	22.20525112344135	19.549415348154003	31.872847703929878	8.708540814318233E-5
9.0	31.851058282752092	19.667304416387815	20.250177814789126	28.23138829687603	7.11891949356323E-5
10.0	28.21285746802309	23.310843064978094	23.085771776860287	25.390417043392493	1.1064674603726583E-4
11.0	26.94907241567658	23.25634960724832	21.48403223213838	28.3104904528305	5.529210622245515E-5
12.0	28.592977761139228	21.341665837063655	20.921359081579332	29.14395784664057	3.947357721635649E-5
13.0	28.979248481110716	21.09490382136661	20.865215141099267	29.060451071671405	1.814847520062153E-4
14.0	28.989933756114734	21.26164347173735	21.00612277990865	28.742229009887684	7.098235157905762E-5
15.0	29.297764915104015	21.224276240073895	20.800566900833584	28.67734464444182	4.729954668902779E-5
16.0	29.631864425959524	20.97708225849247	21.0493210210386	28.34170865359224	2.364091716356591E-5
17.0	29.643880317469524	21.00825057757824	21.201651060815554	28.14615502414296	6.301999372320863E-5
18.0	29.897665228148302	20.654059930792993	21.535519265966617	27.912724075839492	3.1499252601483904E-5
19.0	29.536624233530535	20.913883591974013	21.043019590743427	28.506401733716125	7.085003590128764E-5
20.0	29.065540909622833	21.4662322859987	20.930512393062408	28.537682932174963	3.147914109478314E-5
21.0	28.777766544468363	21.570657931435463	20.80571414409591	28.845648952437074	2.1242756318441504E-4
22.0	28.679363387856288	21.3350505818249	20.764398965780963	29.221147735834762	3.9328703086461555E-5
23.0	28.920676691670195	21.053852138878344	21.0034130895231	29.021971577037352	8.65028910052564E-5
24.0	28.94158659997948	21.130340743850677	21.186406097608437	28.741587936553614	7.862200779379963E-5
25.0	28.95769682208939	21.134209191670415	21.132582049620442	28.775480494261295	3.144235845357677E-5
26.0	28.93853557878297	21.1125488091679	21.10529482607888	28.84356577201399	5.501395625478817E-5
27.0	28.928182612880732	21.123092789580696	21.110119731659644	28.83853414660498	7.071927394878745E-5
28.0	28.89803277658187	21.123509262605474	21.17951699322785	28.798885973319926	5.4994264883804976E-5
29.0	28.832463122780634	21.177265231865928	21.12674219828767	28.86348231737027	4.7129695502106816E-5
30.0	28.82826086323208	21.147098601587626	21.166034689495795	28.85836963668773	2.36208996775511E-4
31.0	28.868501176662427	21.08166914085293	21.096601865848726	28.95306207285954	1.6574377638039112E-4
32.0	28.93608586297201	21.07668185049945	21.16605188827242	28.820594832221484	5.855660346378136E-4
33.0	28.993373253809736	21.03961965134707	21.14134744500356	28.825572377516266	8.727232336775963E-5
34.0	28.847335990176653	21.090639619317496	21.134442132512547	28.926691251549812	8.910064434881151E-4
35.0	28.88425082843061	21.080607258012193	21.06794228314782	28.967087904103078	1.1172630630197816E-4
36.0	28.88276458640101	21.053915577448322	21.122827991907293	28.940195601727396	2.9624251597327637E-4
37.0	28.841561694571517	21.10556760856932	21.066921905067673	28.985715792747513	2.329990439808192E-4
38.0	28.88918976390925	21.014062968339232	21.055285892510582	29.041171072958043	2.9030228289683295E-4
39.0	28.942790145266912	21.028044116275694	21.05152727122016	28.97728229391164	3.5617332559681697E-4
40.0	28.87559497333627	21.0897633500082	21.10172641113124	28.932500784466352	4.144810579312048E-4
41.0	28.939773808010195	21.009695084919517	21.01206169038631	29.038249077554312	2.203391296669664E-4
42.0	28.84104107292581	21.094249046114307	21.072756955687193	28.99112504535921	8.278799134775326E-4
43.0	28.861474538971915	21.042481374116296	21.058874325427173	29.0369309892154	2.3877226921919161E-4
44.0	28.862156818952613	21.031557353318277	21.061112903359223	29.044941310767552	2.3161360233598863E-4
45.0	28.87364919579739	21.002149051080984	21.08030920933307	29.0421802187221	0.0017123250664606556
46.0	28.88433201405625	20.97886984603087	21.09755632992353	29.03905802012198	1.8378986736386518E-4
47.0	28.85545987307528	21.04117668150229	21.057122673041928	29.04585450823578	3.8626414472007565E-4
48.0	28.891592094247144	21.014703259050904	21.07803694611411	29.01541443337751	2.5326721033006033E-4
49.0	28.976112775752828	20.99463844545054	21.0220748271283	29.00672403575592	4.4991591241376575E-4
50.0	28.936000379047062	21.010339703856676	20.9708983201983	29.082488409825004	2.7318707295844954E-4
51.0	28.940262032343643	20.995237196412276	20.99342523226203	29.07074921368485	3.263252972007644E-4
52.0	28.88639380195524	21.01033396237516	21.059725970684283	29.043321638045306	2.2462694001000626E-4
53.0	28.90378557465593	21.02643058183165	20.97734065790582	29.092173699571227	2.694860353640439E-4
54.0	28.937440276599556	21.003145793289914	21.0059627388094	29.0531799946828	2.7119661833563836E-4
55.0	28.895816381524025	21.052755791794798	20.980545487208207	29.070503675680627	3.7866379234429874E-4
56.0	28.841264268768818	21.046305457150254	20.991517640258582	29.120646673546176	2.659602761731508E-4
57.0	28.869597571065025	21.00497256093315	21.037858735135607	29.08727654987254	2.945829936702149E-4
58.0	28.900105377090586	21.04303450778308	20.98193539443047	29.074502169441075	4.2255125479292245E-4
59.0	28.92726267370579	21.011511169494757	20.97280674793569	29.08805717749681	3.6223136695432063E-4
60.0	28.947595815140065	21.031139355938016	21.007981177090628	29.013009914492667	2.7373733862157373E-4
61.0	28.87319955101867	21.050183446829106	20.97961636516364	29.0966052774431	3.95359545487311E-4
62.0	28.8762211874458	21.04214235418824	20.98181163061435	29.099352190746657	4.726370049567574E-4
63.0	28.930296062610473	21.0155021066448	20.959613913674886	29.09418617980844	4.017372614019341E-4
64.0	28.915230074562352	21.00284404160659	20.978245550037723	29.102257747724053	0.0014225860692835216
65.0	28.902402303532654	21.038653477832423	20.945659673080268	29.112885471292927	3.990742617339948E-4
66.0	28.895879788558084	21.020718846542447	20.958680575456	29.124481185430312	2.3960401315636885E-4
67.0	28.90978776287414	20.97450419888864	20.993215134371592	29.12213512370394	3.577801616895578E-4
68.0	28.879203549020104	21.05760580493251	20.93412276345562	29.12878488842369	2.8299416807570115E-4
69.0	28.919764470548724	20.99119546905709	20.944127005075693	29.144548641598618	3.64413719881083E-4
70.0	28.878280388886264	20.99908272160725	20.942484904680107	29.179843739512823	3.082453135526018E-4
71.0	28.820423806311958	21.017380563415557	20.94607573935953	29.21557764890493	5.422420080306041E-4
72.0	28.916278093178523	20.985179602605207	20.973575650363994	29.124601494516018	3.6515933626204646E-4
73.0	28.84985106806469	21.040492144662913	20.948443578769528	29.1607314934826	4.8171502026380357E-4
74.0	28.90139317269143	20.99885476763053	20.925900068117294	29.17345836972609	3.936218346589412E-4
75.0	28.894816266252803	20.96270223623645	20.949633709510735	29.19238703866033	4.607493396886026E-4
76.0	28.86640411290694	21.037946765363444	20.93173584599999	29.163521509802354	3.9176592727024385E-4
77.0	28.926468881042045	21.030672378880684	20.880034938119348	29.16232046343128	5.033385266445998E-4
78.0	28.86583751799327	21.01457935702603	20.93579632782885	29.1833425523166	4.4424483524746873E-4
79.0	28.900048303854824	20.982777839002868	20.934550743994503	29.18191034343986	7.127697079453536E-4
80.0	28.925831034532905	20.97610568609382	20.906045420499805	29.191451692886254	5.661659872119756E-4
81.0	28.87631017968259	21.003782643412254	20.944596285524884	29.17488371538792	4.271759923495028E-4
82.0	28.879157736120302	20.978202159593156	20.95548314573729	29.186530619821387	6.263387278559366E-4
83.0	28.884956781565798	21.010600303854915	20.861465376441064	29.242435187349887	5.423507883357192E-4
84.0	28.901967022517184	21.040275011199526	20.89857032073333	29.15873147692196	4.5616862799682323E-4
85.0	28.90067770122587	20.992598023095706	20.86951437875253	29.23655765678341	6.522401424871957E-4
86.0	28.833185766675644	20.998256263684397	20.88941257243867	29.27663149163489	0.002513905566400365
87.0	28.89940963304298	20.956977368046175	20.939451382966208	29.203478151345426	6.834645992188E-4
88.0	28.89720050318903	21.01239046001961	20.864111712324117	29.225690386146546	6.069383206982813E-4
89.0	28.884798044645205	21.004519003623276	20.866940365024213	29.242950242413336	7.923442939702976E-4
90.0	28.878156162657053	20.977317389328714	20.899200163924814	29.24443205583459	8.942282548279703E-4
91.0	28.79349200455918	21.04337971268859	20.894674119904348	29.267960857520443	4.93305327437902E-4
92.0	28.872581284430403	21.023263831191876	20.864619503723063	29.2388886608505	6.467198041574053E-4
93.0	28.85987844699423	21.001164519409215	20.89447172097175	29.24392151072063	5.63801904173812E-4
94.0	28.878907684037554	21.007817006975156	20.836756813453842	29.27590390801182	6.145875216334808E-4
95.0	28.852457739953753	21.055386049429544	20.87986100374075	29.211558290888828	7.369159871281633E-4
96.0	28.854158759436277	21.031141552925288	20.88072478759527	29.23328095206264	6.939479805264034E-4
97.0	28.837744819556217	21.00509188024969	20.871817286245864	29.284480219703944	8.657942442864434E-4
98.0	28.78941652134417	21.023443990238093	20.871355464714288	29.315019168449368	7.648552540849155E-4
99.0	28.827948671632754	21.022669648799276	20.898912545780675	29.249749005172326	7.201286149706338E-4
100.0	28.782662704400963	21.04837557771772	20.902278384428058	29.26594848432008	7.348491331765554E-4
101.0	28.851472214570535	21.06835961988283	20.820632484303268	29.258832177450543	7.035037928234485E-4
102.0	28.813671420015506	21.05664895057349	20.898333566839206	29.230435469547295	9.105930245059753E-4
103.0	28.811758834767172	21.015552065236832	20.86248988229567	29.30951313320902	6.860844913051042E-4
104.0	28.776403776441384	21.028655245706528	20.89467771936689	29.299511139138236	7.521193469665271E-4
105.0	28.828788287626217	21.019980155189227	20.890333551264646	29.25920406190664	0.0016939440132682014
106.0	28.824499091456325	21.017912491625378	20.856344923356637	29.30048973361422	7.537599474401436E-4
107.0	28.759344042635938	21.06092757886232	20.873579479084224	29.305304260502457	8.446389150667049E-4
108.0	28.773227153814933	21.015405262421268	20.887137178437758	29.321390657635778	0.002839747690261712
109.0	28.744434567171922	21.07513322484112	20.902643858687473	29.276690173312996	0.0010981759864886486
110.0	28.71784003515454	21.086381234511393	20.864174321692865	29.330475664470285	0.001128744170912107
111.0	28.823638003280454	21.03850848304672	20.84815650708629	29.288555735667238	0.0011412709192957279
112.0	28.71142496327414	21.040076286693644	20.911440426793124	29.336130512100205	9.278111388881731E-4
113.0	28.730123373556665	21.05310253272228	20.844298856213246	29.37143376965877	0.0010414678490373223
114.0	28.716046279045333	21.099716333433584	20.8679745031338	29.31505635270738	0.0012065316799023192
115.0	28.733948829802014	21.077683142381662	20.826707080294433	29.36048244334738	0.001178504174511085
116.0	28.653554758408617	21.147422833845646	20.874817331344243	29.322869119592742	0.0013359568087507514
117.0	28.726889352493952	21.06431840343741	20.9133877616034	29.29416615190965	0.0012383305555879302
118.0	28.675290240982243	21.074600583378203	20.932055227007258	29.31694582218701	0.0011081264452865087
119.0	28.695061027971402	21.131793371998462	20.84809563381177	29.323245140113357	0.0018048261050047827
120.0	28.647570699460882	21.16536532046648	20.893111429492148	29.29256447216005	0.0013880784204429657
121.0	28.57258349095621	21.231092346392867	20.85293927425019	29.342051665507423	0.0013332228933092634
122.0	28.567517850810155	21.23109485067713	20.804796676598514	29.394724141619044	0.0018664802951527506
123.0	28.553016120660953	21.206448264379585	20.878230937754047	29.36056840568728	0.0017362715181400068
124.0	28.447132075238486	21.33579630820494	20.841672545994562	29.37396786487857	0.0014312056834478784
125.0	28.53240772730973	21.289713910019543	20.913672209858156	29.262085295411488	0.0021208574010739747
126.0	28.558108027191842	21.313442763450734	20.916985234653367	29.208938997266532	0.0025249774375230402
127.0	28.564090332306108	21.333384217606593	20.96026256285003	29.140392890194917	0.0018699970423516168
128.0	28.593727155017216	21.34019578896977	20.917488934168784	29.147211094627284	0.0013770272169429428
129.0	28.520122225582384	21.406603684455064	20.95255022737185	29.118480558099648	0.0022433044910524507
130.0	28.448224931273668	21.478617756041363	20.968962837008277	29.10160973781527	0.0025847378614248183
131.0	28.414199433546962	21.480409338734553	20.905769127713924	29.196843423567543	0.002778676437022291
132.0	28.34505096714735	21.618900276910235	20.717788666314046	29.315095094686995	0.003164994941372492
133.0	28.521687017229052	21.54297449988084	20.535843625437504	29.396282225617874	0.0032126318347282
134.0	28.60674508838471	21.57430701410206	20.67725282925966	29.138745919275383	0.002949148978183991
135.0	28.20081726469901	21.872165481540513	20.597684298303744	29.325781483620254	0.0035514718364731894
136.0	27.744414301995523	22.36044801700066	20.21222192795557	29.6783029244538	0.004612828594447268
137.0	26.652785902013132	22.876952717100917	20.523249979432	29.94194850857121	0.005062892882747921
138.0	26.833400877339038	23.110312451240034	20.886386793628454	29.164245030803208	0.005654846989265216
139.0	26.65097742640071	23.694318538014898	21.576644260574067	28.071716081139574	0.006343693870747859
140.0	26.003037115016557	24.543628264477245	21.733607317271257	27.71145262054604	0.008274682688904111
141.0	24.70946551209316	25.893500547427095	21.35065193590126	28.035831591519855	0.010550413058624466
142.0	22.33575689836629	27.545239723015737	23.155022112785133	26.961711833105916	0.0022694327269219966
143.0	30.047084212075138	20.378145078228457	22.522929030359506	27.050860758252	9.8092108489872E-4
144.0	31.782065834279226	20.237027197160828	19.740866125730484	28.23954517742343	4.956654060243173E-4
145.0	26.571909538171724	21.64901451918356	20.412529183659156	31.361536688744373	0.0050100702411847815
146.0	27.00499378944967	21.54731425384674	20.553119217217166	30.893558772085477	0.0010139674009480594
147.0	27.580210817881053	21.774768536328896	21.128978482213846	29.515529224692877	5.12938883332051E-4
148.0	30.153311369944745	20.106358141586036	21.180315961503542	28.558458066357105	0.0015564606085760981
149.0	30.380909396254935	22.248929381140314	20.45669241749937	26.864136367453185	0.04933243765219582
150.0	19.342121879306653	30.695488412186833	23.203079102404313	26.734603115340054	0.024707490762143732
