# Position (bp)	A	C	G	T	N
0.0	23.090837524418266	28.41593015983721	30.04707883903206	18.39028510514342	0.055868371569044055
1.0	27.328919778294576	17.539741246643082	18.49566698775805	36.63506531462575	6.066726785512158E-4
2.0	30.402198894615744	19.882654883165657	18.129713197219953	31.585206880430295	2.2614456834798484E-4
3.0	35.42343627853814	18.631094537189398	19.53413356815319	26.41042719336279	9.084227564789615E-4
4.0	35.7879834133292	17.640828529324786	20.626071443015352	25.944725447014577	3.9116731608611956E-4
5.0	36.93901883863519	17.871575043511367	19.84550563689425	25.342970523494497	9.299574647017398E-4
6.0	27.02489759146372	17.9948143341257	16.253933985750784	38.7261652984877	1.887901720925535E-4
7.0	27.009410379965047	23.044029898373353	17.65853730771269	32.272147218586305	0.01587519536259962
8.0	26.67496613045484	22.04742281951493	18.23471582393976	33.04288397600092	1.1250089546877535E-5
9.0	35.06674647239433	18.074523863811798	18.859331996355525	27.999389495785092	8.171653258039175E-6
10.0	29.964405332364823	22.87141490079096	22.785596452979636	24.378581273470903	2.040393673555376E-6
11.0	27.800896080497377	22.806880897315825	20.607714742426054	28.77460107894142	0.009907200819317404
12.0	29.858673857939927	20.281142147294876	19.526616670866442	30.333560702725492	6.621173264262611E-6
13.0	30.19507671580343	20.109460637635472	19.538959411867555	30.156483894513013	1.934018052745426E-5
14.0	30.242472013900716	20.325351015961115	19.85053410716344	29.581518763603665	1.2409937106591326E-4
15.0	30.610676412326264	20.297712601061097	19.69334499779741	29.39823955937488	2.6429440347248693E-5
16.0	30.712406301134394	20.19359669251095	19.90150628732122	29.192461762725603	2.8956307832192058E-5
17.0	30.6994867639306	20.2827645404751	19.94238074683232	29.07536236346409	5.585297887394586E-6
18.0	30.73445649919428	20.126828076470613	20.05603150113917	29.07850613404957	0.0041777891463626255
19.0	30.52329341061285	20.261695170705448	19.78751763182901	29.42742774385612	6.604299657152516E-5
20.0	30.285110882466554	20.44830937801933	19.704603570716703	29.561967523343966	8.645453442997419E-6
21.0	30.176450668530425	20.417737894894035	19.713002906171432	29.692695499331816	1.1303107229268816E-4
22.0	30.16229246352583	20.16702830120776	19.676930985513835	29.993557091230798	1.9115852177757403E-4
23.0	30.31077023082332	19.972125514212646	19.89105995876632	29.825623746459385	4.205497383307885E-4
24.0	30.325003248069404	20.00820617624799	19.943483975660257	29.72330557785346	1.0221688856769164E-6
25.0	30.409242846030082	19.99959188308375	19.9159330333471	29.67270901657453	0.0025232209645452805
26.0	30.354575024750424	20.027105209684038	19.88696466884123	29.731341257859995	1.3838864313087598E-5
27.0	30.305496013060836	20.071549172222326	19.921106530996425	29.701846230491608	2.0532288070136983E-6
28.0	30.279626461226083	20.065391985809633	20.00578088475902	29.64902434962656	1.7631857869994667E-4
29.0	30.245989287744703	20.05881040360364	19.92839689218111	29.765724916859646	0.0010784996109035952
30.0	30.29790854218881	20.032273182853817	19.95200307673088	29.717673280691255	1.4191753523982702E-4
31.0	30.335811368777772	19.960573539223052	19.937742150271966	29.765864147690323	8.794036889805317E-6
32.0	30.39114580771438	19.977509404622086	19.990954542346625	29.64012942136398	2.608239529269078E-4
33.0	30.46360593348284	19.921263019175107	19.961753133366514	29.65332697124469	5.094273084216345E-5
34.0	30.256590282083668	20.01533465377109	20.001718775957855	29.726297929214702	5.835897267928342E-5
35.0	30.24811577130218	20.071023365918872	19.928258683920358	29.752366066029236	2.3611282935722026E-4
36.0	30.31936913827245	19.965768083798004	19.980011524738487	29.734717706202794	1.3354698826429393E-4
37.0	30.3191339401356	20.02081617827466	19.894777651802077	29.765261729770877	1.050001678427683E-5
38.0	30.394599884420526	19.87581456201913	19.91121626937549	29.81832981211796	3.947206689452225E-5
39.0	30.388594345187236	19.933728564065845	19.924951767453205	29.75269735995013	2.7963343581001818E-5
40.0	30.30029863298744	19.95931616721393	20.031032916093647	29.70763485615841	0.0017174275465741413
41.0	30.34100402610046	19.930979862456432	19.931662250567527	29.79633212201579	2.1738859794046677E-5
42.0	30.26075254458988	20.022661192926897	20.00761701743087	29.708757699622467	2.1154542988335498E-4
43.0	30.322337144094373	19.939811028870523	19.96047520343813	29.7773446513833	3.197221367379961E-5
44.0	30.29814360478757	19.949096704983425	20.004936819802012	29.74559789861803	0.002224971808966132
45.0	30.32722026572146	19.9359010198969	20.013785732241036	29.72308869822975	4.283910858690708E-6
46.0	30.330447930878098	19.890234052533625	20.062422561939243	29.716857878829416	3.7575819616526414E-5
47.0	30.28831692906903	19.969039482981223	19.970027471239533	29.77259028695183	2.5829758387148558E-5
48.0	30.316470363027708	19.941972603899664	19.97434203713345	29.76657356305169	6.414328874865862E-4
49.0	30.38837055780566	19.943931736431864	19.975964671825032	29.686320212531303	0.005412821406145222
50.0	30.349754452545024	19.935580827156304	19.966461496329053	29.748199971204354	3.2527652652029937E-6
51.0	30.363755562055573	19.870973343841435	19.99796861481629	29.76611601902984	0.0011864602568586995
52.0	30.302964441618705	19.911937811122417	20.060993247775478	29.724042930868745	6.156861465222968E-5
53.0	30.37957341931413	19.888194912202874	19.991719881473067	29.740397079718413	1.1470729151755856E-4
54.0	30.3346352717689	19.89969519190109	20.014069077090856	29.75135238821453	2.4807102462911016E-4
55.0	30.308391710343468	19.953491154526418	19.969254854294434	29.768507509721896	3.547711137868322E-4
56.0	30.312402020009642	19.94801397992164	19.98897654993763	29.750600842998537	6.607132548246315E-6
57.0	30.319457341186958	19.948384535437306	20.03397203634918	29.695493520972917	0.002692566053646249
58.0	30.356175479508185	19.97096197523261	19.958817227305563	29.71402705267785	1.8265275799493123E-5
59.0	30.3863056632732	19.956003918458244	19.95559047360912	29.7020916202665	8.324392935320798E-6
60.0	30.391329584649057	19.95104375157597	19.95364079968363	29.70305397557799	9.318885133535814E-4
61.0	30.367622596402867	19.990079350691897	19.945140911083033	29.697026618705856	1.305231163467218E-4
62.0	30.350426584144547	19.946428610272374	19.970480532317147	29.732609472550774	5.480071515827987E-5
63.0	30.419487012047124	19.940866837708658	19.941674670858024	29.697475343135537	4.961362506526084E-4
64.0	30.37888898201765	19.897413699752786	19.996707951819463	29.72693203911226	5.7327297847972016E-5
65.0	30.348397669089323	19.95528899641757	19.972755544113053	29.71808723788852	0.005470552491540254
66.0	30.31566422810758	19.953772272311767	19.969000001011338	29.744440778698088	0.017122719871223768
67.0	30.337206484700353	19.947262757946802	19.97133119746372	29.743096116251117	0.0011034436380079054
68.0	30.339751632723456	19.97161836482665	19.965080769850648	29.723397604918688	1.5162768055875311E-4
69.0	30.343923663120076	19.951911854067763	19.982032990410293	29.72209277628832	3.8716113550808276E-5
70.0	30.372224782677055	19.896909132479497	19.959383672215225	29.771377957334842	1.044552933855803E-4
71.0	30.27809620865299	19.954791210039538	20.01700513592696	29.74103299532996	0.0090744500505525
72.0	30.37301383728784	19.905763528859737	19.995082961285704	29.722139686934764	0.003999985631955211
73.0	30.315165600220407	19.94895847125306	19.997699921821738	29.73665704372936	0.0015189629754385758
74.0	30.373707435507402	19.93220264289483	19.94759629308767	29.74648555300132	8.075508775799592E-6
75.0	30.306571830089922	19.95304442951832	20.005879293525332	29.732151526389778	0.002352920476649633
76.0	30.290454335718316	19.973813392300848	19.979022043642246	29.75670848864208	1.7396965068129327E-6
77.0	30.35543518410973	19.958709576880736	19.97630379773333	29.70940839883025	1.4304244595604904E-4
78.0	30.331652809117248	19.94548884995016	19.999890614558893	29.72296364482738	4.0815463099124645E-6
79.0	30.406779147882503	19.911720682795963	19.99655363921964	29.68461676838227	3.297617196189636E-4
80.0	30.440589952113093	19.905566932943238	19.963589987754453	29.689668486917082	5.846402721306369E-4
81.0	30.3451583466269	19.939809231626366	20.013937653319054	29.688040677159933	0.01305409126774966
82.0	30.328485330836497	19.91722732531826	20.045186009080084	29.70585936648213	0.0032419682830306007
83.0	30.370956509337212	19.97837237499464	19.91420899750882	29.73361334321003	0.0028487749492983705
84.0	30.386357027953515	19.965908287183534	19.962040645233706	29.68567268782581	2.1351803434111374E-5
85.0	30.389513688242737	19.96361336633787	19.97109981644012	29.67559945428079	1.7367469848704356E-4
86.0	30.329853188296507	19.953472875142502	19.99464435543753	29.721703912125676	3.2566899778467545E-4
87.0	30.367832148713752	19.9377064078336	20.007934388238656	29.68650372405654	2.3331157453636278E-5
88.0	30.359038982121593	19.966321124426443	19.96863949383324	29.70295183984752	0.003048559771205259
89.0	30.330889003919115	19.9984422533495	19.960927303880453	29.70969931156553	4.212728540222398E-5
90.0	30.390617049513068	19.972363266067532	19.946232319837517	29.69075235187873	3.5012703152004114E-5
91.0	30.345915208300855	19.962937796806	20.010371720754776	29.68074379037388	3.148376449168163E-5
92.0	30.345559681909663	19.965045210088466	20.012448596357117	29.676921612994562	2.4898650196197417E-5
93.0	30.365409209671242	19.973697690967995	20.01259831165958	29.648180881118826	1.1390658236109548E-4
94.0	30.376975975579533	19.960247759655402	19.99819377434467	29.6645659924188	1.64980015879021E-5
95.0	30.40091744050382	20.005740530239517	19.97415308884727	29.61918342455816	5.515851232638306E-6
96.0	30.346764892662968	19.980198430170063	20.011781153917298	29.6612493756412	6.147608468726571E-6
97.0	30.35103196144769	19.981287425680534	19.96061599937685	29.706748868558545	3.1574493638087965E-4
98.0	30.2937790229766	20.02005989447459	19.973041887434135	29.712939779576875	1.7941553780008527E-4
99.0	30.320136855215818	20.008702394456147	19.998625748271813	29.67252321069837	1.179135785565891E-5
100.0	30.319425126591344	20.00475557251318	19.994908105708486	29.68090559189931	5.603287680484698E-6
101.0	30.392695746623406	20.010120298387346	19.96300529078057	29.633225533594654	9.531306140275405E-4
102.0	30.352937030051187	19.970284896219326	19.98385818980819	29.69279454763071	1.2533629058461942E-4
103.0	30.340613126162637	19.97733291827026	19.981757655965747	29.70018940669128	1.0689291007999892E-4
104.0	30.333431075125283	19.998406588184995	19.99094677614008	29.677209251506977	6.309042663153404E-6
105.0	30.389608446098272	19.994532315048648	20.00937201664518	29.606476460543917	1.0761663985197622E-5
106.0	30.38993346819651	19.965688052653746	19.996505664574354	29.64777117966026	1.0163491512515878E-4
107.0	30.33609304892456	19.98657856020576	20.020959868477362	29.656186853540557	1.816688517604926E-4
108.0	30.344001712491174	19.991324573838355	19.991858719810494	29.672786847245874	2.8146614100817806E-5
109.0	30.389079607095088	19.988347786068438	19.981030885486724	29.64153144931243	1.0272037317489811E-5
110.0	30.309134515721244	19.982639687537834	20.01978106597477	29.68824752332916	1.9720743699921638E-4
111.0	30.362499301690953	19.993858438660872	19.986246344410777	29.65728852040096	1.0739483643685542E-4
112.0	30.30189280982541	19.997838538599638	19.982232745732443	29.718026815341553	9.090500962833397E-6
113.0	30.332684367016032	19.98830987258504	19.971645444744627	29.707354449733987	5.865920313036793E-6
114.0	30.367774000106586	20.02206664673442	19.971976969294122	29.638182383864876	0.0
115.0	30.39904629631338	19.993843772863045	19.965215090679457	29.63373350867184	0.008161331472277473
116.0	30.31480252931419	20.025947369899708	20.012538227295526	29.646709895935373	1.9775551967625893E-6
117.0	30.336281650377263	20.012793057841495	20.0254129789429	29.623958979776404	0.0015533330619357574
118.0	30.36088133104186	20.018812062275618	20.016199608137196	29.603552740913315	5.542576320129532E-4
119.0	30.352722213127038	20.04256026876646	19.959105293798217	29.64560955492362	2.6693846697291806E-6
120.0	30.332238105671305	20.047900371473638	19.988862305123515	29.630983803442778	1.5414288766889336E-5
121.0	30.325403810723685	20.063047225159988	20.00443262521734	29.607114992783035	1.3461159516954637E-6
122.0	30.32105433391935	20.043200186132797	19.98045351427198	29.655287909434623	4.056241245110303E-6
123.0	30.32618937643087	20.033739538367083	20.0088102963567	29.631237028607053	2.3760238286677732E-5
124.0	30.26819323262381	20.05783035844044	19.98838603285199	29.68559037608376	0.0
125.0	30.29033048710023	20.07666562603449	20.010367101719588	29.622411463989764	2.25321155927938E-4
126.0	30.302898537863797	20.030371714537665	20.040516944453216	29.626188038548296	2.4764597027381595E-5
127.0	30.35294817109042	20.00545248586197	20.035856964752043	29.599993934309914	0.005748443985650219
128.0	30.323668277093102	20.052090677246788	20.027925357320388	29.59631568833972	0.0
129.0	30.35453948892728	20.03667689586174	20.011498555388876	29.59592022127968	0.0013648385424264002
130.0	30.33066398478612	20.024480090921326	20.019661942649762	29.625181363183767	1.2618459026352832E-5
131.0	30.359475241244795	20.046345679376405	19.985207575686413	29.608966572461608	4.931230781452635E-6
132.0	30.366328518818737	20.05552481558591	20.016016866316612	29.562112806307862	1.699297088591466E-5
133.0	30.35094451178916	20.100534973287626	20.01455955047201	29.533960252875502	7.115757036318504E-7
134.0	30.282306418266014	20.065796032570795	20.02709589158737	29.62479164515785	1.0012417972908171E-5
135.0	30.254962630421556	20.069747161255897	20.050420083359736	29.624867249016546	2.875946266308871E-6
136.0	30.287047425083735	20.046114774074873	20.05958259865106	29.606443330001863	8.118721884723332E-4
137.0	30.300995366055204	20.091575613783913	20.048082627862115	29.559346392298764	0.0
138.0	30.328845004864498	20.08453356164732	20.017800578897827	29.568815737759063	5.116831293160107E-6
139.0	30.29233052356538	20.103481116911947	20.029757386128	29.573590680776995	8.402926176786804E-4
140.0	30.26157942285564	20.095677125088084	20.00223224346146	29.626310526240452	0.014200682354357943
141.0	30.28803521383374	20.091098647067497	20.039480574552982	29.58138482048004	7.440657390413979E-7
142.0	30.25609345673395	20.062678239957883	20.060487253396545	29.620716339536873	2.4710374751927494E-5
143.0	30.282595689542426	20.097563316218427	19.98966153223503	29.630076954668667	1.0250733545507439E-4
144.0	30.4007115347029	20.038200925125565	20.01998176567182	29.537701911889258	0.003403862610457731
145.0	30.376122563377418	20.049273470248462	20.107607822615506	29.466993090283484	3.053475136006172E-6
146.0	30.489475029914114	19.9828608724769	20.052973945596545	29.47468707306273	3.078949712676646E-6
147.0	30.441413621761754	19.98275892745345	20.066120470725757	29.507422613212782	0.0022843668462545767
148.0	30.364839501431373	20.12893222445689	20.066359178266946	29.439821370175945	4.772566884962572E-5
149.0	30.35788445024607	20.072857337340864	20.15747003499734	29.411729034717993	5.914269773469904E-5
150.0	30.08474529897039	20.062377929210935	20.29184475450133	29.561032017317345	0.0
