# Position (bp)	A	C	G	T	N
0.0	27.53042012463017	22.352282251178462	26.804027842273033	23.300910133070484	0.012359648847854945
1.0	28.684815568528432	19.253046141688344	20.133667066292247	31.909379845733348	0.019091377757627693
2.0	29.625413245643244	19.977722076076265	18.573173670010735	31.822876042700553	8.149655691964496E-4
3.0	31.29063612338957	19.58930740746179	19.899723854141985	29.219173947935378	0.0011586670712775862
4.0	32.422336050421464	19.05077803332954	20.073260213593265	28.453607014381937	1.8688273799656844E-5
5.0	32.834274914220984	19.08677264243109	19.782888302377618	28.2940356394382	0.002028501532115731
6.0	29.280270194484114	18.640450006200293	18.375072249755277	33.704079198334945	1.2835122536528255E-4
7.0	28.667756808702133	21.159430148960112	18.740612140899664	31.43212840012825	7.250130984414301E-5
8.0	28.628774845643782	20.715165302320827	19.05612340837039	31.5998856010621	5.0842602902770594E-5
9.0	31.795538761899717	19.239767745803842	19.428913351156954	29.53575090308278	2.9238056703948625E-5
10.0	29.841356229572032	21.125192035958744	20.950353218279734	28.083004754823328	9.376136616397304E-5
11.0	29.017722448993382	21.105624714829656	20.12582894248432	29.75080392888906	1.9964803587030188E-5
12.0	29.8905442899711	20.041875093047835	19.787522096319098	30.280033968770052	2.455189191201449E-5
13.0	30.08909809861916	19.96329590669275	19.712683881752955	30.234830114272	9.199866313675973E-5
14.0	30.083596897130583	20.06141669012696	19.81905730274452	30.03572379729581	2.0531270212384347E-4
15.0	30.25132036925785	20.10673190890408	19.730143001968678	29.911515348196954	2.893716724362887E-4
16.0	30.35235649239418	20.01363026751772	19.83488219259409	29.797920726253952	0.0012103212400666823
17.0	30.319029286607385	20.0244272968551	19.956983172717788	29.699531189554705	2.9054265017774944E-5
18.0	30.428481636796	19.880240738015477	20.028454801870073	29.662784618697252	3.8204621200416704E-5
19.0	30.27706891993873	19.957139028222915	19.818902831769776	29.946751630542895	1.3758952568243028E-4
20.0	30.09159600641761	20.167347590580704	19.81141934800739	29.929552933981107	8.412101318590764E-5
21.0	29.92359283379647	20.23826035329114	19.78553109965846	30.05249788833258	1.178249213480395E-4
22.0	29.911896902163814	20.099731186754948	19.747422292291176	30.24091593637318	3.36824168812109E-5
23.0	29.990170998039023	19.978516187612037	19.88374971177795	30.147527867133228	3.523543775657622E-5
24.0	30.014011220933806	20.041805252306986	19.91195005382976	30.03217828650126	5.518642818567106E-5
25.0	30.031241665994727	20.016594680497633	19.9719646057059	29.980149956560386	4.9091241349356226E-5
26.0	30.055875320167395	20.004782562511796	19.942774441090588	29.996434110828794	1.3356540142720619E-4
27.0	29.98246714104266	20.04066176559499	19.943570599537487	30.033169895820127	1.305980047298295E-4
28.0	30.01621006861387	20.011872786633862	19.987148065193676	29.984681435956468	8.764360212006491E-5
29.0	29.961894141921334	20.04759631793545	19.953974962480526	30.036482263195257	5.2314467433643943E-5
30.0	29.960900965709737	20.041465206736724	19.97247008456654	30.025065088240044	9.865474695350287E-5
31.0	29.970448486745138	20.021049847190852	19.92598098956428	30.082378595976955	1.4208052277725293E-4
32.0	29.979764381660146	20.055063311234274	19.96221576725118	30.002863703141365	9.283671303324092E-5
33.0	30.03144855657569	20.035977968447085	19.96016585407549	29.972339413871254	6.82070304737696E-5
34.0	29.94711232768704	20.080627775709008	19.971062016148817	30.001132651647776	6.522880735850525E-5
35.0	29.901242691579327	20.079109048147956	19.96529183412452	30.05422260043375	1.3382571444608285E-4
36.0	29.960040488146955	20.008699867965976	20.00327784951864	30.02789134942453	9.044494390152354E-5
37.0	30.009159554794667	20.05028310122529	19.931236856762286	30.009184554006023	1.3593321173196115E-4
38.0	30.000216056843616	19.985878023699872	19.94344007585161	30.070198120994334	2.6772261056787254E-4
39.0	29.992673954286907	20.033765261183305	19.919497585564507	30.052168072145847	0.0018951268194394076
40.0	29.927269684596787	20.060861492765426	19.988850018841884	30.022743716853107	2.750869428001974E-4
41.0	29.954158100685476	20.021552849764994	19.945351292329903	30.078195902454198	7.418547654387536E-4
42.0	29.92845532371048	20.09161585563358	19.96087110291308	30.01891568793267	1.4202981019499132E-4
43.0	29.918846624482278	20.05066755991595	19.94763159006852	30.082710353669135	1.438718641131192E-4
44.0	29.894712448238327	20.066835026372427	19.99865593595335	30.03972371467618	7.287475971924333E-5
45.0	29.906371178824433	20.065449858652812	19.999931747006787	30.028059916604366	1.872989116028501E-4
46.0	29.949990501867994	20.011281328148538	20.021511920970834	30.01712558610982	9.066290280951135E-5
47.0	29.94953552208782	20.06825992529323	19.965443201633846	30.016696002723332	6.534826176652035E-5
48.0	29.94254583034255	20.032038139775626	19.947034300101755	30.078316251302883	6.547847718462352E-5
49.0	29.959722221666595	20.034657083615535	19.984945339243932	30.020571342617945	1.0401285598900024E-4
50.0	29.9454702103427	20.074921358773267	19.94582312438732	30.03367787696018	1.0742953652605044E-4
51.0	29.971510606967026	20.045412241620035	19.9560671216322	30.02693932373784	7.07060429048125E-5
52.0	29.95025351795533	20.034104898891027	20.02046319696827	29.995041518307254	1.3686787812021726E-4
53.0	29.9537028267662	20.056536098374483	19.9197159200055	30.069916079213847	1.2907563997073725E-4
54.0	29.926106512445006	20.038027627182558	19.969432885726814	30.065881577770575	5.513968750479541E-4
55.0	29.89529324512678	20.03086443427591	19.98054050642393	30.09290612461435	3.9568955903204154E-4
56.0	29.923885136504868	20.028592128933845	19.980707828661405	30.066642654370074	1.7225152980889912E-4
57.0	29.921815768033095	20.03418039065458	20.00126565088792	30.04262908258924	1.0910783516554974E-4
58.0	29.94129476692536	20.0166465271233	19.96162715452208	30.07947658071446	9.549707148027627E-4
59.0	29.94123538696724	20.020121550591327	19.96463390851836	30.07337437372717	6.347801959049479E-4
60.0	29.967299155787508	19.998923885066073	19.965304310187868	30.06834313482117	1.2951413738617062E-4
61.0	29.954656365267766	20.032344864320784	19.978212210747373	30.034551607484484	2.3495217959139977E-4
62.0	29.963075917381683	20.011957536111442	19.948806520714395	30.07606289571145	9.713008103299259E-5
63.0	29.990788830621963	20.028366805311247	19.918624634743356	30.062143842551446	7.5886771987058E-5
64.0	29.952984045475517	19.999685577249917	19.954985308258113	30.092250841378416	9.422763803745585E-5
65.0	29.927242544229905	20.014666032256294	19.95271211843371	30.105288189074525	9.111600556841387E-5
66.0	29.925391992136912	20.01631557276344	19.957295934970148	30.100921787523994	7.471260551080179E-5
67.0	29.90694525137218	20.016380875726927	19.997179337261063	30.07941134006589	8.319557394222111E-5
68.0	29.895061417911972	20.09951184003712	19.92479042502564	30.08053625417245	1.0006285281328045E-4
69.0	29.92928710475711	20.05084651119538	19.93742435828103	30.082331717320166	1.1030844631606309E-4
70.0	29.933998229782134	20.000755094635903	19.903316396411018	30.16182810354364	1.0217562730726386E-4
71.0	29.870429748454814	20.05497769290602	19.947839179420583	30.126657692852305	9.568636627918445E-5
72.0	29.93031161911582	20.020538050831803	19.971990049131822	30.077045872183234	1.1440873732797047E-4
73.0	29.906596384347445	20.055629263801677	19.955325450013802	30.08234771602025	1.0118581682453004E-4
74.0	29.939343857896837	20.026786050407534	19.949461188059665	30.084304097622677	1.048060132822013E-4
75.0	29.901510836539213	20.042015207092945	19.984559396991692	30.07179595754468	1.1860183147320197E-4
76.0	29.893480457051304	20.045246578280157	19.946066342233337	30.11511322758557	9.339484963403738E-5
77.0	29.902674975406057	20.06407189089582	19.95047616363503	30.08264592490752	1.310451555737453E-4
78.0	29.904669716390114	20.03936527628574	19.968253545321847	30.08759887866312	1.1258333917714782E-4
79.0	29.932519843039536	20.043137269182587	19.95379937538528	30.07042725601946	1.1625637313590814E-4
80.0	29.958432083225077	20.007450345396286	19.93342498296606	30.100594913798385	9.767461419298509E-5
81.0	29.870615059736206	20.068395458171743	19.982012438934955	30.078889461470858	8.758168623665135E-5
82.0	29.86435178518268	20.022449836951342	19.99367284912368	30.119432588709845	9.294003245775734E-5
83.0	29.90227262407953	20.06941480123165	19.9360375947933	30.0921576721281	1.1730776741651172E-4
84.0	29.928657876022523	20.05460306489293	19.9447734671831	30.071870498346765	9.50935546816208E-5
85.0	29.912006852514622	20.03796104278614	19.95041222461547	30.099517635818685	1.0224426508451234E-4
86.0	29.873189069096252	20.061318912606698	19.940714664410812	30.124664454581374	1.1289930486682154E-4
87.0	29.897607627565613	20.03531160451588	19.94918340456601	30.11781380289575	8.356045674772362E-5
88.0	29.902053925071435	20.052655134796975	19.945518953941303	30.099677759118297	9.422707199267626E-5
89.0	29.84103117826881	20.0630189915167	19.977019611227114	30.118681873106485	2.483458808923711E-4
90.0	29.860244118083116	20.07432581789421	19.913713834626705	30.151565462820688	1.507665752816692E-4
91.0	29.855324638324777	20.07900744015047	19.94940763045346	30.116021322917508	2.389681537859874E-4
92.0	29.86966592160862	20.09330663101661	19.95695572452932	30.079599676613107	4.720462323489055E-4
93.0	29.862658534224373	20.10712631152651	19.969737354579696	30.060400118943313	7.768072610716971E-5
94.0	29.87874259217198	20.08066613297706	19.946125241072636	30.094319143483045	1.468902952838269E-4
95.0	29.913394493069145	20.099511710849942	19.903635451452804	30.083312872638917	1.454719891910764E-4
96.0	29.875797505843522	20.08486518175684	19.93663213893718	30.102578929912372	1.2624355008811534E-4
97.0	29.871087383972462	20.12554406163606	19.881956586142294	30.121287206975424	1.2476127375842303E-4
98.0	29.840968506029363	20.135533624448907	19.923134396735666	30.100277707617106	8.576516896381525E-5
99.0	29.829812281724365	20.127834443336297	19.933839518923392	30.108409876538346	1.0387947759727126E-4
100.0	29.83746225092578	20.097974855449937	19.943450188172573	30.121022925034502	8.978041721031702E-5
101.0	29.835876650411702	20.119400530625825	19.942446055597127	30.10218676332719	9.000003816001618E-5
102.0	29.824618770647167	20.116187792911777	19.951924495439183	30.10704697576607	2.2196523580476828E-4
103.0	29.847249586577014	20.12111887088991	19.95847105881683	30.072851071264616	3.0941245162919857E-4
104.0	29.80129642538279	20.155550291576066	19.940136736755505	30.102851454794383	1.650914912552942E-4
105.0	29.84606869319543	20.120366443299226	19.95218291471058	30.08122735162887	1.5459716589201665E-4
106.0	29.843190517122725	20.119598815369567	19.951827216783904	30.085170151615557	2.1329910824565129E-4
107.0	29.83020014898667	20.103082913071198	19.967184197692916	30.099123456300624	4.0928394859612865E-4
108.0	29.78758086537287	20.125195611275128	19.999449135794233	30.08765535107713	1.1903648063407401E-4
109.0	29.836583911742505	20.11027964473831	19.9424753251943	30.109510088783114	0.0011510295417698157
110.0	29.78706379900557	20.126702577851567	19.978539634019935	30.107497081395014	1.969077279161404E-4
111.0	29.843474061186576	20.09685097807497	19.928795160919282	30.13027286702324	6.06932795936465E-4
112.0	29.82212534045435	20.11494289006177	19.895612738678626	30.167237668660952	8.136214430966846E-5
113.0	29.807310402341997	20.10756416773482	19.985755147890906	30.098982851121498	3.8743091078037074E-4
114.0	29.805866400980268	20.167273544169884	19.941039991668188	30.085730873417702	8.918976395092817E-5
115.0	29.859376598343562	20.10517632728219	20.01506037254796	30.020174326765	2.1237506128836883E-4
116.0	29.78881419390806	20.151244356993544	19.993936570491552	30.065900298080646	1.0458052620214661E-4
117.0	29.76686462389484	20.122261918501227	19.991049850982172	30.11969256490847	1.3104171329177627E-4
118.0	29.767093155210905	20.14259307009565	19.99956677468956	30.09062499114263	1.2200886125957557E-4
119.0	29.81812421628993	20.142935053622242	19.94193339901525	30.096907586796203	9.974427637701162E-5
120.0	29.76501443439412	20.14918723408688	19.983244161592147	30.102435286013563	1.1888391329309346E-4
121.0	29.778135387497656	20.16893085542647	20.004290105599573	30.048492271603344	1.5137987295595542E-4
122.0	29.727093866871922	20.18558787444129	19.986444863577482	30.100757646282133	1.157488271702649E-4
123.0	29.74523051826672	20.14132313609202	20.024233804033056	30.08897658949758	2.3595211062683207E-4
124.0	29.726062144229616	20.117769805454692	19.9869689507815	30.16905790566601	1.4119386818689977E-4
125.0	29.71738294840251	20.143799148134082	19.99305135690421	30.145647936385767	1.186101734317956E-4
126.0	29.73018762795636	20.15753937678743	20.034946044009374	30.0772060997108	1.2085153603645098E-4
127.0	29.847642189684322	20.09697084830728	20.003189645773507	30.052089596922798	1.0771931209523989E-4
128.0	29.92731787442603	20.001285183539142	20.08377266920429	29.987473801026194	1.5047180434251596E-4
129.0	29.7569318394073	20.033634712818927	20.211591478496736	29.997733632459028	1.0833681800643036E-4
130.0	29.63399751823982	20.06326472371882	20.15963381298416	30.142937068815318	1.6687624188183465E-4
131.0	29.5774734781779	20.11643434842472	19.96081876938979	30.345162469667	1.1093434059119634E-4
132.0	29.32769331973148	20.321973334272432	19.886529500030395	30.463675006033025	1.2883993266434693E-4
133.0	29.38229214655029	20.20829603511421	20.059515670480227	30.3497610371676	1.3511068766855914E-4
134.0	29.46914208928223	20.123586353183292	20.009478658462804	30.397354854383728	4.380446879440359E-4
135.0	29.575217289136063	20.032929717192825	20.1218346331517	30.26966366306895	3.546974504642842E-4
136.0	29.66594705832287	20.100870380444103	20.128993724984927	30.103836923746986	3.519125011083761E-4
137.0	29.857563423515245	20.06859939846278	20.047136048318507	30.026568211276654	1.3291842681082907E-4
138.0	29.92559747480843	20.063264351100884	20.172139977955354	29.83887478146397	1.2341467136494378E-4
139.0	29.385565245774682	20.480268098763265	21.14617967113901	28.987885093942833	1.018903802155413E-4
140.0	27.788728349051755	21.216422013979916	21.155441715684923	29.83927158077298	1.363405104247859E-4
141.0	29.20529488102196	19.703571273312175	19.386609798077867	31.70434693703398	1.7711055401791392E-4
142.0	31.14599896227747	19.411205189226788	20.764036344692283	28.678626172377168	1.3333142628990278E-4
143.0	31.118193382245156	19.057983226727167	21.172844702047367	28.650850938810652	1.2775016965932252E-4
144.0	33.12265604764839	18.82240103020018	18.676990799820704	29.377717622590243	2.3449974048015678E-4
145.0	27.951832291981525	20.192966062035513	19.100922991702188	32.75273971578186	0.0015389384989083078
146.0	28.127335985079544	20.392017760136675	19.08210206481575	32.39837057512871	1.7361483932328985E-4
147.0	28.851301310118583	20.235931018111952	19.70006180287776	31.21122981147978	0.0014760574119296501
148.0	31.38249730374089	18.890857348006787	19.872061412065715	29.853784920322497	7.990158641139514E-4
149.0	31.3990077459727	20.61229886933847	19.34494842169082	28.630006821144722	0.013738141853292439
150.0	22.47910829338669	27.565410666844407	22.376127352269183	27.566774681679572	0.012579005820137996
