# Position (bp)	A	C	G	T	N
0.0	26.040469946509347	26.560439435089826	23.69592272206606	23.691291550743266	0.011876345591500958
1.0	28.035197834658298	17.901343376619057	18.270625128638322	35.77206471945805	0.02076894062626972
2.0	29.882629291022035	20.298272506284228	19.193103801033104	30.6194761581232	0.006518243537437711
3.0	33.55022425982408	19.123890450226185	19.386574752214052	27.938927975353327	3.82562382355667E-4
4.0	32.92666184138957	18.767109865909486	20.598084445783257	27.70750617081138	6.376761063135064E-4
5.0	33.80446515803895	18.79755208900885	20.028865381194404	27.36697741133157	0.002139960426230638
6.0	27.56791283309784	19.25349211335076	17.692658332822024	35.474981244824	0.010955475905379219
7.0	27.770662607682716	21.601834687991843	18.77050151035907	31.85365863676686	0.0033425571995100763
8.0	27.24308046019514	21.275496988604242	19.00076075649321	32.47657759997187	0.004084194735536065
9.0	32.591073139486994	18.70994438845905	19.383195787477117	29.31379881168813	0.0019878728887136377
10.0	30.024250892334624	21.456525418811534	21.88503510909246	26.633763679192455	4.2490056892376555E-4
11.0	28.578386297142288	21.560157960124755	20.58419964807958	29.276817664604238	4.3843004913317714E-4
12.0	29.624441960569246	20.108135947726673	19.826252598132722	30.440339355108094	8.301384632631515E-4
13.0	29.821691696387752	20.065284912616494	19.717328986990374	30.38877458980622	0.006919814199158064
14.0	29.85770663209722	20.203564598375827	19.930253774482917	30.008232253731716	2.4274131231732992E-4
15.0	30.026013223733543	20.243806697421395	19.918400752201297	29.810868725525925	9.106011178383344E-4
16.0	30.003262567607862	20.18773244982083	20.036841495268774	29.768947481396346	0.003216005906189433
17.0	29.90607283403468	20.239824951523403	20.042459682000096	29.806915713221528	0.004726819220294788
18.0	29.823788218279468	20.257163060205485	20.047953375711092	29.86617093173637	0.004924414067589394
19.0	29.808217800341314	20.255094749376212	19.960836807517204	29.975384161545826	4.6648121944083154E-4
20.0	29.759683598687648	20.29481268692003	19.965022723391026	29.97996132827556	5.196627257368082E-4
21.0	29.780127422471537	20.2575561272125	19.9963821940283	29.965338137242576	5.961190450890555E-4
22.0	29.77184422604191	20.131653927860057	20.00950187397869	30.083527562567642	0.0034724095516970813
23.0	29.81803930911996	20.05239164797668	20.0476713335311	30.081256106195433	6.416031768303449E-4
24.0	29.838165829560083	20.08575580922703	20.079941036711443	29.993708635344383	0.0024286891570541097
25.0	29.87557185457428	20.067008765535256	20.138942421047744	29.916679707579007	0.001797251263713643
26.0	29.880672782960072	20.105288686673507	20.078357004688165	29.93290831195099	0.0027732137272667786
27.0	29.80251293521972	20.166509218839956	20.070726858721393	29.954726749198386	0.005524238020545589
28.0	29.78375520431942	20.162326783882868	20.124170297003648	29.929504085151216	2.4362964285338628E-4
29.0	29.755234635588057	20.169039994774216	20.081222258473435	29.994009396127495	4.937150367955007E-4
30.0	29.744853692988748	20.13305262105545	20.07412300222479	30.047759967340713	2.1071639029126866E-4
31.0	29.808576464191056	20.10684879813699	20.07607222841852	30.00828997400511	2.125352483296653E-4
32.0	29.807444695934326	20.163640338320445	20.095671411935538	29.932662861248588	5.806925611109913E-4
33.0	29.89685047334912	20.12769433388266	20.09345192288274	29.868165099666967	0.013838170218524976
34.0	29.77483410066063	20.20396990951781	20.106503568805632	29.914530355268155	1.6206574777548555E-4
35.0	29.75113734796389	20.205441552750464	20.06906126118102	29.974021132499455	3.3870560516821954E-4
36.0	29.79115421452151	20.171874204226203	20.104108371520006	29.932463313187963	3.9989654432468825E-4
37.0	29.817085367785268	20.173001154929914	20.024326019961837	29.98494997990095	6.374774220267936E-4
38.0	29.848337898139143	20.089830963887565	20.0775102750777	29.98305853371462	0.0012623291809773904
39.0	29.812823767406655	20.204005228125723	20.050088012132388	29.931976711184394	0.001106281150841472
40.0	29.76700901092339	20.174857536195294	20.136760399378755	29.9084303585128	0.012942694989761291
41.0	29.769565043723777	20.14918226747893	20.03829478894392	30.042679778941743	2.781209116272593E-4
42.0	29.7508688710083	20.237981281222076	20.084133100381585	29.926747113475606	2.6963391243527406E-4
43.0	29.754225948819634	20.160016315782208	20.075163474853117	30.00973014056838	8.641199766620273E-4
44.0	29.750565811973406	20.183000034465017	20.110522324748057	29.95440103344998	0.0015107953635398932
45.0	29.725227436331387	20.195275283037432	20.134648265708922	29.93646898750261	0.008380027419647901
46.0	29.786001793707516	20.127476940608165	20.195625614860347	29.890518935251105	3.767155728698678E-4
47.0	29.802649890217115	20.19700478465476	20.074223437408502	29.925842464333506	2.7942338611811816E-4
48.0	29.792742592316774	20.145614471931225	20.071043228855995	29.990436764056593	1.62942839410538E-4
49.0	29.767900086025946	20.165281212703917	20.143065857836554	29.92234530683591	0.0014075365976703507
50.0	29.7810633231671	20.191600128459527	20.105976840172293	29.91637250223849	0.0049872059625853905
51.0	29.780178528903118	20.15224112652994	20.139290605396347	29.92810933390107	1.8040526952270596E-4
52.0	29.751011632334013	20.183728292560353	20.184552836547102	29.880597147510578	1.1009104795402809E-4
53.0	29.812753081813277	20.17340466394267	20.05462433465026	29.95904300442328	1.7491517051517938E-4
54.0	29.739132468031194	20.165806819141224	20.13217278131215	29.96274855133149	1.393801839384293E-4
55.0	29.700376156753894	20.206816169387068	20.124199393417246	29.96690216725818	0.0017061131836096425
56.0	29.708325744024293	20.192774729159588	20.12816819245246	29.970407292871705	3.240414919539772E-4
57.0	29.744180211179426	20.178409122745457	20.186237528859927	29.89103229173508	1.4084548010779576E-4
58.0	29.757772763621993	20.206379024845837	20.106730627466078	29.928941226078148	1.7635798794490403E-4
59.0	29.7603238765645	20.214424824002837	20.1054055108603	29.919639175859526	2.0661271284181732E-4
60.0	29.757405600754417	20.16192555754713	20.1174649786591	29.959915244886776	0.003288618152576789
61.0	29.771589775207918	20.206905255093677	20.146668377879422	29.874259458195272	5.771336237093705E-4
62.0	29.78723213760593	20.171396119197425	20.117208104298594	29.92377309186515	3.9054703289995987E-4
63.0	29.818371994148002	20.19767049255656	20.06678343623162	29.916972313949497	2.0176311431833893E-4
64.0	29.793036248152344	20.14336376462619	20.102532699810087	29.959735545086858	0.0013317423245224694
65.0	29.7202101674793	20.158916102832894	20.13154129629542	29.98909745984052	2.349735518655609E-4
66.0	29.732297725356055	20.16823049344131	20.123898676703	29.975250716710782	3.2238778885169045E-4
67.0	29.7523635162534	20.14498854116269	20.155218749722078	29.94727279858738	1.5639427444762884E-4
68.0	29.72844955874755	20.266975993239154	20.078936914959993	29.925427885465673	2.0964758762690488E-4
69.0	29.719752070103834	20.24517363790747	20.100858097739444	29.933778990355837	4.3720389341621763E-4
70.0	29.739126383363555	20.14594406184293	20.091740012087627	30.023101177162754	8.836554313423619E-5
71.0	29.683942591855335	20.21879645359533	20.119928883405418	29.97639363840993	9.384327339876273E-4
72.0	29.750793073774638	20.13687286918242	20.154464084778017	29.957737383047384	1.3258921753885462E-4
73.0	29.729387933039803	20.21903095591945	20.12403307467984	29.92744981281854	9.822354237107845E-5
74.0	29.788824304465344	20.161350637357277	20.111361862202536	29.93835536315802	1.078328168193881E-4
75.0	29.737449206862827	20.214170595789735	20.163661548358192	29.88440962872153	3.090202677170287E-4
76.0	29.733074659186986	20.17308558505031	20.11850838057207	29.974691027503482	6.403476871596928E-4
77.0	29.7559207243343	20.1952520326232	20.120227062259442	29.928434107104867	1.6607367819191632E-4
78.0	29.74088519928777	20.163374365061777	20.143278937924038	29.951891937173276	5.69560553139148E-4
79.0	29.77297716300188	20.20700687627469	20.168706090675403	29.85080607936828	5.037906797486588E-4
80.0	29.81523872955106	20.155147283492063	20.10636097377503	29.923152085306594	1.009278752555621E-4
81.0	29.719464134909046	20.2093932288577	20.18403279353132	29.886455492841986	6.543498599500249E-4
82.0	29.696343863874542	20.163779213912076	20.17999711695898	29.95945564103333	4.241642210782191E-4
83.0	29.788641014741618	20.17797411510649	20.073631822043613	29.959662810096336	9.023801194000626E-5
84.0	29.76805755606513	20.180133081752416	20.12810816882072	29.923480443800354	2.2074956137422072E-4
85.0	29.777887157775414	20.174414076148146	20.13456362222712	29.912966095884357	1.6904796496454487E-4
86.0	29.719568931175328	20.221043707810427	20.11153835455334	29.946036864929663	0.0018121415312390488
87.0	29.75288004600452	20.175774515452765	20.15016588849531	29.92103725309972	1.4229694768223597E-4
88.0	29.759321992433257	20.20330299522483	20.1395603294142	29.8977051649815	1.0951794621059894E-4
89.0	29.682914169445702	20.199750842430173	20.156536512631977	29.960091842308707	7.066331834394415E-4
90.0	29.739841926645187	20.183924383212705	20.130288000153595	29.941219366043274	0.004726323945233016
91.0	29.679786698448023	20.212407086035256	20.172822313798985	29.930859644743705	0.004124256974025454
92.0	29.67142706122524	20.24517237120008	20.184265470217444	29.899024015520194	1.110818370380153E-4
93.0	29.696022892990126	20.264815044067046	20.187816435876872	29.8492875009383	0.002058126127654534
94.0	29.726737321654095	20.199645117843556	20.16321291517475	29.910247585417498	1.570599100958151E-4
95.0	29.785168578558828	20.21322462952604	20.101073651672916	29.89974564100832	7.874992339002018E-4
96.0	29.716619678043077	20.194779106429877	20.18538922158818	29.902976797658255	2.3519628060601853E-4
97.0	29.711548844882213	20.254871857179722	20.070313534091884	29.962379030537257	8.867333089285349E-4
98.0	29.6966957578936	20.27050943216131	20.1507877067778	29.88029621923247	0.0017108839348219755
99.0	29.696960134437305	20.250871723836102	20.1501803473708	29.901622482732005	3.653116237857042E-4
100.0	29.683259543235707	20.203080112074204	20.154008153116422	29.95542017714772	0.004232014425955245
101.0	29.70091585363069	20.213199286651157	20.173749028840053	29.91128235358589	8.534772922151041E-4
102.0	29.67067314731495	20.19097035775895	20.179196074450974	29.958803874113908	3.565463612116383E-4
103.0	29.713588663815145	20.18543299108148	20.20578513233283	29.895077429936002	1.1578283453977944E-4
104.0	29.649791285542832	20.286721759482564	20.159883736466085	29.903375359322542	2.2785918597280954E-4
105.0	29.715828498162196	20.21386665563839	20.172208459889347	29.892485678812307	0.005610707497763831
106.0	29.711459785773876	20.188063950591157	20.17157382377393	29.928745272237816	1.5716762322014424E-4
107.0	29.693517492068995	20.177773041215637	20.18801374627202	29.940540760213892	1.5496022945710985E-4
108.0	29.655891076020698	20.239374938486108	20.226824038832596	29.877818127096756	9.181956383920869E-5
109.0	29.771081077771814	20.191659193533205	20.147863330612605	29.88932196226074	7.443582163531184E-5
110.0	29.648018459851077	20.2273949923888	20.20048786792375	29.918187475626446	0.005911204209923773
111.0	29.694280355486825	20.20381897432263	20.17831357716092	29.923425868421237	1.6122460838374682E-4
112.0	29.71309068295139	20.157697503599508	20.10086714115023	30.02696057703764	0.0013840952612271982
113.0	29.693460521243516	20.16547394982874	20.213257595274598	29.927467356525312	3.405771278382214E-4
114.0	29.67740727244424	20.263355886611333	20.17296363507565	29.886192111583842	8.109428492926407E-5
115.0	29.73754061574611	20.200567272701914	20.244703866828406	29.817093458357903	9.478636566511499E-5
116.0	29.680970569592834	20.26825682039854	20.199552842828584	29.851159557811542	6.020936849632818E-5
117.0	29.649466150630303	20.21070953039067	20.19173121476713	29.94800981752831	8.32866835836652E-5
118.0	29.658580243898335	20.25422756273413	20.182116106878272	29.90492365258477	1.524339044886965E-4
119.0	29.715417239353155	20.258695695773007	20.1258150781293	29.89999517812559	7.680861895116124E-5
120.0	29.70020241864159	20.231566727539178	20.203555216620657	29.86444897225023	2.2666494834677902E-4
121.0	29.71784421006828	20.266732586159844	20.21736067769495	29.79766311442572	3.9941165120985E-4
122.0	29.655512467052052	20.287979812551278	20.192393323181665	29.864008735968756	1.056612462475976E-4
123.0	29.653087419935314	20.233097807273214	20.21633809235817	29.89637710398722	0.0010995764460805812
124.0	29.622416303451498	20.196572204272712	20.200278635614556	29.980614630562556	1.1822609868052857E-4
125.0	29.62999431163335	20.259502044717802	20.147102797722017	29.96286208639894	5.387595278930681E-4
126.0	29.657599091630804	20.266818720072177	20.199273318509253	29.874735305937726	0.0015735638500393651
127.0	29.725293255366907	20.258222139286566	20.18754368281464	29.8288723144755	6.860805639047266E-5
128.0	29.73349198010554	20.20371918852834	20.225820968583356	29.83682772468459	1.4013809817490234E-4
129.0	29.665288816247394	20.177954026270417	20.289367346261628	29.86724759778607	1.4221343449832862E-4
130.0	29.68146628875366	20.124419467835455	20.37173823672565	29.82158889927375	7.871074114847209E-4
131.0	29.573603059869484	20.178075740109737	20.37182780865666	29.87622421942153	2.691719425828715E-4
132.0	29.53750165893126	20.250301975167037	20.356484126812884	29.84343082828602	0.012281410802798579
133.0	29.481669675970355	20.250530769167163	20.36229558716031	29.90538407863693	1.1988906523747618E-4
134.0	29.42214765595988	20.27468831048477	20.280597790874307	30.0224769729354	8.926974563911769E-5
135.0	29.496141543703736	20.157237514124486	20.29248530718406	30.053001102517385	0.0011345324703370282
136.0	29.627160079469718	20.124939989797767	20.358074230416577	29.889667459981172	1.5824033476258433E-4
137.0	30.00565977947663	19.98001577904395	20.23262600490556	29.781348005156673	3.504314171877194E-4
138.0	30.046464523872764	20.0507910488449	20.33759149453565	29.563852327530537	0.001300605216153252
139.0	28.938937930778923	20.874015800664864	21.642035261440697	28.544873729401672	1.3727771384693831E-4
140.0	26.501623456999283	21.989977204158265	21.488293685137382	30.019905807050467	1.9984665460120993E-4
141.0	29.10516096161387	19.585083812594853	18.9621925376981	32.34641672282107	0.0011459652721048934
142.0	32.044426221721594	19.23477928681567	21.393124583908712	27.317998967037337	0.00967094051668307
143.0	31.567154818693787	18.96497455029102	21.661063030003668	27.801973803199097	0.0048337978124254125
144.0	34.729816827410176	18.08475479850255	19.39195683938012	27.793031369207117	4.4016550003631824E-4
145.0	27.09332353322556	20.370786251138114	18.833346967178812	33.70169963420978	8.436142477386759E-4
146.0	27.413464487623767	20.758648042115695	18.822267750978654	33.00539197817447	2.2774110741280245E-4
147.0	27.53891553554101	19.59641731833828	19.325871871127408	33.53823633318453	5.589418087722144E-4
148.0	30.167817964063996	19.435155115052172	20.406779839187468	29.98983983254213	4.0724915423110715E-4
149.0	35.13069361193712	18.544304579746345	18.314225057017843	27.995003939314145	0.015772811984548378
150.0	23.03737766845734	24.145997758177415	26.855961951578905	25.957410745567834	0.003251876218511079
