# Position (bp)	A	C	G	T	N
0.0	23.25088964005042	28.38087284024172	28.52683257744327	19.839745733172833	0.0016592090917565427
1.0	27.484174503684393	18.897692547074353	19.190207273186463	34.39931382213458	0.028611853920210293
2.0	29.111236227392617	21.339441581563083	18.66316554616228	30.883476183787078	0.002680461094940541
3.0	33.35107654340057	19.581361199511672	19.950536069573573	27.1162059110886	8.202764255836394E-4
4.0	33.13807318432186	18.915899897164977	21.330123103463524	26.61482041285938	0.0010834021902612976
5.0	34.45770428911843	18.959025495716514	20.64541218930019	25.934764984152565	0.003093041712307892
6.0	27.040088504035808	19.280319271826663	17.669851855490478	36.007830788042455	0.0019095806045908075
7.0	26.943500231518875	22.95142195516906	18.943540899513277	31.160156210285162	0.0013807035136268533
8.0	26.330319988160667	22.28904284485202	18.997581966082308	32.382340325732244	7.148751727615001E-4
9.0	32.95407948941341	19.05474860167168	19.673607260980848	28.316248780629632	0.0013158673044320415
10.0	28.93095859018149	22.99779911526312	22.854412883472076	25.216065519368097	7.638917152186641E-4
11.0	27.55724745580771	22.87373566435387	21.0778558389501	28.490359957021848	8.010838664713357E-4
12.0	28.99046213529265	20.947946348948026	20.32638874292755	29.734239427978338	9.633448534364637E-4
13.0	29.187870548185284	20.794341013061903	20.295551939927723	29.721586236037638	6.502627874489779E-4
14.0	29.191748871300792	20.946357413916374	20.60443530041148	29.256970936307862	4.874780634871431E-4
15.0	29.51179010046614	20.976072463661282	20.451720940739207	29.05999169643485	4.247986985167404E-4
16.0	29.51061362363243	20.94954633480111	20.5278116219975	29.011678701747527	3.497178214328314E-4
17.0	29.45955438511106	21.03442665873237	20.562589140645162	28.94289292709442	5.368884169820054E-4
18.0	29.410424756640808	20.92935883781217	20.690945523912042	28.96854694193517	7.239396998171553E-4
19.0	29.315249063410576	20.9804391813315	20.49952933448995	29.203147818917056	0.001634601850918322
20.0	29.204906814043735	21.008704108704556	20.45358266084064	29.33235733948868	4.490769223860355E-4
21.0	29.17344900092039	21.00472913481277	20.526191076002885	29.294907450133316	7.233381306448435E-4
22.0	29.17433011459169	20.84901713981483	20.477979705032844	29.497912462446457	7.605781141777372E-4
23.0	29.24201347890605	20.714767958577994	20.642304876978553	29.400028621234362	8.850643030380392E-4
24.0	29.183357489093765	20.829934514603817	20.648245972734756	29.32407948979644	0.014382533771223739
25.0	29.258279380220603	20.739801659227993	20.67126735382069	29.323038068439107	0.007613538291611725
26.0	29.288110016857953	20.749608888280903	20.57382820038525	29.387742744981953	7.10149493943733E-4
27.0	29.227220946433697	20.765273804563318	20.58246960685575	29.423702759751684	0.0013328823955509133
28.0	29.222761091834332	20.765213669986863	20.651176299955647	29.360400560621464	4.483776016954651E-4
29.0	29.229839262540175	20.792333697507026	20.577266570287037	29.399614024867336	9.464447984203338E-4
30.0	29.130787753869956	20.82842056120909	20.619131156485203	29.42048558791711	0.0011749405186362442
31.0	29.118494299855907	20.79208380367227	20.57566725821275	29.513265377041005	4.892612180697466E-4
32.0	29.182022574916644	20.731980980795175	20.685727511785	29.39742295265121	0.0028459798519737877
33.0	29.34685389571484	20.672359109264864	20.641453979544217	29.33780355915861	0.0015294563174635598
34.0	29.158114869165114	20.827610988120867	20.693307165340507	29.320472140426094	4.948369474193872E-4
35.0	29.11479937625461	20.89666840552217	20.649512224273114	29.338523056739778	4.969372103270179E-4
36.0	29.194851020394847	20.79044020502458	20.65032617139491	29.363704425671294	6.78177514371925E-4
37.0	29.161451332255567	20.829103236634396	20.538775101072538	29.467766020607744	0.0029043094297529796
38.0	29.231725871979307	20.646679133116674	20.56448006475774	29.55355284145621	0.0035620886900715686
39.0	29.23340878785251	20.702187195908632	20.562568466129267	29.500915214967605	9.203351419863244E-4
40.0	29.153520407000777	20.714373598330855	20.693385586365604	29.43701480683412	0.0017056014686400432
41.0	29.189492325778758	20.68352274592434	20.60480373017491	29.521710374967487	4.708231545072882E-4
42.0	29.068797231184025	20.85826831549462	20.684586702793844	29.38765144754165	6.963029858654435E-4
43.0	29.141403468525183	20.68612591246151	20.620722635592344	29.55053363398162	0.0012143494393467432
44.0	29.16407012447621	20.719007564110335	20.670310379568825	29.444503311925757	0.0021086199188725062
45.0	29.188880253973124	20.678331265217707	20.662447284372295	29.460666892666932	0.00967430376994026
46.0	29.20536670253467	20.683507665378883	20.731511688879294	29.37882391883156	7.900243755995482E-4
47.0	29.221340797744098	20.73560616244486	20.619479350890145	29.42302198564468	5.517032762158969E-4
48.0	29.149004445017802	20.710475331983506	20.633585759932256	29.506231287240432	7.031758260050918E-4
49.0	29.22166098422252	20.705496460069234	20.65719749682537	29.408374393341102	0.007270665541774662
50.0	29.170903793496688	20.69912729303468	20.60762721079663	29.520265260077167	0.002076442594831953
51.0	29.255484418212518	20.595388943663316	20.655168659392505	29.49298316021609	9.748185155655863E-4
52.0	29.176312435260694	20.719725122336158	20.682611945087956	29.420881234382346	4.6926293285192474E-4
53.0	29.25217903835793	20.691828288766516	20.586974707073892	29.46836583951616	6.521262855039403E-4
54.0	29.165776864549827	20.666331250208355	20.68930453438509	29.478127048259378	4.6030259734807123E-4
55.0	29.10913643281457	20.755153138873496	20.617380753666286	29.513574549560605	0.004755125085038188
56.0	29.169863953561855	20.65021813019653	20.680503019743433	29.497919694685432	0.0014952018127488242
57.0	29.21782177234683	20.655751843697413	20.690420688846125	29.435693618762144	3.1207634749247365E-4
58.0	29.217792351984595	20.695348317614094	20.629190841419803	29.456940856614477	7.276323670280384E-4
59.0	29.208567643639626	20.718090844145806	20.655895174818923	29.416857825408016	5.885119876303393E-4
60.0	29.224477183944188	20.752832018066005	20.65180273805665	29.369444165692638	0.0014438942405224588
61.0	29.193017067985018	20.74523252105986	20.647053653342013	29.412110809336433	0.0025859482766761267
62.0	29.19701818781464	20.641909454470817	20.642830452704256	29.517861810501252	3.8009450903777025E-4
63.0	29.294837218134862	20.636815124182686	20.61998746457035	29.448110131736744	2.5006137535815774E-4
64.0	29.232648076531653	20.61845567418537	20.636115685657717	29.51109301852229	0.001687545102973558
65.0	29.170127065548968	20.71060278137103	20.67155130464115	29.447048372875003	6.704755638476E-4
66.0	29.07208426901498	20.74014949009381	20.64797238106251	29.538729008748128	0.0010648510805763814
67.0	29.133444435620408	20.707753174160533	20.678206085582985	29.479901789523872	6.945151121958967E-4
68.0	29.142822391826556	20.7015081947274	20.621735032079545	29.533326238331252	6.08143035241889E-4
69.0	29.178689575885052	20.70305154757887	20.63388472829705	29.482659141872062	0.0017150063669611373
70.0	29.244916601444466	20.619682410797775	20.63225381715715	29.50271526952324	4.3190107737723754E-4
71.0	29.079276883965555	20.719168555188404	20.701886677506177	29.498346876502644	0.0013210068372205644
72.0	29.158998610590515	20.646509112578492	20.668397713690208	29.525671821917598	4.227412231876379E-4
73.0	29.126193831614916	20.692360803004608	20.659258857216066	29.52183939529151	3.4711287290178157E-4
74.0	29.228539635219676	20.60847286918099	20.586370174655812	29.576219790466457	3.9753047707155516E-4
75.0	29.181240187162867	20.65929444849632	20.65934252608971	29.499001027738686	0.0011218105124222084
76.0	29.129725486090273	20.68762662114243	20.653825976118842	29.528353360861793	4.6855578665588665E-4
77.0	29.191574113729295	20.69700722922106	20.631470675772604	29.479459267231935	4.887140451040708E-4
78.0	29.108147140441933	20.687118721483692	20.66357454205503	29.540699556225896	4.600397934421327E-4
79.0	29.210857552291674	20.643089651296048	20.64610549074999	29.499549612547483	3.976931148053856E-4
80.0	29.239267604475387	20.644641663374824	20.627322922139722	29.488366603649407	4.0120636065877415E-4
81.0	29.155666503617994	20.634624791269587	20.752728254086055	29.453607030208985	0.003373420817379864
82.0	29.118220501558028	20.622023056703505	20.71624008848741	29.54109922253501	0.002417130716046037
83.0	29.21067647833534	20.644383883255163	20.580432092115323	29.56407799369383	4.2955260034821253E-4
84.0	29.189089615416037	20.66554463026137	20.639456676738167	29.505354014743514	5.550628409191632E-4
85.0	29.156351321333545	20.627595770667536	20.6930966076908	29.522220532681747	7.357676263645862E-4
86.0	29.151691492780067	20.71123169891018	20.594697832958452	29.539211717227193	0.0031672581241055588
87.0	29.23432655326733	20.61808031504649	20.64997108558221	29.49690700640586	7.150396981102394E-4
88.0	29.152679062114178	20.654412133996285	20.711229720457474	29.48111903726981	5.600461622565742E-4
89.0	29.127635334087508	20.66150871677946	20.634295605977535	29.57150126148293	0.005059081672572582
90.0	29.158264392981703	20.678651930252894	20.620458547603242	29.539670212874015	0.002954916288144968
91.0	29.129697221434174	20.64738886007513	20.701195989996094	29.520653365354892	0.0010645631397067298
92.0	29.144418370007596	20.639296065783157	20.71937103923636	29.496139849675203	7.74675297683154E-4
93.0	29.155418699713987	20.627117419023243	20.709796907511787	29.50690213111927	7.648426317164177E-4
94.0	29.115309807957342	20.637699104319733	20.734106645712547	29.512477904185232	4.065378251504045E-4
95.0	29.212244478717373	20.62447123726755	20.65720650189002	29.501882963784215	0.004194818340843495
96.0	29.12156258072176	20.6482916718868	20.721138563762672	29.50868950843934	3.176751894287227E-4
97.0	29.1071377556707	20.689001668626876	20.672061906982602	29.531275588193996	5.230805258327341E-4
98.0	29.074519605738118	20.663452721545973	20.72890611475387	29.532326329820258	7.952281417781669E-4
99.0	29.0854426729194	20.648738985739087	20.716940471824454	29.548092281014103	7.85588502953606E-4
100.0	29.10685539478638	20.64267818583574	20.750340048304164	29.498448414908225	0.0016779561654926218
101.0	29.112566089035795	20.68681522139774	20.733783021108483	29.463664756742126	0.00317091171585907
102.0	29.08561193978257	20.62380092296524	20.724804258775947	29.564594603937294	0.0011882745389494788
103.0	29.07817093282496	20.626366530692152	20.736874172290083	29.557951875293824	6.364888989751651E-4
104.0	29.100515410453596	20.637095232603865	20.757990401102063	29.503774405154502	6.245506859685543E-4
105.0	29.14409573430918	20.608111478413075	20.73952395851755	29.501625651280794	0.006643177479401615
106.0	29.089849077681567	20.562537446917048	20.813636466367075	29.533077591165224	8.99417869080735E-4
107.0	29.105325873197565	20.6104361945046	20.78634662781225	29.497163722973575	7.275815120129576E-4
108.0	29.079688811567273	20.630940544792413	20.781999643020733	29.506845328338493	5.256722810855706E-4
109.0	29.124239723792687	20.600405155999667	20.780095737583576	29.494675023009158	5.843596149070138E-4
110.0	29.0117440634241	20.617250973624266	20.831388732769184	29.53033179685064	0.009284433331810752
111.0	29.10361798781847	20.61605684714731	20.786587144958606	29.49295286646918	7.851536064384622E-4
112.0	29.0737470967415	20.57925808445829	20.7940145365245	29.55016202399553	0.002818258280185033
113.0	29.04240625510951	20.576977378558432	20.795661087005158	29.583211937769043	0.0017433415578552989
114.0	29.044648206411992	20.681536712388464	20.8564662505329	29.416781841887353	5.669887792920578E-4
115.0	29.095752201441265	20.576572158229833	20.832201131980437	29.494756527002725	7.17981345740051E-4
116.0	29.037019696585446	20.63667352839645	20.83933063218103	29.48632587590249	6.502669345766438E-4
117.0	29.04263791448537	20.592318196782884	20.89224191895539	29.472164389151388	6.37580624968121E-4
118.0	29.028531415407503	20.59943404980136	20.913764965715163	29.455951319128804	0.00231824994717065
119.0	29.050656241341557	20.607369578670234	20.85117913502838	29.490001672185695	7.933727741316534E-4
120.0	28.925552971634566	20.622260855603972	20.916119151370104	29.533903301147213	0.0021637202441429034
121.0	28.96668944102184	20.676340283705237	20.90847096334232	29.44562832381391	0.0028709881166898606
122.0	28.94682883530162	20.68344648338673	20.870311063227224	29.49858281344348	8.308046409411886E-4
123.0	28.990235717358555	20.59439235036927	20.924358945793404	29.490087462057783	9.255244209902082E-4
124.0	28.888444339011375	20.594052394727242	20.95017225324236	29.566516660588526	8.143524304879388E-4
125.0	28.89269295623024	20.651813716246277	20.905860318308893	29.546703673935692	0.002929335278900181
126.0	28.911314664652366	20.71938430362544	20.946410207406192	29.40389299939632	0.01899782491968584
127.0	29.02836845661539	20.64470581012846	20.914786015645998	29.411392009041766	7.477085683860159E-4
128.0	28.95868412629938	20.679219768229025	20.98291063548337	29.3782031814688	9.82288519421072E-4
129.0	28.935160013628884	20.679150147610745	20.99513905857479	29.389697908631017	8.52871554558833E-4
130.0	28.945423361440774	20.635458474219313	21.02171684834539	29.395753873937736	0.001647442056791335
131.0	28.802076389737014	20.741988624233308	20.96578413266072	29.487540449604754	0.0026104037642022283
132.0	28.818004095843726	20.71997788146521	20.889243394412134	29.569740669966503	0.003033958312434091
133.0	29.011693305913433	20.618977957760233	20.7841775292513	29.58350230305516	0.0016489040198734157
134.0	29.07297237549808	20.66893612943343	20.915810989906117	29.341300410877302	9.800942850702239E-4
135.0	28.890663378596305	20.68179310002132	20.87217838321004	29.553400616282072	0.0019645218902629626
136.0	28.760056103606956	20.863867479241296	20.751377038158086	29.62352952766329	0.001169851330367247
137.0	28.29344912025163	21.14522972673443	20.85985244292454	29.69995144760035	0.0015172624890493229
138.0	28.477121562404918	21.151855611764674	21.137637454039808	29.23146592049775	0.0019194512928570819
139.0	28.3403544568519	21.50376194959751	21.94692940551403	28.20764326986176	0.0013109181748009139
140.0	27.310868042059393	22.20074078633297	22.19163483095384	28.294479851809008	0.0022764888447830887
141.0	28.26219546210174	21.249223663120002	20.875373292523737	29.60995347557189	0.0032541066826334837
142.0	29.202680241013923	21.24859754830667	22.625805111157284	26.919488884271765	0.003428215250363599
143.0	30.08096007798161	19.973841312596313	22.15023939554831	27.79201606722618	0.0029431466475793797
144.0	32.32619543483033	19.608631932454003	19.908032064175817	28.156428558714108	7.120098257355951E-4
145.0	27.01941663955291	21.170500870830065	19.846552087121285	31.962573446381747	9.569561139926124E-4
146.0	27.37757521082944	21.412276474900338	20.02381530338547	31.18319306216253	0.0031399487222220214
147.0	27.86223254748143	20.769697693637205	20.481676592404433	30.885052399607034	0.0013407668698944206
148.0	30.039003383574286	19.81236542602276	21.259550907413104	28.886373423561977	0.0027068594278683482
149.0	31.587993179863698	20.450715567507917	20.19061087940985	27.68505584856514	0.08562452465340087
150.0	22.000068059798387	26.627218160448358	25.625822934581443	25.74440404484617	0.0024868003256399585
