# Position (bp)	A	C	G	T	N
0.0	25.195225378937707	26.402867906820227	31.800494151845765	16.59325332604902	0.00815923634728257
1.0	27.44134256923853	19.38903325836769	20.525033624453865	32.612687519332304	0.03190302860760548
2.0	29.193177417613477	21.131847531674445	17.68317819987143	31.99116113156307	6.357192775729228E-4
3.0	31.58506648024414	20.00973340682683	20.420149765403387	27.98496430636032	8.604116532003281E-5
4.0	33.315972753444875	18.800058620139882	21.091333076736017	26.792603340811162	3.220886806764506E-5
5.0	34.211533324110555	18.741804380576998	20.76530060597085	26.280954486872915	4.0720246867568226E-4
6.0	28.59863070413696	18.081752404062083	18.254726460416123	35.06483689893362	5.353245121132696E-5
7.0	27.257804923155977	22.380664547866765	18.646416093780267	31.715093042541543	2.1392655452137517E-5
8.0	26.811249681945366	21.737625043159785	19.051934835480928	32.39914769372586	4.274568805543346E-5
9.0	32.15672076278592	19.29062865051111	19.689636421505355	28.862982134389952	3.203080765788278E-5
10.0	28.892607744671857	22.634134039467877	22.481379317849196	25.991697542450805	1.8135556027080012E-4
11.0	27.73253493737538	22.582072832058465	20.99740711807342	28.687910478776356	7.46337163784437E-5
12.0	29.167045849551172	20.875142020418547	20.492808454709152	29.464865144805945	1.3853051518219854E-4
13.0	29.467675667753884	20.67849401347607	20.391682344440696	29.461743249184586	4.047251447637939E-4
14.0	29.470599394190884	20.806458103170648	20.54788104135125	29.175040170462857	2.1290824357299207E-5
15.0	29.727469370908583	20.821855481911218	20.385525995318453	29.065074669300085	7.448256166384679E-5
16.0	29.96249526816665	20.672455874424188	20.543628753251923	28.821398831515037	2.1272642201497234E-5
17.0	29.968681361561224	20.703952744750758	20.639946021705722	28.68728165148403	1.3822049827001096E-4
18.0	30.098395015998825	20.461210362326426	20.866747692646175	28.5736363003474	1.06286811772965E-5
19.0	29.78702832145813	20.660189784401783	20.536980481695675	29.01570578604528	9.562639913375233E-5
20.0	29.446700855920994	21.000867371227873	20.44119730794143	29.11118135621341	5.310869629409642E-5
21.0	29.24522671827205	21.04769766847692	20.398368670799712	29.30845208708493	2.548553663938794E-4
22.0	29.237405544369544	20.860635732122567	20.310426177519787	29.59149008089812	4.2465089980340786E-5
23.0	29.415603726920875	20.622393153938525	20.539734017588522	29.422173578667234	9.552288484206776E-5
24.0	29.41983610949732	20.697158046365786	20.626221949867226	29.256603503298766	1.803909709013447E-4
25.0	29.42126080357405	20.660792731888893	20.630695649969134	29.287176553174394	7.426139352778006E-5
26.0	29.395459777911448	20.68170895735392	20.59307972886414	29.329687895926632	6.363994386532684E-5
27.0	29.401615483050513	20.664488270414672	20.584731098711508	29.349101520243163	6.362758013814184E-5
28.0	29.370568126912932	20.681454146869168	20.639944475645912	29.307916620588987	1.166299830027704E-4
29.0	29.33823193457045	20.703254653870825	20.572280640789963	29.386169165420444	6.360534831931878E-5
30.0	29.302397020385996	20.68740945138835	20.6340289521712	29.37589884278476	2.6573326969907306E-4
31.0	29.31564839732488	20.60603767552157	20.56883109962431	29.509280328261973	2.0249926727238817E-4
32.0	29.388751279235372	20.62006108265397	20.64653557677149	29.343722194165885	9.298671732839542E-4
33.0	29.489498309117902	20.536366023720586	20.618203645445337	29.355760521788532	1.7149992764846803E-4
34.0	29.333157596888693	20.6144654888598	20.6404066822278	29.410776915627583	0.0011933163961242803
35.0	29.317353293820116	20.68266288685983	20.558805175444416	29.44102762419616	1.5101967948230453E-4
36.0	29.369228867477382	20.576378820748705	20.62674447780025	29.42733392809477	3.1390587889424597E-4
37.0	29.34049947905293	20.637337183669967	20.552747113062352	29.469144614689295	2.716095254547015E-4
38.0	29.384234970496514	20.544061984583244	20.52391969956915	29.547488899387158	2.9444596393102376E-4
39.0	29.425262541598418	20.54979866136245	20.49614412041038	29.52846624646582	3.2843016293858287E-4
40.0	29.32943837940253	20.576772973656848	20.63464548770811	29.45875844166522	3.847175672923237E-4
41.0	29.3992007298404	20.545283053231877	20.521495907893524	29.533821622901446	1.9868613275655486E-4
42.0	29.313693425412957	20.649764460798718	20.578542816691854	29.456757574783282	0.0012417223131956279
43.0	29.341940605191425	20.57214741202193	20.560888482137003	29.524700544203885	3.2295644575963195E-4
44.0	29.363244515421798	20.558237344963594	20.53665548527186	29.5415270111127	3.356432300424857E-4
45.0	29.36626892928846	20.532863306641374	20.616451338948742	29.482100468879956	0.0023159562414683432
46.0	29.351398332578064	20.527504395192082	20.60771996946385	29.513094853560823	2.8244920518228766E-4
47.0	29.33647575026529	20.590741831069163	20.527015341709454	29.54547183662763	2.952403284662208E-4
48.0	29.339368501367947	20.55065124587781	20.541633196194294	29.568130166757438	2.1688980251498567E-4
49.0	29.431800757136838	20.549112434728396	20.53931079062311	29.4794202201261	3.557973855549016E-4
50.0	29.397579376574633	20.55500991954722	20.491684084060516	29.555461175273035	2.6544454459526053E-4
51.0	29.386065906353963	20.488053533244262	20.541743692973068	29.58390474395388	2.3212347483270862E-4
52.0	29.33317985724389	20.528002887716443	20.611683157174383	29.526830570102184	3.0352776310078357E-4
53.0	29.42418163271106	20.53265894236273	20.50612910810197	29.536771947477742	2.5836934649701667E-4
54.0	29.36059336542481	20.50447781720619	20.58812895792182	29.546457220593965	3.426388532137516E-4
55.0	29.30123086288815	20.577811175740397	20.524424638184335	29.59601015889926	5.231642878545033E-4
56.0	29.33473033807762	20.523824128175345	20.524877146826817	29.616329064499425	2.393224207893643E-4
57.0	29.350508506586433	20.516645148919313	20.554778475604003	29.577851065390465	2.1680349978662924E-4
58.0	29.31132704198736	20.54685817503109	20.541061897453904	29.600534615660717	2.1826986692328736E-4
59.0	29.394150144040072	20.53777971942161	20.526717559116015	29.541047330173253	3.052472490507421E-4
60.0	29.4033465420193	20.519977497071853	20.530405083448358	29.545889680317007	3.811971434807603E-4
61.0	29.326893602127214	20.568803014796924	20.52167668663642	29.58229229148272	3.3440495672366373E-4
62.0	29.363804145725148	20.539598359558298	20.51240906278282	29.583639405289347	5.490266443878308E-4
63.0	29.413874826533547	20.51873777153464	20.496885116518783	29.570137655381117	3.6463003191015714E-4
64.0	29.350873707380888	20.49095578422821	20.55257423991234	29.60301141037461	0.0025848581039609655
65.0	29.36997870497702	20.51740277097128	20.492816362261383	29.619431769139627	3.7039265069456923E-4
66.0	29.329344731398997	20.536153904788588	20.531518590699708	29.602699503918384	2.832691943206072E-4
67.0	29.37698293372139	20.51074711775114	20.521030198499812	29.59087620676886	3.635432587913849E-4
68.0	29.35898973625163	20.515515565323238	20.498205048699905	29.62667422288613	6.154268391049023E-4
69.0	29.3699083498011	20.52221077921095	20.51317612775631	29.594453780691232	2.5096254040662003E-4
70.0	29.354811282560018	20.500394602277954	20.482776763323123	29.661617552165193	3.9979967371015965E-4
71.0	29.324979518018495	20.547798193712474	20.502409692347996	29.624126725233747	6.858706872854637E-4
72.0	29.362878554939464	20.50641194026609	20.545630900576743	29.58468492133469	3.936828830076286E-4
73.0	29.32141803165324	20.531182745292195	20.527755972077554	29.619026431798375	6.168191786353575E-4
74.0	29.3424857931815	20.499513011911965	20.50041279092624	29.65718696411238	4.014398679069036E-4
75.0	29.332389124164436	20.487181172114976	20.529195217808923	29.650703193486915	5.312924247487196E-4
76.0	29.313143392622532	20.5329092276188	20.485150720396327	29.66861302712517	1.836322371760074E-4
77.0	29.351886690650563	20.5207761784073	20.46829118451937	29.658574908947028	4.7103747574156994E-4
78.0	29.305857186613128	20.515107057164048	20.52524945908392	29.65323805919729	5.48237941614679E-4
79.0	29.33898558745216	20.513980343528765	20.511486015572192	29.635008345058623	5.397083882644642E-4
80.0	29.38897875864478	20.458799937335392	20.492462987608988	29.659301018181882	4.5729822895771707E-4
81.0	29.350601986416397	20.459226354711927	20.508873334393822	29.680716349062287	5.819754155677528E-4
82.0	29.320054089437836	20.46528694809181	20.54178529875656	29.67219414816308	6.795155507133781E-4
83.0	29.367825938505522	20.517523573922322	20.442175056461718	29.672108622911846	3.668081985911814E-4
84.0	29.348817417273366	20.493025199031344	20.472708141523082	29.684907660288896	5.415818833123149E-4
85.0	29.31650152609228	20.493310878247815	20.50023733293258	29.68924508068928	7.051820380419069E-4
86.0	29.315794001962665	20.485510653543702	20.47906579376385	29.71654998718965	0.0030795635401265546
87.0	29.385330016007003	20.460173665797335	20.47395921889158	29.679941923732915	5.951755711634541E-4
88.0	29.34854832474048	20.49590310218267	20.479287556717466	29.675706621319325	5.543950400558569E-4
89.0	29.335465250385884	20.492066077302937	20.45046393171692	29.721392944335634	6.11796258617853E-4
90.0	29.29637328537027	20.510398053390215	20.47878308711676	29.713506349660523	9.392244622352938E-4
91.0	29.26268712659577	20.476105448444237	20.514183126567172	29.746258319172647	7.6597922017528E-4
92.0	29.31146913286296	20.462750467301667	20.49459505878377	29.730546030207954	6.393108436449564E-4
93.0	29.282390508387007	20.476819899704054	20.5286420456779	29.71155088081854	5.966654124993682E-4
94.0	29.287824246095123	20.45473307784902	20.49053630488231	29.766317971526092	5.883996474594597E-4
95.0	29.325069277403742	20.502088334738122	20.495691127617395	29.6764444866495	7.067735912416617E-4
96.0	29.30144034836847	20.46100805034446	20.513440984567026	29.723244413588773	8.662031312690299E-4
97.0	29.287316482081465	20.490963757144858	20.487419691279985	29.733700016013927	6.000534797663842E-4
98.0	29.21072032951335	20.49450286245829	20.508034101776676	29.785998392664347	7.443135873300269E-4
99.0	29.26582041302485	20.492074438392248	20.506166139799006	29.735297593409516	6.414153743766609E-4
100.0	29.223710294377693	20.505191178867204	20.533250534801027	29.73717472582722	6.732661268524472E-4
101.0	29.29292072843789	20.496602001330775	20.46521008159073	29.744439491721415	8.276969191909404E-4
102.0	29.223024871605848	20.485282549514636	20.55074606580535	29.740225776027874	7.207370462960293E-4
103.0	29.243355588755453	20.501181090858335	20.48053801489707	29.774126489922416	7.988155667291635E-4
104.0	29.19617867046893	20.529985999106106	20.506865847736737	29.76623959861528	7.298840729420381E-4
105.0	29.291767749679888	20.45748349199866	20.503572739296096	29.74524557934798	0.0019304396773796564
106.0	29.262079036023707	20.472359511541914	20.511618860370646	29.753067669432692	8.749226310404153E-4
107.0	29.244473949768107	20.446408813399337	20.549317811819083	29.75874347722688	0.001055947786595707
108.0	29.18152394278256	20.489805839849847	20.532214900155342	29.7931641484524	0.0032911687598499977
109.0	29.237540698209497	20.499489962353103	20.522956030755488	29.739025517301528	9.8779138038786E-4
110.0	29.160503762996477	20.494340674768743	20.545950873418573	29.798067682524117	0.0011370062920939505
111.0	29.244468784283413	20.423352473887192	20.55178798421215	29.77932490275978	0.0010658548574685592
112.0	29.168939503768826	20.44476510424109	20.600117648653978	29.78495223652386	0.0012255068122533994
113.0	29.18339197415888	20.473224623192802	20.535606768275006	29.80673067407314	0.0010459603001745144
114.0	29.17928799156884	20.47214802245657	20.54870450523302	29.798450974023822	0.0014085067177485103
115.0	29.222417215488566	20.458339834163354	20.556136992323136	29.76208100964249	0.0010249483824606278
116.0	29.11923312650909	20.51502937828739	20.567269197252035	29.796881711773704	0.001586586177778744
117.0	29.154114732295056	20.42865456722428	20.62823070321292	29.787724944375814	0.0012750528919262133
118.0	29.110018747324446	20.51175264712912	20.618068099051452	29.75877856265906	0.0013819438359180393
119.0	29.158657718120807	20.508440105755543	20.55018913971934	29.780728086231438	0.001984950172869636
120.0	29.066132962765646	20.519780603401415	20.594765191215764	29.81783573074692	0.0014855118702526923
121.0	29.067276093391325	20.54776834533838	20.61702350851428	29.766598873323048	0.0013331794329707201
122.0	29.03584671080297	20.594477347963757	20.55122031239325	29.81699424250318	0.001461386336841513
123.0	29.04239462338128	20.55897164161466	20.58596147468178	29.811261774695886	0.0014104856263890424
124.0	29.001240595868722	20.566225176123154	20.54421974811758	29.887158397622137	0.0011560822684088161
125.0	29.030616359338694	20.59025690030724	20.614742299529972	29.762754866473095	0.0016295743510011227
126.0	29.042618358103105	20.597460594869812	20.645938949767377	29.71240128133913	0.0015808159205727822
127.0	29.116256306210037	20.554289610585457	20.665217845845834	29.662200856895176	0.0020353804634931382
128.0	29.107173761489957	20.612989994534296	20.665935950548576	29.612091428817266	0.001808864609906125
129.0	29.097055328960874	20.648518126076958	20.67329723946162	29.5790039003776	0.0021254051229520946
130.0	28.97020117367407	20.660824971563265	20.710109789797215	29.65604936649968	0.0028146984657685756
131.0	28.933357638354266	20.729115232345972	20.566531160275687	29.767810359484237	0.003185609539838702
132.0	28.915287632050067	20.778455109316916	20.451594743862174	29.851999959427726	0.002662555343114632
133.0	29.198282086922887	20.640397838276712	20.302259989672773	29.856111407883667	0.002948677243960526
134.0	29.166648004407282	20.703537319293343	20.43442753892574	29.692102579721443	0.0032845576521981904
135.0	28.84705215177923	20.933893657508403	20.33975116492904	29.875861096860795	0.003441928922528736
136.0	28.47602494038246	21.25344855455845	20.170434422522625	30.095369901179275	0.004722181357191246
137.0	27.616749398246277	21.618174644682394	20.52681104678132	30.233167462378287	0.0050974479117285145
138.0	27.805540770147992	21.745628490873465	20.870861796857024	29.573087820672246	0.004881121449274688
139.0	27.86108694829999	22.056114151723243	21.653330595881936	28.42514601241578	0.0043222916790482315
140.0	27.235110426131094	22.65377756618709	21.980811593735122	28.124813401221665	0.0054870127250280405
141.0	26.605379639087506	23.316509443409643	21.32147649662521	28.749223897935067	0.007410522942578462
142.0	25.947651881582107	24.067521103643365	22.83046102126065	27.15225496948251	0.002111024031369817
143.0	30.46226665998558	19.835105747401123	21.560366791423032	28.14226080119026	0.0
144.0	31.955908921006724	19.62644841764266	19.43877709942686	28.978086842761027	7.787191627211563E-4
145.0	27.30229905402482	20.99750231085413	19.808051605797786	31.887426986842883	0.004720042480382324
146.0	27.713522070112077	21.055897162584618	19.801452514855267	31.4287305211076	3.977313404341635E-4
147.0	28.660508826416493	20.74288334969345	20.644320357884236	29.95188516808007	4.022979257518948E-4
148.0	30.863755472729938	19.231050926905485	20.861069969564298	29.040461581028953	0.0036620497713253366
149.0	31.00590157457631	21.228795074613352	20.165770867457383	27.5320388828986	0.06749360045434716
150.0	20.850312767669426	28.775923378409946	23.058720723994426	27.292980680215607	0.022062449710592572
