# Position (bp)	A	C	G	T	N
0.0	23.33486100849936	28.837827127018272	30.961909551406986	16.84289086317902	0.022511449896357644
1.0	27.596328449252606	17.87386718232257	18.528239174020964	35.97502472059268	0.026540473811180285
2.0	29.945933287766017	20.526762421150934	17.694606157830055	31.832697032282947	1.1009700454400614E-6
3.0	34.53344605079927	19.05258461583904	19.452167198686347	26.9616748546149	1.2728006043959505E-4
4.0	34.78321096468528	18.146663464056896	20.76975322248207	26.300122976583918	2.493721918353335E-4
5.0	36.32711117255777	17.9886579687019	20.09522120965673	25.586380035885036	0.002629613198558926
6.0	27.471805151940103	18.144498102904233	16.656190342644813	37.72750368216497	2.7203458808797424E-6
7.0	27.329891488002385	22.697768622534426	18.00123296175701	31.971103125554468	3.802151711523927E-6
8.0	26.53675369200648	21.90277205108495	18.26771580842601	33.292536032162616	2.224163199417751E-4
9.0	34.3574518217543	18.304303881940964	18.904466346067597	28.433728644141592	4.930609554083312E-5
10.0	29.903882871491987	22.687886001471842	22.643251015034917	24.764496302041326	4.8380995992397535E-4
11.0	28.02204787975405	22.56630211550905	20.668592658734344	28.743053560591193	3.785411367440002E-6
12.0	29.825270371863898	20.31363095684385	19.75060687177845	30.110489097652692	2.701861109478737E-6
13.0	30.10000195313467	20.146989664634464	19.70041678878708	30.044535520410736	0.008056073033045834
14.0	30.14626926147953	20.33820812637755	19.962031232624174	29.55348814178742	3.237731329428025E-6
15.0	30.50733114817352	20.326497655435517	19.8123011054617	29.35386793389715	2.1570321101839612E-6
16.0	30.596257878569656	20.245068451868526	20.010601058980487	29.148072071591933	5.389893931630532E-7
17.0	30.57910652978278	20.31813282020031	20.016173374332	29.07941415768885	0.00717311799606173
18.0	30.622474916504654	20.15829231289515	20.155569325508864	29.063662368173244	1.0769180883071324E-6
19.0	30.44738178293047	20.252968522077584	19.90977755054913	29.389867295065503	4.849377316783278E-6
20.0	30.215622239494117	20.437349721984138	19.812965456508387	29.53405988625619	2.695757164512468E-6
21.0	30.11178448860463	20.423675880015278	19.81977106268263	29.644506895835264	2.6167286219880845E-4
22.0	30.08930133744047	20.196385482143924	19.793488102563515	29.920307272499507	5.178053525836264E-4
23.0	30.191567342737326	20.028056006310155	20.00140558338141	29.77893918390348	3.188366762908508E-5
24.0	30.18147934764512	20.079727988555327	20.051899986508996	29.68161278909761	0.005279888192944824
25.0	30.27682936490174	20.041549509025543	20.02679177073297	29.65178965975806	0.0030396955816887677
26.0	30.24826371282986	20.067373963928283	19.9850351143643	29.694528255693253	0.004798953184298393
27.0	30.20344703909606	20.106795225553974	20.026482272244955	29.652639193122702	0.010636269982300843
28.0	30.196435147560624	20.08666411281336	20.101205013024224	29.61546764256801	2.2808403378256893E-4
29.0	30.161311831192123	20.08504946706291	20.03513884416852	29.718494965070963	4.892505484512238E-6
30.0	30.17959514699881	20.073520208560083	20.056121795275335	29.690756314345922	6.534819850918104E-6
31.0	30.20873446677756	20.010736516922535	20.042961558925327	29.73755927538416	8.181990420154698E-6
32.0	30.258971056886292	20.020625442339743	20.10577289735291	29.613799558053245	8.310453678156805E-4
33.0	30.35349371973516	19.96137036280288	20.06511434021218	29.593648531658356	0.02637304559142283
34.0	30.15738985397945	20.062034467717123	20.123906109553253	29.656663538161986	6.0305881849209694E-6
35.0	30.13914765452818	20.115046732301476	20.057736835274817	29.68806493358406	3.844311470442931E-6
36.0	30.22195675727127	20.010794923471337	20.11651279729755	29.650727820023842	7.701936000993858E-6
37.0	30.209965527011484	20.070598385429587	20.017828883715193	29.700575619599697	0.0010315842440407385
38.0	30.286963562318565	19.91602665468204	20.024478296182867	29.771420804221087	0.0011106825954375688
39.0	30.273525868774144	19.982151809918854	20.038505289067523	29.70580984323768	7.189001804942684E-6
40.0	30.20493101041174	20.007476189128802	20.135329561190783	29.635343221200785	0.016920018067891066
41.0	30.243380227581895	19.968167782368347	20.040132780138627	29.7483125495689	6.660342227698651E-6
42.0	30.14464258876071	20.07817879054679	20.132106375459745	29.64499273636448	7.950886827182544E-5
43.0	30.216389414806628	19.97962537198152	20.066222665127288	29.737195001942496	5.675461420722383E-4
44.0	30.20376846906811	19.996858086897625	20.11017595823649	29.688712646772668	4.8483902510264927E-4
45.0	30.2302498228886	19.980569907823597	20.109426063486254	29.663683376869	0.016070828932551486
46.0	30.23192767235986	19.931333613118003	20.187391005501823	29.64932139452535	2.631449496555001E-5
47.0	30.18083194840865	20.010371420684468	20.08755360365338	29.721236857928403	6.169325102698371E-6
48.0	30.22664758643933	19.975307366085044	20.081683655907106	29.716356335447603	5.056120919760979E-6
49.0	30.29585726830672	19.984448493360155	20.085640312432158	29.63119033562083	0.002863590280136163
50.0	30.256870340565257	19.968378682957482	20.065375201239462	29.699733225612164	0.009642549625633056
51.0	30.259581711959544	19.92405876337107	20.097429294215967	29.718925148558746	5.081894676242146E-6
52.0	30.211283676118466	19.947609616121813	20.156695337183546	29.68440910802529	2.2625508844865733E-6
53.0	30.278465826271717	19.92937019289573	20.08524904879963	29.706910399040147	4.532992781673627E-6
54.0	30.244648626109743	19.924089036514193	20.11652280397863	29.71473442556093	5.1078365023533365E-6
55.0	30.22478042249445	19.96613897146668	20.078835049320727	29.7270506908687	0.003194865849442578
56.0	30.230273352991805	19.97036600734116	20.0837722749555	29.715582098416537	6.266295001696628E-6
57.0	30.216207135693658	19.977894000066343	20.13924659473121	29.666648845690034	3.423818757278076E-6
58.0	30.251477756249713	20.006213333438982	20.064550589910223	29.677754890210196	3.430190890294554E-6
59.0	30.283546496556248	19.986697480411312	20.068755324097758	29.66099611703335	4.58190133166433E-6
60.0	30.298310381247024	19.989441116254753	20.06032782382902	29.65191666275019	4.015919011167835E-6
61.0	30.2738259633501	20.024027099154452	20.05107126411034	29.651071075601198	4.597783909535659E-6
62.0	30.260129991412928	19.977474456266705	20.057785630139286	29.704608770650836	1.1515302449361257E-6
63.0	30.330662628403093	19.961100549861985	20.032319412084068	29.675912795722866	4.6139279894454095E-6
64.0	30.29136879094054	19.92047195401537	20.087449386612317	29.700706979708798	2.8887229876018957E-6
65.0	30.256325474238356	19.970237985172574	20.066620988379494	29.706813815964722	1.736244856222692E-6
66.0	30.230482308728817	19.98870027866036	20.075478752343308	29.705335761118974	2.8991485374694364E-6
67.0	30.23844121614082	19.97678277946887	20.07938106138386	29.70537751763191	1.74253745411456E-5
68.0	30.256213289582313	19.994789250713247	20.055187577082116	29.693716197600306	9.3685022018075E-5
69.0	30.255016508436682	19.97803566350292	20.085028026210964	29.681918635840876	1.166008562688821E-6
70.0	30.288136500493636	19.925844202914107	20.05887093964581	29.727148356946454	0.0
71.0	30.174370713926894	19.995215332647522	20.120125427029922	29.708825026524256	0.0014634998714068716
72.0	30.276729679861514	19.93629574900583	20.091578509819747	29.695396061312913	0.0
73.0	30.242782331946117	19.982148207682354	20.088489215426417	29.686577308775746	2.9361693691482732E-6
74.0	30.286368935262214	19.95808859134787	20.034740103858837	29.720800604533014	1.7649980622086274E-6
75.0	30.229286118075322	19.969048763338485	20.09342680681772	29.70823831176847	0.0
76.0	30.208478944085243	19.99171012495976	20.069412425865053	29.730397914651412	5.904385293827099E-7
77.0	30.259092749616368	19.98176330073456	20.083029465240266	29.67611448440881	0.0
78.0	30.243059605116812	19.974584360934195	20.094139854225276	29.687766382114862	4.497976088545771E-4
79.0	30.304269459362686	19.935795136962284	20.094112222507867	29.66577153241307	5.164875408719744E-5
80.0	30.359911084060283	19.92300164742067	20.05876759191913	29.658319081803096	5.947968268017544E-7
81.0	30.247652390022107	19.958189161195115	20.127690484063805	29.665312462140008	0.0011555025789637627
82.0	30.223586870277785	19.938059016877162	20.154707263851794	29.68296923740087	6.77611592390466E-4
83.0	30.289896328653793	19.98598026176271	20.007591418086136	29.716531393380556	5.981168029288392E-7
84.0	30.297746771713097	19.975390465632113	20.052009214287306	29.674853548367487	0.0
85.0	30.30391707751591	19.963587036910212	20.071840347892806	29.660654937304436	6.00376636676993E-7
86.0	30.242047591976934	19.955549190803954	20.099255395046363	29.699887377503682	0.003260444669068896
87.0	30.275665168332218	19.944147746509852	20.111962490624734	29.668224594533193	0.0
88.0	30.271245090986632	19.978428578574952	20.074478585311038	29.67583868597107	9.059156308814873E-6
89.0	30.23201091554079	20.004957142346743	20.063810348288204	29.697702063520943	0.0015195303033193079
90.0	30.303589334681156	19.989564360311224	20.038471112810928	29.66013745481918	0.008237737377512395
91.0	30.26623180324634	19.96938402954798	20.10424846643222	29.660135700773456	0.0
92.0	30.27159539991391	19.97324003601846	20.105793578168768	29.64937098589886	0.0
93.0	30.267846060238522	19.99117481481588	20.108599108218144	29.632380016727456	0.0
94.0	30.289268362247096	19.955957976320928	20.09217862787578	29.66259442211449	6.114417043927726E-7
95.0	30.308297122976064	20.012798316766084	20.069124733571876	29.609119311094247	6.605155917309501E-4
96.0	30.27929800311436	19.972014263828513	20.105988937716617	29.64269879534051	0.0
97.0	30.2723730419513	19.983059897710174	20.063815413376616	29.680751646961912	0.0
98.0	30.214116835691357	20.02608159885662	20.07828560937022	29.6815159560818	0.0
99.0	30.224495320096505	20.012248624550665	20.105721327596974	29.657534727755845	0.0
100.0	30.22205279464793	20.013314556908526	20.093547171302806	29.671085477140736	0.0
101.0	30.293956747176075	20.026200730235615	20.06086502681744	29.61897749577087	0.0
102.0	30.264274800696594	19.98114435578168	20.072954205700857	29.68156258082143	6.405699943556455E-5
103.0	30.251815637466457	19.985626501459148	20.065958674517837	29.69659918655656	0.0
104.0	30.2499188544717	20.01254676763616	20.07777623774252	29.659751266851874	6.873297741897997E-6
105.0	30.304607486421293	19.994414597137382	20.09870283859432	29.599252166735884	0.003022911111120296
106.0	30.311401532843973	19.96707273797436	20.081179951193114	29.640345777988546	0.0
107.0	30.267837173817075	19.985232959741463	20.10002627814013	29.646903588301328	0.0
108.0	30.25593731346702	19.987767799758142	20.08551656845444	29.6707783183204	0.0
109.0	30.288413695850565	20.005116961725662	20.074442071917698	29.63202727050607	0.0
110.0	30.217893299994703	19.983077460360747	20.11741425571111	29.670857269285385	0.01075771464805502
111.0	30.271450310692888	19.99654095810049	20.090752815073394	29.64125591613323	0.0
112.0	30.21963267334896	20.00453184212219	20.066490959407314	29.706978380383987	0.002366144737544787
113.0	30.249360765176792	19.98185624406176	20.073238192323494	29.695316295696617	2.2850274134036684E-4
114.0	30.28531344133583	20.015460343716057	20.064880204892265	29.634346010055847	0.0
115.0	30.32201309670664	19.98451415325371	20.05591486315841	29.63755788688124	0.0
116.0	30.24143762275781	20.016712227982048	20.094825056309777	29.647025092950365	0.0
117.0	30.24184917609714	20.007297381292215	20.136662745871078	29.614190696739566	0.0
118.0	30.27640837407092	19.998800693097778	20.11370249052102	29.61108844231028	0.0
119.0	30.27214334874954	20.02172985794738	20.053210185157162	29.65291660814592	0.0
120.0	30.247923933494924	20.0330672958544	20.082497829858784	29.636202877350243	3.0806344164928433E-4
121.0	30.241372304808145	20.050325719941657	20.096989375745785	29.610628381677373	6.842178270400421E-4
122.0	30.24201421154567	20.027945899292217	20.067484277147944	29.662555612014163	0.0
123.0	30.241930808986012	20.023304087439808	20.099523094610838	29.635242008963335	0.0
124.0	30.189195511303936	20.03838843420705	20.08101121453702	29.691404839951996	0.0
125.0	30.220511308439008	20.058998029915035	20.085620728468154	29.634869933177804	0.0
126.0	30.237590443702604	20.0149167819089	20.11384903850393	29.63364373588457	0.0
127.0	30.288591384227864	19.980502107153804	20.120074279365767	29.610832229252566	0.0
128.0	30.248317254833996	20.038097442805284	20.116400316558437	29.597184985802283	0.0
129.0	30.26590282353875	20.021824254436243	20.1006097676211	29.611663154403907	0.0
130.0	30.243458135197965	19.999774659693507	20.110553157962187	29.644805837397175	0.0014082097491644773
131.0	30.28005541935499	20.019341375553566	20.06625181869622	29.63394485203018	4.065343650442057E-4
132.0	30.279557434628675	20.03923303666798	20.09522108361077	29.561257243663537	0.024731201429041328
133.0	30.284981074497132	20.080201782326977	20.089875316980336	29.544941826195554	0.0
134.0	30.22082710052433	20.043619818235236	20.100271643959	29.635281437281435	0.0
135.0	30.18371318880168	20.048763517936244	20.119784755789553	29.645609464831203	0.0021290726413260904
136.0	30.20792822489216	20.02032248587044	20.116114600280515	29.655634688956876	0.0
137.0	30.222731933217943	20.066916053892033	20.130229381738264	29.58004037400242	8.225714933900623E-5
138.0	30.25332067699346	20.07195968741156	20.087220910317285	29.585057507741542	0.002441217536151338
139.0	30.221523525639043	20.08866087347525	20.098251494964035	29.591504682762594	5.942315908037797E-5
140.0	30.20619763452062	20.090157213614415	20.06938223279455	29.6342511233831	1.1795687316312527E-5
141.0	30.216324961384604	20.06351978157143	20.12410775013439	29.59604541654	2.090369575389917E-6
142.0	30.169550144864022	20.048666766751673	20.14743829304949	29.625265461996168	0.009079333338644194
143.0	30.194799937896388	20.08311893721175	20.072486992150015	29.64058975587757	0.009004376864274218
144.0	30.26222866157444	20.04523576183333	20.107945560895814	29.584590015696417	0.0
145.0	30.26105455577543	20.061367474897747	20.14162923468653	29.53594873464029	0.0
146.0	30.339592020906352	19.997066823599624	20.097508447053293	29.56583270844073	0.0
147.0	30.285764955866394	20.0317912011523	20.12162884323493	29.56077406391036	4.093583601437325E-5
148.0	30.252441418906802	20.10057281063514	20.128967568510877	29.518018201947182	0.0
149.0	30.24828702928939	20.05161624947313	20.181615458985032	29.510225360040003	0.008255902212442982
150.0	29.986377089701605	20.000985198749415	20.169968299419814	29.842669412129162	0.0
