# Position (bp)	A	C	G	T	N
0.0	26.391540781067047	24.13299079785064	25.21074046161578	24.205314819743815	0.05941313972271721
1.0	28.659756112285095	18.402873179694225	19.005682135818248	33.92592887770734	0.00575969449508827
2.0	30.010310621616732	19.766984921508683	18.81342025376391	31.40429375691286	0.004990446197815947
3.0	32.54966659716174	19.193876942485932	19.623391926860627	28.629009925049438	0.00405460844226767
4.0	33.01552732962902	18.673999758695036	20.151347946098735	28.15808606482262	0.001038900754584564
5.0	33.55104864948057	18.768535298521815	19.707896343273372	27.970425174328227	0.0020945343960179687
6.0	28.525002413209155	18.80511439490757	17.886521223389046	34.77808212884014	0.005279839654090994
7.0	28.40303248129908	21.41882754775105	18.607629108092834	31.5461433234844	0.02436753937264037
8.0	28.33451609146318	20.89443004500997	18.935070095432096	31.835309646200187	6.741218945748259E-4
9.0	32.56233680412545	18.860862817143122	19.315136469723917	29.259229123567405	0.00243478544009988
10.0	30.01184076254124	21.278070752043696	21.29458104173436	27.403185814849262	0.01232162883143711
11.0	28.902825727043606	21.247603371995574	20.17849747313558	29.65434703510656	0.016726392718679407
12.0	29.918180066655303	19.938089448985423	19.647308064195972	30.494327807721426	0.0020946124418740495
13.0	30.0999468050644	19.87550735755263	19.618471016151066	30.40449286308411	0.0015819581477953411
14.0	30.097250535911353	20.017302658956922	19.773292481440272	30.107802002806338	0.004352320885119417
15.0	30.27953703012113	20.04170046848147	19.70519452486347	29.972933268975076	6.347075588559864E-4
16.0	30.349614107443735	19.94088472250012	19.81504383042943	29.890941408258133	0.003515931368583375
17.0	30.334519029965723	19.970605704791776	19.899437010962835	29.79337199604761	0.0020662582320491226
18.0	30.33488740182132	19.895269050067416	19.946417754115558	29.818371961964807	0.005053832030896753
19.0	30.247739700615934	19.94488965917795	19.779559728070513	30.02703059065734	7.803214782613804E-4
20.0	30.095044659430148	20.099654913054565	19.7698322727698	30.034856198352404	6.119563930802083E-4
21.0	29.994285778903233	20.11987279520071	19.76517159443001	30.11921619781966	0.0014536336463843737
22.0	29.98591388950112	19.98496356425993	19.7606170352384	30.267840666895623	6.648441049250391E-4
23.0	30.071293105841875	19.888719160818766	19.842843562068214	30.19423407687251	0.0029100943986334737
24.0	30.074895112273055	19.92607676162311	19.880855771513893	30.115561760241143	0.0026105943487942014
25.0	30.096382470940647	19.911645456484838	19.924251596236388	30.062654166024583	0.005066310313543505
26.0	30.10466573236486	19.92765915455593	19.893585461386092	30.073025480575726	0.001064171117392355
27.0	30.036999136671472	19.969796848551706	19.899692252236264	30.09256365678682	9.481057537408526E-4
28.0	30.045494993968564	19.970155452124008	19.941024878059746	30.041602435299765	0.0017222405479188445
29.0	30.011088625852285	19.96777364648447	19.902193864879827	30.117161452158197	0.0017824106252212544
30.0	30.003863617022493	19.957350230494956	19.916375448030333	30.12129046660184	0.0011202378503816991
31.0	30.01137623277708	19.94027083396166	19.912295639141703	30.13495669765381	0.001100596465749039
32.0	30.02282990131996	19.987860540089695	19.91912285286349	30.068875166321334	0.0013115394055176965
33.0	30.093028902458492	19.955424078270717	19.91105702167274	30.03737939903534	0.003110598562709518
34.0	29.982638355018953	20.016001688402447	19.918135287358826	30.08124315173068	0.001981517489088335
35.0	29.960949239295637	20.01329982479094	19.900982530834177	30.12214486978261	0.0026235352966409806
36.0	29.996736599512648	19.97120325669073	19.93143120896224	30.0987054201282	0.0019235147061809686
37.0	30.028910873879138	19.984136976750126	19.87147547053035	30.115122711175413	3.53967664978492E-4
38.0	30.04940886929115	19.91196114318797	19.897477964338734	30.140212267733684	9.397554484586595E-4
39.0	30.03306171108323	19.988555867092806	19.8814137097928	30.0962840009191	6.847111120593666E-4
40.0	29.974612511291447	19.981884388377996	19.95692499171401	30.08424995524751	0.0023281533690369936
41.0	30.006848265122322	19.951757916155717	19.890921819734864	30.149837319736605	6.346792504939715E-4
42.0	29.957246086926276	20.03403764323797	19.92075661184115	30.085807257445126	0.002152400549475479
43.0	29.978450067480534	19.972070319055774	19.913532967360485	30.133260255358717	0.0026863907444884217
44.0	29.948655882114405	19.993500700968212	19.943478565230652	30.113716108275927	6.48743410805034E-4
45.0	29.954648269923755	19.98986050795388	19.95810027713678	30.09336529737175	0.004025647613833338
46.0	29.98048383279371	19.93777223828819	19.992783337290156	30.088283981444196	6.766101837482962E-4
47.0	29.994713941143154	20.000130619866788	19.902907440257884	30.101359860699883	8.881380322937777E-4
48.0	29.980937508019785	19.966638080427508	19.912764435183426	30.133756835270635	0.005903141098647358
49.0	29.995488348047672	19.963960206490388	19.932235990308378	30.09955500350989	0.008760451643671514
50.0	29.992718555000614	19.988008857707502	19.92884663207172	30.089483084531228	9.428706889323317E-4
51.0	29.996144178291612	19.959367740133214	19.946852702302152	30.09384353282017	0.0037918464528530656
52.0	29.981141252985772	19.967003916993605	19.98692139521126	30.06427465140223	6.587834071404637E-4
53.0	30.00013635461295	19.97257318775245	19.897509777973667	30.127196193229256	0.0025844864316806543
54.0	29.952111075537186	19.97665786677015	19.948701891430535	30.121693169240626	8.359970215011972E-4
55.0	29.919806859767505	19.998003990409497	19.945053200977693	30.134436781666956	0.0026991671783469706
56.0	29.94129691758402	19.988630243375553	19.931301408234564	30.137844773015566	9.266577902949812E-4
57.0	29.961075567918037	19.98796297141668	19.966752939071384	30.07734227646315	0.00686624513074863
58.0	29.96479564901488	19.99902574777812	19.919335949052936	30.11361228051252	0.003230373641542874
59.0	29.996535136203985	19.980571872162773	19.928957609083856	30.093247720837407	6.876617119748539E-4
60.0	29.99002141106463	19.966800932712054	19.92946067156857	30.109480453962238	0.00423653069250295
61.0	29.987991845491972	19.99985029125319	19.95862265245437	30.05245221135546	0.0010829994450026006
62.0	29.99486246867758	19.986317741267634	19.92943336948308	30.08729732810061	0.0020890924710943027
63.0	30.014994293649384	20.009118962262097	19.892250261920193	30.080558832404876	0.0030776497634569184
64.0	29.98866669662265	19.964272877437704	19.926998919700576	30.11850224507553	0.0015592611635383172
65.0	29.935458937353328	19.9798006621028	19.928731850776387	30.147594167662138	0.0084143821053471
66.0	29.924485227995373	19.9815448466086	19.9445834030173	30.12661856303595	0.022767959342774435
67.0	29.952217127966087	19.961541505931127	19.970802730015162	30.113180834399166	0.0022578016884603714
68.0	29.92723032835346	20.056807765575982	19.909677994096814	30.101570858195736	0.004713053778005948
69.0	29.924061907778505	20.027349612088525	19.931264869304933	30.113593049816913	0.0037305610111267175
70.0	29.946445940121542	19.96281214010078	19.906259884663292	30.18406776263129	4.1427248309565195E-4
71.0	29.894511808788472	20.00931656869257	19.941348233547803	30.14156837304764	0.01325501592352151
72.0	29.943945410115457	19.976379220010962	19.962826046010964	30.110231802100657	0.006617521761959931
73.0	29.921426989037165	20.021221067343983	19.947159485085194	30.10431020790608	0.005882250627574621
74.0	29.976746706636813	20.00079998735094	19.915422945079087	30.10437807312089	0.0026522878122643917
75.0	29.911466612279447	20.02814522233537	19.970009848857266	30.084934668110996	0.005443648416917455
76.0	29.90073450096081	20.018578992987393	19.92909898158474	30.15073584328441	8.516811826535419E-4
77.0	29.922363847690203	20.033190082369288	19.935243178048314	30.10783189499953	0.0013709968926613133
78.0	29.923655667346505	20.004267066717084	19.94925186852062	30.120759021281607	0.0020663761341822005
79.0	29.964903111496376	20.018485170360304	19.954645722440123	30.05944348321117	0.002522512492028612
80.0	29.995373547051322	19.98183668853576	19.921423781761614	30.10074948205647	6.165005948296648E-4
81.0	29.90101014942742	20.020946618037826	19.98114588011704	30.078410636764374	0.0184867156533425
82.0	29.89403882626372	19.99869562895798	19.979152998240497	30.124025962071116	0.0040865844666881125
83.0	29.944531455987683	20.028986139018322	19.90248289290971	30.119050975092705	0.004948536991578313
84.0	29.933600158775626	20.025048007109294	19.950972265061036	30.08653585831265	0.003843710741391057
85.0	29.922298591095075	20.020666206437827	19.94845311040789	30.106986408132276	0.001595683926927754
86.0	29.886764602826972	20.02796793094762	19.944112540092103	30.140494133784358	6.607923489505502E-4
87.0	29.912736090468506	20.012591885448778	19.960383069424392	30.114054787106255	2.341675520731676E-4
88.0	29.92581419912389	20.037801679281465	19.932981915482436	30.09914361246476	0.004258593647446975
89.0	29.87285564468029	20.045316262009447	19.950913741036985	30.130289127907805	6.252243654725079E-4
90.0	29.91407371619855	20.028625525706577	19.916432871784842	30.140640595073098	2.2729123692868274E-4
91.0	29.868515914916134	20.04364257891241	19.964399667451453	30.123190598364463	2.5124035553746623E-4
92.0	29.867407348789776	20.06917463617446	19.968825380386445	30.094304526154573	2.881084947445169E-4
93.0	29.890185052430475	20.074208608143785	19.979964963498904	30.05476651152547	8.748644013653703E-4
94.0	29.91839583138882	20.03153843958527	19.957201569005637	30.092521089862707	3.4307015756847824E-4
95.0	29.940731676357522	20.067557945358473	19.926692405687767	30.064725675849186	2.9229674705099446E-4
96.0	29.90748413739422	20.06048075900005	19.95725019313588	30.074567328985424	2.1758148442748852E-4
97.0	29.886339109886762	20.093015666254352	19.89345488435123	30.126415266528273	7.750729793820439E-4
98.0	29.865356404622556	20.10513755286585	19.946835670895602	30.08137409236377	0.0012962792522238926
99.0	29.877707317517594	20.095071459776843	19.934921993593935	30.09200638784418	2.9284126745171264E-4
100.0	29.870534636046525	20.05133483977339	19.954507174318586	30.121664270400107	0.0019590794613936102
101.0	29.86192709011449	20.069022506687208	19.96560055064226	30.100607895488512	0.0028419570675309587
102.0	29.87256013410763	20.033037982866293	19.973281327660793	30.120646486920155	4.740684451282487E-4
103.0	29.882027278814206	20.068667128810098	19.986255711611637	30.06283963638322	2.1024438084113917E-4
104.0	29.834554643500226	20.113760903974807	19.954429508306212	30.097022215433565	2.327287851849422E-4
105.0	29.859738812154607	20.083133637834578	19.977625739929877	30.079261889338426	2.3992074251287702E-4
106.0	29.883494501652148	20.065490445647086	19.984239714854994	30.066245758371817	5.295794739585582E-4
107.0	29.853553029116135	20.057725783814046	19.990080869316117	30.09817802663049	4.622911232119315E-4
108.0	29.825280533191272	20.093797422232722	20.015237862785312	30.065484628846935	1.9955294375735534E-4
109.0	29.901096937644795	20.064048454307056	19.955225610454676	30.07934669305125	2.8230454222673556E-4
110.0	29.8019999614864	20.093228773655554	20.010538195509316	30.09380068283192	4.323865168154671E-4
111.0	29.849379940418856	20.057437921409207	19.973979622622956	30.118822590774087	3.799247748945709E-4
112.0	29.858282489372996	20.055219799812317	19.93131491823423	30.15474364397936	4.391486010977326E-4
113.0	29.839276376942237	20.05291142581937	20.01318067829833	30.0942001757948	4.3134314526659866E-4
114.0	29.841403115542082	20.11998706324371	19.98983572751912	30.04841824280832	3.558508867668965E-4
115.0	29.853348387494353	20.075877198855675	20.043836034416216	30.016577898407178	0.01036048082657307
116.0	29.815594432502074	20.123661549214155	20.03302380777454	30.02738739138521	3.328191240132734E-4
117.0	29.79447082051484	20.0872409641552	20.006177757783583	30.108693757022962	0.003416700523406737
118.0	29.786020510474316	20.117686556887488	20.007484012823884	30.087827895018965	9.810247953447983E-4
119.0	29.808212001839102	20.10991229220205	19.974164142896115	30.107437670201588	2.7389286114690994E-4
120.0	29.789505940033944	20.120366013741993	20.01907008123264	30.070604841736404	4.531232550177679E-4
121.0	29.82537807334118	20.134717837839126	20.025369435258003	30.014190415390363	3.4423817132238084E-4
122.0	29.765827026927255	20.12932185907698	20.026117440474263	30.078510431798055	2.2324172344543726E-4
123.0	29.76512062246751	20.103127570572752	20.057400803011152	30.074120200558912	2.3080338967090206E-4
124.0	29.73212468128297	20.087461328367535	20.03530963163064	30.144724720107963	3.796386108949151E-4
125.0	29.71952648006784	20.124922134927495	20.021698678791765	30.13319802671241	6.54679500489756E-4
126.0	29.759106612209372	20.108056937763983	20.06152302504288	30.070905947639442	4.0747734431786697E-4
127.0	29.823733367473494	20.08772532516797	20.03676730742832	30.043492738202225	0.008281261727992454
128.0	29.904850637623383	20.001178732204178	20.11004514553712	29.98269100158365	0.0012344830516720874
129.0	29.787784609152794	20.002183957509125	20.211720745855093	29.99620991492741	0.0021007725555825295
130.0	29.71817501090552	19.983831191891504	20.221394098255388	30.076168310715506	4.313882320826257E-4
131.0	29.612366174216508	20.04321698622697	20.12288970285236	30.220356591924112	0.00117054478005369
132.0	29.459390452374805	20.193897995291874	20.05235005800291	30.292226461422317	0.002135032908092503
133.0	29.44972668059918	20.147372044711446	20.16704503520423	30.235520701604475	3.3553788066802305E-4
134.0	29.486986760984863	20.09401501464316	20.113846071797497	30.30440493686612	7.472157083553589E-4
135.0	29.577050391104425	20.007958181916862	20.18526521037638	30.226629265654726	0.0030969509476023206
136.0	29.709381343847667	20.029321258364142	20.217627944758405	30.042443748388408	0.0012257046413757654
137.0	29.99729204874467	19.940707708313834	20.093632557324874	29.967863667616477	5.040180001467681E-4
138.0	30.070099182847756	19.91981543077426	20.215194436206332	29.79364222566751	0.0012487245041492867
139.0	29.266227435701147	20.508645421039166	21.422673451591585	28.79591742501893	0.006536266649171851
140.0	27.185236179715606	21.49647502204787	21.38591138154033	29.91429147938286	0.01808593731333182
141.0	28.99396941581947	19.56525475164087	19.138920730681498	32.301397304686105	4.5779717205711825E-4
142.0	31.388301360300424	19.226373537333245	21.097208839998384	28.287361553290598	7.547090773506988E-4
143.0	31.21565274077085	18.9146714770882	21.54506278202959	28.314251841524978	0.010361158586382474
144.0	34.09412212680804	18.33529526269572	19.012504020426736	28.55365577939616	0.004422810673349099
145.0	27.633142357860574	20.10949510079261	19.001315608812334	33.255779816513765	2.671160207202147E-4
146.0	27.848477067995724	20.428380474183236	18.938966058205903	32.78389480259395	2.815970211862536E-4
147.0	28.2044680910477	19.950651873300448	19.461332655118536	32.38019039955592	0.0033569809773862777
148.0	30.846287162643005	19.180675878144545	20.00484271661514	29.967888322406843	3.0592019046998955E-4
149.0	33.08556389287567	19.584934531540164	18.937767375940386	28.389730403463464	0.002003796180318052
150.0	23.443884969727463	25.82304307191948	24.24856808753711	26.434613136706826	0.049890734109122876
