# Position (bp)	A	C	G	T	N
0.0	27.919453627507263	23.399666846378963	26.05883035145324	22.619255459020813	0.002793715639722431
1.0	28.47334063742244	18.59631819548315	19.495630054725268	33.4221908060406	0.012520306328545684
2.0	29.726659984319532	19.92325685896287	18.394259378022806	31.953067068987572	0.0027567097072201782
3.0	31.56298046315656	19.55677369914936	19.420356224531147	29.459788243737595	1.0136942533878951E-4
4.0	32.94784401863831	18.829677524625584	19.810634543933876	28.403649489463294	0.00819442333893622
5.0	33.40276438906656	18.676418207053338	19.690393660807853	28.228073219937666	0.0023505231345765177
6.0	29.623230739356014	18.296172049251417	18.159740476255877	33.91760330540302	0.003253429733668871
7.0	28.793804168085373	20.858421293237818	18.46738316514577	31.880099718790568	2.9165474047475966E-4
8.0	28.546703357459517	20.478765332897215	18.800235390404012	32.17317322243144	0.0011226968078190634
9.0	31.94276739846978	18.967983563213213	19.140212520677554	29.94821800646123	8.18511178224518E-4
10.0	30.09818713194773	20.938716955110365	20.888772229401592	28.07118387612452	0.003139807415799494
11.0	29.211352495017888	20.950766201741526	20.082732074583596	29.754845510780658	3.0371787632969165E-4
12.0	30.08030338256919	19.899004300900096	19.708404044022057	30.30886961524395	0.0034186572647073735
13.0	30.24987680167705	19.811971207020527	19.593570084194912	30.344448851739752	1.330553677575416E-4
14.0	30.292273758500905	19.900606970671657	19.675022442002167	30.129540634967306	0.0025561938579726864
15.0	30.444486569189692	19.951527510742988	19.592368099161337	30.009924648269028	0.0016931726369581622
16.0	30.572072507862718	19.856674145654534	19.75590624024753	29.815074914941057	2.7219129415971907E-4
17.0	30.49884171533352	19.904848274220235	19.854859349756467	29.741328093548887	1.2256714089460547E-4
18.0	30.61844382664343	19.740272578496906	19.951485831352134	29.689665219385518	1.3254412200877695E-4
19.0	30.438294773247875	19.839995746877882	19.72525341267572	29.996363768541418	9.229865710824011E-5
20.0	30.242877592966927	20.059515900504678	19.710135639734077	29.987371834205078	9.90325892416232E-5
21.0	30.06075411461357	20.13939757969093	19.684909019095265	30.114244195929942	6.950906702965846E-4
22.0	30.025764811491634	19.99268253153842	19.648309735323284	30.333106884248128	1.3603739852827688E-4
23.0	30.113475288831697	19.884024796598855	19.775365875433625	30.226120968917158	0.0010130702186689387
24.0	30.130527423206882	19.926429016852662	19.838997145782553	30.10248495066019	0.0015614634977148762
25.0	30.138731846548694	19.90175569090247	19.89000957127975	30.069168248777334	3.3464249175673804E-4
26.0	30.167327967362084	19.89325721624394	19.859508394462097	30.079124069764347	7.823521675335998E-4
27.0	30.101747805931687	19.928820554825975	19.849702543648856	30.108104045377758	0.011625050215722452
28.0	30.11495944035093	19.916476853966213	19.910097132936862	30.05827289061337	1.9368213262284663E-4
29.0	30.059979972693103	19.935897452100235	19.883373164672573	30.120633139252973	1.162712811199452E-4
30.0	30.068598598151763	19.92585869130442	19.895254757698627	30.10994860322006	3.393496251317808E-4
31.0	30.055927654250475	19.906058834566824	19.865732222329893	30.172206863663494	7.4425189313578E-5
32.0	30.074059598128933	19.950185538761275	19.886224945929296	30.089050335595264	4.7958158523303567E-4
33.0	30.142807380993226	19.93233482840132	19.879526275205247	30.044604831132837	7.266842673671088E-4
34.0	30.037408297978573	19.981958534838714	19.894476105060154	30.08548689418562	6.701679369410752E-4
35.0	30.009846808597384	19.97532468714498	19.886442291739538	30.12748968455953	8.96527958565273E-4
36.0	30.065135399628712	19.918808079779165	19.915455356672865	30.099928228155694	6.729357635674012E-4
37.0	30.096166160272414	19.96016664536213	19.839077341020378	30.10417055127218	4.1930207289766775E-4
38.0	30.106209983225003	19.891047143585237	19.860048132237115	30.14023395756577	0.0024607833868758072
39.0	30.075665700426647	19.93618004711494	19.849269993350298	30.13822100721501	6.632518931030394E-4
40.0	30.018172108542423	19.960455320979747	19.915714626235015	30.103497098681736	0.002160845561079132
41.0	30.04193869362531	19.918403558689757	19.872960628146977	30.165898270846288	7.98848691673909E-4
42.0	30.010594716328278	19.999332967531664	19.889212096683952	30.100417605894947	4.4261356115391014E-4
43.0	30.01323749024254	19.949758002808277	19.881927235124802	30.15495599385606	1.2127796832375396E-4
44.0	29.990610304510636	19.98274987878089	19.894004312825466	30.130921846693244	0.0017136571897720118
45.0	29.986185886813004	19.976416838255698	19.913007622989536	30.124271344675176	1.1830726658889704E-4
46.0	30.044909161469985	19.92163226576301	19.944547042442967	30.088822611994075	8.891832996103302E-5
47.0	30.03747160494172	19.97025649860473	19.87640800263206	30.1154288276259	4.3506619558374615E-4
48.0	30.05876384240343	19.928110989614204	19.870523789804707	30.142506826540643	9.455163701276359E-5
49.0	30.037208906344375	19.936078194817256	19.908630094677434	30.116880864085775	0.001201940075163191
50.0	30.037585656819303	19.975129642064424	19.87433570871974	30.1097257669984	0.003223225398129882
51.0	30.043227368613895	19.961509529641862	19.888397760730033	30.1044598848687	0.0024054561455034164
52.0	30.00753236461095	19.95626280063563	19.927974268986144	30.108122836935298	1.077288319776896E-4
53.0	30.01616379625026	19.977281591368918	19.843352285929697	30.162572262455566	6.300639955646326E-4
54.0	30.005413573821993	19.945308022878802	19.89008321997335	30.15901249006428	1.8269326157898806E-4
55.0	29.981966172693003	19.942494211237825	19.912342388969748	30.161363646306782	0.0018335807926383029
56.0	30.005760425130784	19.953577960100144	19.884046491906442	30.156237273194396	3.778496682319505E-4
57.0	30.000669677901005	19.94922951940902	19.93431583363815	30.113519960840367	0.0022650082114585943
58.0	30.000063392688585	19.96975165932153	19.890111460463324	30.140017974155192	5.5513371362499774E-5
59.0	30.021691739598687	19.956468631959822	19.9004072740276	30.121127243937245	3.0511047664484294E-4
60.0	30.039839712949	19.931320454209605	19.903490667595587	30.123872321162683	0.0014768440831303123
61.0	30.010290408829842	19.98352575461556	19.929394648915295	30.074315653017468	0.0024735346218405464
62.0	30.04060185703952	19.949850728015008	19.873532847290676	30.135879040803104	1.3552685169117724E-4
63.0	30.043195190826754	19.96054658125912	19.85054282862032	30.14527891958776	4.364797060481236E-4
64.0	30.02088441807105	19.93405178587735	19.880987500392582	30.163974632984132	1.0166267489383967E-4
65.0	29.98328098310767	19.944081316086947	19.88910698323959	30.182864759010798	6.659585549973048E-4
66.0	29.97782132316929	19.953732747947285	19.90235407378664	30.16465651320035	0.0014353418964335347
67.0	29.969678056988524	19.949880336598174	19.928942303196102	30.15077358300936	7.257202078418802E-4
68.0	29.96072925345014	20.036524092026376	19.86980637679732	30.130761643817944	0.002178633908221501
69.0	29.990793902815792	19.984589154953017	19.89167773957619	30.13285103572267	8.816693233077736E-5
70.0	29.984816567028457	19.941853181594258	19.853572227397688	30.21927562445514	4.8239952446454205E-4
71.0	29.934032946043704	19.992616293515546	19.901977273103515	30.16900748260991	0.0023660047273217385
72.0	29.977366510667895	19.961874051954744	19.915894487156553	30.143949243740213	9.157064805916566E-4
73.0	29.944696502571645	20.00417436666289	19.902678216316414	30.14827475736262	1.7615708643151155E-4
74.0	29.996129686597556	19.956029997912324	19.895587602929453	30.151994332289334	2.583802713316289E-4
75.0	29.94873098305384	19.98557159219241	19.93154379211838	30.132588365612463	0.0015652670229077761
76.0	29.951093665689864	19.96469601602119	19.899231167685965	30.179145649266175	0.005833501336802029
77.0	29.956530621847865	19.994736181920487	19.91246468263991	30.136187998446097	8.051514563851047E-5
78.0	29.940721225898276	19.983528063670164	19.913032996354012	30.159586852393083	0.003130861684462149
79.0	29.98502994518983	19.993036728734637	19.91199424604394	30.108853420844362	0.0010856591872337618
80.0	29.996264466704243	19.945090338759645	19.89257107179327	30.165957186933323	1.1693580952077027E-4
81.0	29.918153160900562	20.002340247525133	19.937080654840507	30.13672184335576	0.005704093378031594
82.0	29.891742463380194	19.96741886190373	19.966886304560145	30.173889827834444	6.254232148872103E-5
83.0	29.962892597047176	20.002505837025094	19.853208264679168	30.17977442564545	0.001618875603109541
84.0	29.963749009177178	19.984424947118654	19.913273905679382	30.137508264317663	0.0010438737071300308
85.0	29.954239739367498	19.958703624031138	19.90325168807946	30.18375338486745	5.156365445293025E-5
86.0	29.923969958054503	19.99274677137315	19.89412491927667	30.189100910595922	5.744069975332666E-5
87.0	29.933742857600297	19.969009430975817	19.915811820946264	30.181355261860055	8.062861756130453E-5
88.0	29.951457809344546	19.987570932642754	19.90846496937733	30.152229129056046	2.7715957932411095E-4
89.0	29.881923059614284	20.007648171158472	19.938287410213302	30.169775427988434	0.0023659310255072065
90.0	29.910906027632244	20.0352340166121	19.88589909437718	30.16465580984328	0.003305051535196438
91.0	29.888872167518205	20.021456167879993	19.926836318369613	30.16277520362009	6.014261210190028E-5
92.0	29.91135642211934	20.036047755505034	19.931861770732635	30.120648463559686	8.558808330661624E-5
93.0	29.901513877786744	20.059895298585513	19.925087288396252	30.11036556251047	0.0031379727210122067
94.0	29.902790603390205	20.014308279516605	19.90560970678939	30.177230788629707	6.0621674094516536E-5
95.0	29.95139083630595	20.03815217536433	19.86879543121269	30.141473337208964	1.8821990806280954E-4
96.0	29.902650045612212	20.024772653576083	19.90805171399562	30.164468574011057	5.701280503669206E-5
97.0	29.894016510510696	20.063317541008622	19.86761028325155	30.174996526067055	5.9139162077319845E-5
98.0	29.889971678923004	20.06147513601731	19.913281477379943	30.135139270135507	1.3243754423315144E-4
99.0	29.865109017707486	20.06593892395227	19.90961944639909	30.15746352515793	0.0018690867832255346
100.0	29.86096608459574	20.031385951902504	19.925724604590332	30.177810993832626	0.0041123650787975065
101.0	29.855060938146995	20.070988120312666	19.92001678234426	30.153854433095102	7.972610098008293E-5
102.0	29.854817488917963	20.043843043965392	19.930795454902064	30.170512031002268	3.198121231701225E-5
103.0	29.86884190984307	20.05668817899383	19.931101325404256	30.14331446299868	5.412276016214457E-5
104.0	29.825950373850336	20.097098740003748	19.91003837804198	30.16685420817061	5.8299933335031405E-5
105.0	29.86495627000843	20.050720782275025	19.930902560978144	30.153369984498283	5.040224011748157E-5
106.0	29.875575082683092	20.034607216103755	19.927738233852835	30.162032964785602	4.650257471614171E-5
107.0	29.843044966500052	20.039094692428023	19.946853960643576	30.170957716350554	4.8664077791799336E-5
108.0	29.801534435940134	20.075145753518594	19.980741765376134	30.142470264126587	1.0778103854961701E-4
109.0	29.858884392563763	20.066451669611304	19.92522203405883	30.14866471749983	7.771862662741733E-4
110.0	29.814640604279575	20.06495567165363	19.956032657140714	30.164313781019015	5.7285907067405316E-5
111.0	29.85048839025348	20.054148902174987	19.92534793612567	30.16991010693655	1.046645093053829E-4
112.0	29.858883583686165	20.033199769692732	19.88474220113481	30.223135332199334	3.91132869626789E-5
113.0	29.8075605453461	20.05598481223486	19.976331892712622	30.160077319892054	4.5429814364692544E-5
114.0	29.823297370612522	20.123231802740285	19.930257046733622	30.123161990181618	5.178973194815549E-5
115.0	29.865449776070353	20.059883456292766	19.998815040818645	30.075808085740007	4.364107823305421E-5
116.0	29.8058545063476	20.1018389883036	19.98386890776804	30.107543047610807	8.94549969947083E-4
117.0	29.761477240171917	20.08701510432514	19.99083534060851	30.160628384776373	4.393011806010038E-5
118.0	29.758185065557903	20.10907943393748	19.97472905951863	30.157912003914984	9.443707100780031E-5
119.0	29.827287813408628	20.091761803938564	19.928132440826634	30.152773726778758	4.421504742074363E-5
120.0	29.76074044478663	20.105089089717215	19.990428662939262	30.14324536391266	4.964386442290202E-4
121.0	29.782236530965157	20.149091635271876	19.988797650762567	30.079825429209823	4.875379058072103E-5
122.0	29.73651882034099	20.153853937802488	19.968078973383783	30.141382380878724	1.6588759401333793E-4
123.0	29.717297122211917	20.10074282051861	20.033836123569614	30.14245058376723	0.005673349932629236
124.0	29.71791058049626	20.082430188955218	19.990294925756782	30.209317205252045	4.709953969619855E-5
125.0	29.71826742408887	20.120577886206004	19.991215895941558	30.16991301502825	2.577873531457952E-5
126.0	29.73370295780421	20.11752735345477	20.03684042608441	30.10986180431509	0.002067458341522861
127.0	29.8537185867407	20.05519073635065	20.007169819688986	30.08390571276045	1.5144459210292175E-5
128.0	29.949989805914118	19.942548307795857	20.09301992080078	30.01441807903814	2.3886451107659255E-5
129.0	29.7491280409651	19.953531841365514	20.237879504073756	30.059290620894636	1.6999270099288597E-4
130.0	29.59627254326825	20.001899227870464	20.19666305531907	30.205136735437733	2.8438104487458512E-5
131.0	29.48207006838824	20.07573581610276	19.985801565714564	30.45637937422363	1.3175570805253995E-5
132.0	29.22642202350934	20.307266376739022	19.88972877469248	30.576549761678045	3.306338111293148E-5
133.0	29.30730745836165	20.196711945765095	20.064572002218853	30.431397530363753	1.106329065189555E-5
134.0	29.379123571919358	20.120770980581778	19.993072338094777	30.507002013775143	3.1095628942967395E-5
135.0	29.531906800581808	19.971727624900822	20.124050637823345	30.37229040515553	2.4531538492983436E-5
136.0	29.628229901244126	20.023979026917786	20.139215865439745	30.20847890508543	9.630131292282995E-5
137.0	29.833522530167134	20.017600793421167	20.05284691304179	30.09599152815623	3.8235213678166384E-5
138.0	29.8406113220493	20.06158766698035	20.178753269087675	29.919022895212606	2.4846670069606367E-5
139.0	29.302581761998418	20.51164432258655	21.144961240046246	29.040746875737057	6.579963172626808E-5
140.0	27.695256129292154	21.239501558691877	21.12267802368342	29.942546052819484	1.823551306448002E-5
141.0	29.482034979976508	19.533539991719156	19.302840054312252	31.681550613647126	3.436034495495645E-5
142.0	31.53394325038823	19.29001486425882	20.730934811712864	28.44509095637937	1.6117260715894642E-5
143.0	31.404503415288264	18.91247505136197	21.06040478383547	28.622586668960192	3.008055410416882E-5
144.0	33.21217520645322	18.734448927955967	18.51503136301449	29.53830258633238	4.191624393940597E-5
145.0	27.752174595279683	20.25757632174997	18.99270193621775	32.997258735780754	2.8841097184743126E-4
146.0	27.979810198295123	20.334742331884843	19.168416242872198	32.51648988329174	5.413436560870702E-4
147.0	28.95758822099499	20.079071931699897	19.9198688755618	31.04345428778929	1.6683954023694218E-5
148.0	31.43433585683616	18.682801236358877	20.04116055458143	29.84168313425965	1.9217963876425706E-5
149.0	32.48943513664699	20.062694216529728	19.072690188187032	28.374998816297424	1.8164233882384843E-4
150.0	21.45209756690669	27.029668888868315	23.49026470437837	28.025812614373223	0.0021562254734031707
