# Position (bp)	A	C	G	T	N
0.0	25.470895102617735	25.088081972014066	24.3265132009335	25.060702647493176	0.053807076941524826
1.0	28.4450364630587	18.349377380653266	18.629913222083548	34.57020616887888	0.0054667653255977494
2.0	29.908276732460454	19.94785968820507	19.302064882457703	30.837195526467596	0.004603170409169635
3.0	33.36412862114545	19.017000535332464	19.61750038713014	27.99759208604719	0.003778370344759029
4.0	33.09622957142268	18.597598121944923	20.443964594533906	27.86118332081501	0.001024391283477626
5.0	33.788327043650185	18.799078660759257	19.90965667151655	27.50091031791805	0.0020273061559619265
6.0	27.838208009701766	19.17497300518151	17.760310654190423	35.221699457747526	0.004808873178774456
7.0	28.183471511154835	21.64693416331353	18.856415808171985	31.292022266242768	0.02115625111688207
8.0	27.889914370940417	21.212327667834483	19.082887877895054	31.814036634144554	8.334491854938072E-4
9.0	32.81083144631988	18.77873055537957	19.44705335257031	28.96091416576153	0.002470479968701811
10.0	29.927097007433545	21.542521138774536	21.701294537183895	26.81760978051182	0.011477536096198426
11.0	28.643117962215463	21.542697340071175	20.36467779778887	29.435055993755487	0.014450906169004114
12.0	29.716102199752818	20.11189374454104	19.724714300406173	30.445337201064028	0.0019525542359425468
13.0	29.875331185977032	20.062114562584448	19.719305502739402	30.341824932254273	0.001423816444842092
14.0	29.873468860364856	20.190047884459172	19.948501388953005	29.983779061090726	0.004202805132242216
15.0	30.069245109052577	20.196640699011542	19.91797693541998	29.815541532457168	5.957240587279101E-4
16.0	30.09703684273325	20.12578681846863	19.983266238775162	29.790703020874933	0.003207079148028604
17.0	30.058262101018762	20.162291877090844	20.021878421095728	29.75560263873584	0.0019649620588273855
18.0	30.01615290160321	20.1566662664243	20.027347437735536	29.79413546933534	0.005697924901609976
19.0	29.97365046237918	20.183780661310855	19.931137326321142	29.910674430834046	7.571191547775757E-4
20.0	29.899265553943916	20.256201498368558	19.9090804927366	29.934909553615764	5.429013351655683E-4
21.0	29.872413669643738	20.2272029736637	19.948897093810775	29.950118128900133	0.0013681339816546947
22.0	29.85873305973125	20.107133848136606	19.942997450027903	30.09042772071072	7.079213935202107E-4
23.0	29.911178435012253	20.03939911906514	19.995768398001374	30.05096243077129	0.002691617149943197
24.0	29.940100525360258	20.06302729249413	20.00956989282399	29.984886941641676	0.0024153476799519697
25.0	29.964209449839114	20.03910972115055	20.070599965859017	29.921613695861915	0.00446716728940402
26.0	29.95416176371455	20.069604675356	20.033142404561577	29.941998900308704	0.0010922560591671159
27.0	29.8964721189569	20.114155199981756	20.03100837472276	29.95748116789655	8.831384420343845E-4
28.0	29.871622361335444	20.113482473988828	20.081748149070332	29.9316667405429	0.0014802750625007776
29.0	29.851838968333922	20.12417616272975	20.04444259015823	29.977705808110404	0.0018364706676954428
30.0	29.844351636171567	20.10087611894162	20.052958794133303	30.000693197889237	0.0011202528642719693
31.0	29.890253936294048	20.07762923929914	20.041021358705716	29.990030636030074	0.0010648296710252753
32.0	29.87578417439729	20.113446023458504	20.075116018703138	29.9344181911425	0.0012355922985698552
33.0	29.950956289092762	20.09053309239343	20.06401481190785	29.89159941273486	0.002896393871103695
34.0	29.825152233078146	20.164420259186574	20.06791853658104	29.94051751966893	0.0019914514853132123
35.0	29.816564823665786	20.152881688873777	20.03872742405303	29.989391716412094	0.0024343469953103337
36.0	29.834411806563217	20.12382711684561	20.068648543212667	29.971112858775513	0.001999674602992273
37.0	29.881955315925275	20.12066108853282	19.9969854030593	30.00001045213121	3.8774035139323365E-4
38.0	29.900666162140983	20.049500562999498	20.039890952293835	30.009014649578624	9.276729870598744E-4
39.0	29.879147109323785	20.1246038556668	20.01853344264346	29.977027901335852	6.876910301088241E-4
40.0	29.83022590033976	20.11806457995023	20.094790711602386	29.954799760343846	0.0021190477637780636
41.0	29.8486693195867	20.087107381172515	20.030999221879263	30.032579019047738	6.450583137821662E-4
42.0	29.80573120169257	20.16956269514921	20.0566585336723	29.96602398948967	0.00202357999624631
43.0	29.81744327540017	20.107514809634974	20.063126612133768	30.00938220632603	0.002533096505058872
44.0	29.78889229866134	20.134007200687325	20.084142493253545	29.992267061272916	6.909461248732358E-4
45.0	29.794884054062653	20.129185169482327	20.091832839939237	29.980284685721887	0.0038132507938959596
46.0	29.820076193260427	20.08655417134666	20.12661980526276	29.966029820027963	7.200101021895869E-4
47.0	29.86333477999387	20.134669270471466	20.039112323199618	29.961963348565167	9.20277769873787E-4
48.0	29.83303223986281	20.0982509462268	20.03655007894779	30.026795948630497	0.005370786332101699
49.0	29.85097541260449	20.10161063087344	20.07805591239484	29.96139542143122	0.007962622696008009
50.0	29.836742732769423	20.131731417677685	20.069789459089684	29.960845815000653	8.905754625552415E-4
51.0	29.842281871939136	20.09979029363703	20.086765162002994	29.96733882855558	0.0038238438652536707
52.0	29.832006526578937	20.101550586894977	20.124797119422677	29.941107385870346	5.38381233065026E-4
53.0	29.863029554871286	20.100974929507977	20.04603459010827	29.98776891898754	0.0021920065249253218
54.0	29.80958912544852	20.10926602489154	20.074378007453713	30.005971218369165	7.956238370587672E-4
55.0	29.77198994674446	20.143020123664044	20.081935152718945	30.000548753876107	0.002506022996450464
56.0	29.79189049395291	20.13185140986917	20.08159641005453	29.993853171653978	8.085144694079661E-4
57.0	29.80947008646593	20.11854782489191	20.134186179630102	29.931984394135945	0.005811514876115456
58.0	29.83547295667424	20.125261841205557	20.07377943810031	29.962515523013572	0.0029702410063133945
59.0	29.84495886158875	20.13190604642669	20.068172697026604	29.95425084701333	7.115479446252754E-4
60.0	29.84092836284188	20.109606712479437	20.067934207441915	29.97770940023654	0.003821317000231561
61.0	29.848516830760115	20.142593299301204	20.097514704842375	29.910384819641646	9.903454546611628E-4
62.0	29.848750598952662	20.12269302986028	20.07809021985458	29.94849316242865	0.0019729889038279727
63.0	29.87024339196937	20.14889613121157	20.032729671448873	29.945269173155893	0.002861632214297415
64.0	29.850221667135514	20.10360240652873	20.067492518808454	29.97724282955013	0.001440577977171377
65.0	29.794236965631015	20.113084610034694	20.089570670777988	29.995816735541723	0.007291018014572938
66.0	29.774072492564287	20.122545185610065	20.076176238121292	30.004406162953035	0.02279992075131919
67.0	29.79619339787398	20.094228439593106	20.113145747700074	29.994206529040046	0.002225885792793217
68.0	29.78769000602579	20.201283925978426	20.047415365291233	29.95918863849516	0.004422064209390559
69.0	29.789676188009818	20.163639017486393	20.066323284719758	29.97691478560464	0.003446724179388013
70.0	29.81228822060628	20.088899133487136	20.04779913867054	30.050606070079155	4.0743715688378685E-4
71.0	29.75338893124495	20.144090510476023	20.08417032066697	30.00564494488967	0.012705292722380124
72.0	29.80236569176028	20.09925993791701	20.109899966475467	29.982934099121668	0.005540304725571524
73.0	29.78074572387891	20.15576453671004	20.089965176064727	29.96806980849504	0.005454754851281188
74.0	29.83718095189466	20.119858531529893	20.07182517281513	29.96892911859718	0.002206225163134302
75.0	29.77615603578805	20.164496063236175	20.11834665313863	29.93636873842844	0.004632509408709827
76.0	29.77516805934225	20.142219132674715	20.076758850430753	30.005095701712758	7.582558395247363E-4
77.0	29.780713574787477	20.170435944334187	20.070112599480268	29.97753541374115	0.0012024676569189162
78.0	29.776865079274128	20.130392705512616	20.089245993110154	30.001712986718214	0.0017832353848906744
79.0	29.820000997963366	20.147867832212654	20.105208727998548	29.924661985679208	0.002260456146226031
80.0	29.83998588013198	20.109346937186086	20.067937348648638	29.98214918574098	5.80648292319928E-4
81.0	29.76700777932777	20.158373082694357	20.113392018798297	29.943039009467093	0.018188109712480634
82.0	29.758850908086664	20.128152847145568	20.11951839806983	29.98910037306054	0.004377473637394598
83.0	29.80636827474069	20.15115259793032	20.060638567264476	29.977627005171687	0.004213554892822605
84.0	29.819308706574017	20.148015646300717	20.09283503053494	29.936261098069078	0.0035795185212541434
85.0	29.802294618390192	20.145148081112353	20.10050488756606	29.95064972075322	0.0014026921781765279
86.0	29.7611515224333	20.174496292010417	20.07331610004801	29.990453704176513	5.823813317626039E-4
87.0	29.789241243741465	20.140967347179032	20.10235360771922	29.967206855659395	2.309457008866101E-4
88.0	29.785900278387782	20.169858690133985	20.085078052808207	29.954870167041474	0.0042928116285549335
89.0	29.732268487744186	20.16075474878875	20.10692187504678	29.999496408339756	5.584800805316761E-4
90.0	29.765320764620633	20.154596182238894	20.07514240119687	30.00472512143893	2.1553050466737082E-4
91.0	29.727340217982167	20.15935877331514	20.126114805217693	29.986952702577135	2.335009078650381E-4
92.0	29.737061465121084	20.18893653906986	20.119416463299867	29.95428944711801	2.960853911816327E-4
93.0	29.754123044317595	20.205122636134	20.137407707020046	29.902628594422893	7.180181054669239E-4
94.0	29.759637830953718	20.154946501815093	20.1251651166833	29.959944990655995	3.05559891889407E-4
95.0	29.805913280197473	20.19323766920895	20.067320538420653	29.933257206351072	2.7130582185599104E-4
96.0	29.754731021885693	20.17440778837294	20.118552727928737	29.952134245075424	1.742167372094378E-4
97.0	29.740932703509344	20.206554265395635	20.046357427405194	30.00543522532434	7.203783654870061E-4
98.0	29.735807992951948	20.225030788090667	20.103876597462257	29.934030596285837	0.0012540252092927717
99.0	29.74763232539745	20.19410923585605	20.090142030859244	29.96783603446145	2.803734258118094E-4
100.0	29.713843970825582	20.182995419559617	20.117720965641293	29.983449388028973	0.0019902559445380426
101.0	29.7328128192897	20.185983319313056	20.1260184298582	29.95277213771037	0.002413293828673379
102.0	29.732155438889418	20.158033823679506	20.13106003905431	29.97833231483505	4.183835417158973E-4
103.0	29.755291871584046	20.149242456067466	20.152597984117058	29.94262786490448	2.398233269515014E-4
104.0	29.692224104574116	20.22898844191385	20.133688863939373	29.944918151107192	1.8043846547109477E-4
105.0	29.75477160827208	20.189629789699993	20.135427035800248	29.919958367522227	2.1319870545746046E-4
106.0	29.75535666835883	20.179773297597695	20.131151290712808	29.933272817965616	4.459253650479219E-4
107.0	29.731316268927436	20.172156762808374	20.144027353355945	29.95202191895726	4.776959509802989E-4
108.0	29.69083311078753	20.21000608183578	20.172867735016496	29.926098141726264	1.949306339339146E-4
109.0	29.7703613069569	20.1764832670011	20.1189192735072	29.934038541147174	1.976113876312384E-4
110.0	29.678445630945998	20.210203411412866	20.1623517629708	29.948618965406393	3.802292639364502E-4
111.0	29.73192480073618	20.171487334544803	20.13050618884638	29.965753449246428	3.2822662620753806E-4
112.0	29.71984389617611	20.15376804217959	20.073378290201614	30.05257752421012	4.32247232573114E-4
113.0	29.692177509813995	20.16155864830976	20.171070652148767	29.97483171292578	3.614768016995276E-4
114.0	29.699386272543272	20.233723007777495	20.134980205947024	29.931572687048362	3.378266838437373E-4
115.0	29.7322017188276	20.185672182664465	20.196373024137458	29.87550772061033	0.010245353760147782
116.0	29.675443242688505	20.255918433907038	20.176649002559543	29.89166998060436	3.19340240558377E-4
117.0	29.66419867707267	20.189552829110436	20.167391617661597	29.97555751817894	0.003299357976360257
118.0	29.64057831324491	20.237591487750002	20.161170898561995	29.95978264269802	8.766577450798687E-4
119.0	29.708584417530737	20.223289806468692	20.114082609108333	29.953798383407666	2.44783484576467E-4
120.0	29.680609863832736	20.21636796031722	20.175134098474317	29.927494143516633	3.9393385909807616E-4
121.0	29.69717049976184	20.24176703849123	20.196199274742682	29.864535774340727	3.274126635224279E-4
122.0	29.658645649627672	20.238687110966445	20.17095945379889	29.931477266966734	2.3051864026018724E-4
123.0	29.649476036409034	20.209918000801025	20.203016003526724	29.937307108086497	2.8285117671767964E-4
124.0	29.612970229457297	20.181430162410578	20.171881750034228	30.033328434339424	3.894237584767171E-4
125.0	29.618669236543994	20.2236525975618	20.1553612498887	30.001696969246623	6.199467588859431E-4
126.0	29.650730949105785	20.219253282429126	20.19127424475793	29.93831641584797	4.251078591902225E-4
127.0	29.711383054927165	20.20787084457045	20.174936453962307	29.897862444362506	0.007947202177563888
128.0	29.71781080038893	20.158262002336755	20.239412582132317	29.883346697677283	0.001167917464716262
129.0	29.649972525997065	20.1532371712112	20.293764801667134	29.901112260544267	0.0019132405803379275
130.0	29.627245123410223	20.102897265514358	20.36329652319578	29.9061242430063	4.368448733408003E-4
131.0	29.538225960856618	20.16342983264785	20.33400182598213	29.96327205360942	0.0010703269039852503
132.0	29.458038321504816	20.245584819624902	20.299326838037018	29.994670538656226	0.0023794821770441138
133.0	29.43465189744646	20.22916733181996	20.333597516570254	30.00228589151513	2.9736264819279974E-4
134.0	29.423605798949776	20.224206467252895	20.268348548696	30.083107002413307	7.321826880254688E-4
135.0	29.47269319985997	20.151786613802	20.313970467371497	30.058760876008066	0.002788842958470496
136.0	29.5816422444028	20.166491115350137	20.37412607864306	29.876631935769527	0.0011086258344733212
137.0	29.932557964285383	20.014644098116825	20.25817706264596	29.794119708007383	5.011669444498358E-4
138.0	30.020685430369582	19.991284923260626	20.356109435907673	29.630839696613688	0.001080513848433209
139.0	29.09677750537786	20.661710669968414	21.61515126923278	28.620573760592222	0.005786794828717661
140.0	26.812021874935454	21.768686918473023	21.540871386027273	29.860309668792617	0.018110151771629647
141.0	28.776174110125318	19.694494431869256	19.14343409441489	32.38542523680473	4.7212678581084577E-4
142.0	31.269103086076367	19.400341088613246	21.344552265295054	27.98529486885144	7.086911638982336E-4
143.0	30.943157683672062	19.163525793596044	21.668628617037992	28.215328034550087	0.009359871143813656
144.0	34.29317307356036	18.26579199937499	19.402931677295925	28.03370038749208	0.004402862276647254
145.0	27.32249558620243	20.266876159990048	19.045438731799944	33.364949328279216	2.4019372837052504E-4
146.0	27.652861780092124	20.630293846166595	18.894094074704938	32.82248925741898	2.6104161736213184E-4
147.0	27.69709668633086	19.917395055827093	19.32204397649556	33.06042128902505	0.0030429923214356676
148.0	30.275478378334743	19.63916973252135	20.16677067932995	29.91827287427837	3.0833553558550186E-4
149.0	33.581382262687924	19.198885008718232	18.966241717169055	28.25160246281398	0.0018885486108136925
150.0	24.58710589200178	24.634072739978187	24.972314610357945	25.758875248851282	0.047631508810809485
