# Position (bp)	A	C	G	T	N
0.0	26.86554420676125	22.41965991450554	27.617874491202926	23.08299709280364	0.01392429472664546
1.0	28.58544824376761	19.41906016781329	20.194227712336442	31.78091915604531	0.02034472003735019
2.0	29.517338807494376	20.101393995211385	18.635817896999214	31.744595982528928	8.533177660957347E-4
3.0	31.379407126114213	19.629052517386665	20.036701138573903	28.953310239117886	0.0015289788073372347
4.0	32.42545711248314	19.10695836374337	20.203867155237386	28.263689241479668	2.8127056439413927E-5
5.0	32.928136417568076	19.13900938465808	19.9529928061871	27.97820573522166	0.0016556563650756463
6.0	29.09662790817879	18.707560377774417	18.394334389536354	33.80135718502571	1.2013948473571969E-4
7.0	28.542022494247348	21.322163547648767	18.93128095113715	31.204453564445846	7.944252089014257E-5
8.0	28.49174224070311	20.883270000822854	19.164603605572943	31.4603423907656	4.176213548842286E-5
9.0	31.895757951945576	19.271359369233853	19.500086348797417	29.33276017754759	3.6152475568574154E-5
10.0	29.762220176881648	21.3096812789133	21.16856518704542	27.759463911631066	6.944552856630707E-5
11.0	28.88201913910698	21.293798002905117	20.26211983082774	29.562022781225306	4.0245934858734755E-5
12.0	29.814060197727578	20.16413578411228	19.858363671775304	30.163423705801133	1.6640583707301562E-5
13.0	29.992085322868967	20.067738971742152	19.824667092599977	30.11541022668408	9.83861048223298E-5
14.0	29.997411874965728	20.15702261209808	19.926111730562475	29.919247452448566	2.0632992515070393E-4
15.0	30.17903572461307	20.196817713428146	19.831176969549897	29.792580735083714	3.8885732517528193E-4
16.0	30.289240109804854	20.103616254098135	19.930759758252066	29.67525530812602	0.0011285697189226578
17.0	30.243190010810967	20.132454144759855	20.048968450529873	29.57534868999947	3.870389983674004E-5
18.0	30.33714899727994	19.986999947863858	20.119090611927195	29.55672314362104	3.7299307965217485E-5
19.0	30.18020556481183	20.076105102671303	19.922226391260995	29.821327515055245	1.3542620062512737E-4
20.0	30.002581161464043	20.274873304869452	19.895772559072633	29.82669417527758	7.879931629289363E-5
21.0	29.843073085664024	20.3288386587927	19.863094349993784	29.964895710572325	9.819497716372079E-5
22.0	29.818125831520568	20.18727263964734	19.847576453123775	30.146979413899132	4.566180918646693E-5
23.0	29.917955468193096	20.07567126327901	19.972698016871696	30.03360187634785	7.337530834761949E-5
24.0	29.940615140057158	20.12733428716212	20.005442824892057	29.92655095367595	5.67942127085113E-5
25.0	29.94786301514591	20.0928416496845	20.057392530875934	29.901854289428627	4.851486503088311E-5
26.0	29.961044633542837	20.087983507392227	20.0318231430524	29.919044687083062	1.0402892947435013E-4
27.0	29.901770128662246	20.13479521802689	20.020218200047196	29.943088755277625	1.2769798604591362E-4
28.0	29.918135547831653	20.12032084075969	20.061895242836254	29.89956780836226	8.056021014547506E-5
29.0	29.885959652714178	20.135772569917012	20.03248249083891	29.94573664215347	4.8644376432811426E-5
30.0	29.87599384480767	20.13967819611815	20.0413822642625	29.94284683075964	9.886405204203699E-5
31.0	29.880148209434555	20.10260103695933	20.001197577589608	30.015878785058092	1.743909584119697E-4
32.0	29.88748681516693	20.14082795369965	20.044804319590206	29.926788653706264	9.22578369467979E-5
33.0	29.943297341197773	20.11760581540938	20.041936071510197	29.897086543293806	7.422858884407895E-5
34.0	29.855665536293273	20.16531242498286	20.05123761271348	29.927703037217846	8.138879253594048E-5
35.0	29.828571661590125	20.166278323937107	20.03633906457879	29.968636587629238	1.7436226474364775E-4
36.0	29.873053245950832	20.102082603545938	20.07697394769443	29.947802829139675	8.737366912462422E-5
37.0	29.88968975761538	20.150370781699912	20.004452300773874	29.955347354729213	1.3980518162062903E-4
38.0	29.917333996515467	20.069656766877014	20.016177730471064	29.996542805101058	2.887010354022051E-4
39.0	29.898600152674515	20.124218766343105	19.997510972816066	29.97745196656194	0.0022181416043730293
40.0	29.845312929856956	20.151433152718532	20.05764443694601	29.945266962854873	3.42517623633193E-4
41.0	29.888081640523346	20.101615672413093	20.011615466031763	29.997966524321466	7.206967103285909E-4
42.0	29.83531606693102	20.182107507945798	20.02512049170977	29.957327477813255	1.284556001567672E-4
43.0	29.84354436946836	20.127747578400328	20.01883331740388	30.009741731073447	1.3300365398221306E-4
44.0	29.81543237306235	20.155561325187087	20.048223532075735	29.98069103654679	9.173312803459279E-5
45.0	29.832612776291832	20.14392947060944	20.06572882096261	29.957522097709017	2.0683442710203208E-4
46.0	29.87280421188803	20.09779972571161	20.079649156170547	29.949650452536975	9.645369283400168E-5
47.0	29.856432455543256	20.1449195105473	20.028900042697313	29.96965276201045	9.52292016826365E-5
48.0	29.852689459355137	20.128811930235027	20.015853638097887	30.00253651846941	1.0845384254350117E-4
49.0	29.876825442244552	20.13273166299182	20.036614241885324	29.95371416181549	1.1449106280589856E-4
50.0	29.870304209852165	20.154067566541382	20.019567432416	29.955967830126674	9.296106378134116E-5
51.0	29.88063945372344	20.134630848684168	20.019173530027544	29.965464436546807	9.173101803855525E-5
52.0	29.84754517483778	20.129651559682063	20.07212749490345	29.95051231676974	1.634538069617545E-4
53.0	29.866567893189018	20.152586241107525	19.98560174312057	29.99510516021257	1.3896237032123024E-4
54.0	29.833942074794727	20.12479841510925	20.031051130250145	30.009508904562317	6.994752835569418E-4
55.0	29.810020579650974	20.106553671692957	20.057286097608973	30.02570120700848	4.3844403861397244E-4
56.0	29.843604516940086	20.107544661617215	20.031076991897258	30.017585056898877	1.8877264656035444E-4
57.0	29.855136900978934	20.091564972325067	20.07115109938345	29.98200805685654	1.3897045600464432E-4
58.0	29.852401979328203	20.090330377680303	20.025821810765894	30.030489567702613	9.56264522989459E-4
59.0	29.879244279791735	20.082667794854267	20.031360686135294	30.00578932898052	9.379102381850549E-4
60.0	29.893430146034255	20.072648266823773	20.040448425039582	29.99333011791862	1.4304418377059135E-4
61.0	29.87374517788081	20.106876636376604	20.041590010055625	29.977435614160907	3.525615260571875E-4
62.0	29.883862488377556	20.067970566702964	20.024804430493393	30.023253198948975	1.093154771143631E-4
63.0	29.904585211941125	20.10296982804519	19.9952116134048	29.997116249118783	1.1709749010087095E-4
64.0	29.891450203393727	20.057149025123632	20.02760859404404	30.023674786281873	1.1739115672550192E-4
65.0	29.85215022368029	20.07798797530213	20.020274543795605	30.049486159127675	1.0109809430394023E-4
66.0	29.84329162047074	20.088424162081644	20.028429908397978	30.039730250827418	1.2405822221814075E-4
67.0	29.841952550936096	20.079616548851682	20.051713758326883	30.026618540092144	9.860179319951624E-5
68.0	29.83225635104172	20.152378759062675	19.99333746978094	30.021914856818725	1.1256329593848811E-4
69.0	29.847490708879608	20.118577259566283	20.010704878778853	30.023115815203177	1.1133757207163196E-4
70.0	29.857578926629376	20.079137482917805	19.97834681310029	30.084817491214	1.1928613852708444E-4
71.0	29.808912188684488	20.12408708899309	20.009160795921627	30.05772951471873	1.1041168207121766E-4
72.0	29.852981841431774	20.07852436117743	20.048925371209133	30.01942233806617	1.4608811549191267E-4
73.0	29.82848100259467	20.119062250066662	20.02983480878522	30.022490848735472	1.3108981797777794E-4
74.0	29.856985717287536	20.08473001327817	20.018049152502655	30.040112922823514	1.2219410812492598E-4
75.0	29.83419021860192	20.103243506193337	20.04602112988482	30.016421048974003	1.2409634592104617E-4
76.0	29.81919990674107	20.103800651502745	20.021547305878208	30.055307468798848	1.446670791285834E-4
77.0	29.836891874273054	20.11705258384163	20.019526963223548	30.026332026762383	1.9655189938863935E-4
78.0	29.82911562642937	20.105561557740735	20.028637565012858	30.036558530389723	1.2672042731254495E-4
79.0	29.85195908121605	20.115507418582546	20.03114561756839	30.001226282009906	1.6160062310689968E-4
80.0	29.86689536961346	20.071651256077892	19.99984327654736	30.0614417301967	1.6836756458347684E-4
81.0	29.80518414598533	20.12616100572193	20.035076703147777	30.033456644706696	1.2150043826154838E-4
82.0	29.78368114139161	20.101083714855164	20.048879906426873	30.066196986421694	1.5825090465712156E-4
83.0	29.83136936159646	20.13132591084281	19.98405461785448	30.053094554293903	1.5555541234581085E-4
84.0	29.835621108366983	20.121699770944694	20.012692375836014	30.029833912892816	1.5283195949341747E-4
85.0	29.827426021086474	20.101289971945636	20.015238828728492	30.055906257299338	1.389209400610754E-4
86.0	29.81055006567136	20.104881020690186	20.007130747269063	30.07731484137507	1.2332499432144458E-4
87.0	29.810111478429995	20.098784923909246	20.01506706240397	30.075883920806596	1.526144501947963E-4
88.0	29.82796606706116	20.11795495539282	20.003002883567532	30.05094395034184	1.3214363665218414E-4
89.0	29.78466210109782	20.124316893891976	20.01971511557769	30.070977746008033	3.281434244753581E-4
90.0	29.792832255776602	20.136608865360685	19.98028470434646	30.090097412443257	1.7676207299553593E-4
91.0	29.775795917522093	20.13327663717676	20.018348654000675	30.072256691019238	3.221002812374683E-4
92.0	29.80378007241344	20.142141693281427	20.01221258834749	30.04132214611538	5.434998422626359E-4
93.0	29.785313363983313	20.16508212449832	20.013565181726506	30.03588541072925	1.5391906261063957E-4
94.0	29.797099334891165	20.13181585407989	19.997727822736657	30.07315655038475	2.004379075399648E-4
95.0	29.83405786226095	20.167531296537295	19.969565630807683	30.02864244428185	2.027661122238886E-4
96.0	29.801066332210457	20.149365763862807	19.97971967262707	30.0696133789496	2.3485235006409899E-4
97.0	29.792157605876213	20.186060611984523	19.940178966908437	30.08143520561626	1.6760961457206618E-4
98.0	29.772577367952856	20.18020276058092	19.98844380100855	30.05862618460824	1.4988584943516765E-4
99.0	29.77513525383318	20.182346073170553	19.979778876161745	30.06256766660681	1.7213022771408635E-4
100.0	29.75954638359172	20.154226116934986	20.000608512761435	30.085456291734303	1.6269497756075648E-4
101.0	29.758725194710898	20.186641764534944	19.99060783680562	30.063897277427376	1.2792652116079718E-4
102.0	29.7650515463395	20.1676014179995	19.99550771974456	30.071553796787757	2.855191286834713E-4
103.0	29.76985998202837	20.189077778375704	19.999808014971304	30.04082005353499	4.341710896291773E-4
104.0	29.728487630578798	20.210735165895795	19.991866749116024	30.0686738049342	2.3664947518892845E-4
105.0	29.76739618023645	20.17567919654355	20.01144712987622	30.045267294344804	2.1019899898109878E-4
106.0	29.779543025248596	20.162985237234714	19.98671261935831	30.070455534013085	3.0358414529228463E-4
107.0	29.74385922309459	20.15584265722578	20.013877872313866	30.085934850596423	4.8539676934368953E-4
108.0	29.720823866463746	20.180788179203606	20.03430971648704	30.063881297820256	1.9694002535309145E-4
109.0	29.762034139470888	20.17341593074614	19.991526060502707	30.07197819631402	0.0010456729662480177
110.0	29.71110536848851	20.184382865310074	20.026574667879753	30.077642907382863	2.941909387972308E-4
111.0	29.760333258759648	20.169216100045855	19.972089215389843	30.097706095387238	6.553304174217093E-4
112.0	29.75420435078994	20.16079229779169	19.956765308422852	30.128048583347937	1.8945964757733827E-4
113.0	29.72611411256211	20.154888304128832	20.042645042317453	30.075912233201656	4.403077899395095E-4
114.0	29.741400916587956	20.21243055824336	19.985337251957226	30.0606279382673	2.0333494415865472E-4
115.0	29.777907428049126	20.163828071430117	20.055940383285815	30.002047140696625	2.769765383117144E-4
116.0	29.721514078820604	20.206750914868906	20.028263301906037	30.043247084048964	2.2462035549950584E-4
117.0	29.694906962364065	20.183450177422092	20.03233272952223	30.08909534047346	2.14790218152759E-4
118.0	29.703944211838774	20.184098142052086	20.041348053543366	30.070415443241288	1.9414932448798597E-4
119.0	29.74120813181064	20.19654252225478	19.991201555635158	30.070845585315453	2.0220498396649882E-4
120.0	29.693118843481166	20.212718152935544	20.029600252426338	30.064365089727406	1.976614295454875E-4
121.0	29.704149061045694	20.2279495289745	20.031912351149163	30.035768647021232	2.2041180940972623E-4
122.0	29.651334461777758	20.248884212452538	20.03393933848758	30.065629717736403	2.1226954572487304E-4
123.0	29.67055960317336	20.19630843187127	20.06024616655496	30.072587988702498	2.9780969791176945E-4
124.0	29.65726194236793	20.19550312524845	20.021442885901074	30.125583361088797	2.0868539374917068E-4
125.0	29.643503825303842	20.214424273572952	20.03522319027795	30.106618670943725	2.3003990153401739E-4
126.0	29.648375871416675	20.226458322961793	20.058249734918824	30.0667166389267	1.9943177600165868E-4
127.0	29.767606695399046	20.154461960811485	20.035714787311438	30.042006821988785	2.0973448924502136E-4
128.0	29.855915792993244	20.065239685294845	20.117246942035592	29.961366118498223	2.3146117809863146E-4
129.0	29.699304044081465	20.10439480595706	20.213910174404507	29.982090322146348	3.00653410624581E-4
130.0	29.574119216895014	20.131605867348274	20.164661752091128	30.129341388151403	2.71775514185494E-4
131.0	29.514222791805867	20.189344324455355	19.983493832775583	30.312690723022083	2.483279411149504E-4
132.0	29.30682516005628	20.35221963619489	19.918915517755103	30.42180735443439	2.3233155933147036E-4
133.0	29.32905959282396	20.286219221224247	20.067609696773548	30.316870221746772	2.4126743147541714E-4
134.0	29.41394128780753	20.192733133318452	20.015656527737963	30.37707719161844	5.918595176220738E-4
135.0	29.504802088172	20.109772272012773	20.11633931690754	30.268661006274574	4.253166331131513E-4
136.0	29.58658524799788	20.1714965104407	20.128433454709025	30.11307083219365	4.139546587418611E-4
137.0	29.77214268535157	20.137087275523342	20.047474491502797	30.043041010693926	2.5453692836555384E-4
138.0	29.830548553705295	20.14849269541443	20.169748121317816	29.85093280679834	2.7782276411861056E-4
139.0	29.28269834123767	20.55867458730588	21.144716706712412	29.013686760746715	2.2360399732074498E-4
140.0	27.711433243583805	21.304773086870927	21.134987413241344	29.84853511980819	2.71136495735525E-4
141.0	29.097224248792337	19.795481642804695	19.398775995662543	31.708281660847792	2.3645189262966112E-4
142.0	30.91741613682147	19.575664253639165	20.78930768113873	28.717402471268787	2.0945713185265442E-4
143.0	30.881402950428775	19.253585772562047	21.14172947263369	28.723128332526105	1.5347184938510071E-4
144.0	33.01333485221015	18.894564831299114	18.759946280158612	29.331905051377944	2.4898495418903193E-4
145.0	27.876857113761318	20.31256425537931	19.14663803845568	32.66243314696918	0.0015074454345130708
146.0	28.13847136729794	20.430994893510647	19.147927075040077	32.282427275371454	1.79388779874281E-4
147.0	28.763710974646457	20.314452864639936	19.68558789993197	31.23454413357466	0.0017041272069813153
148.0	31.260668051267782	18.993999854873437	19.933421284207512	29.81115088497145	7.599246798219296E-4
149.0	31.208024650038883	20.60053515937327	19.50326259853736	28.67450888831222	0.013668703738262608
150.0	22.81673906686249	27.738943236579956	22.155374529232734	27.276241995728036	0.012701171596785708
