# Position (bp)	A	C	G	T	N
0.0	25.393534597071042	30.79243457531496	27.528013309466548	16.282953280557937	0.0030642375895165116
1.0	27.121232669270412	17.265303193369547	19.070039752045922	36.53683133413307	0.0065930511810556635
2.0	30.221506793258516	20.607245385895983	17.905582256958223	31.260820531412243	0.004845032475038955
3.0	33.82952022091738	19.27301848128559	19.503908976177	27.390400636325264	0.003151685294768262
4.0	34.618690511406875	18.107114343445307	20.905281000821585	26.366358058645062	0.002556085681171765
5.0	35.33340633192105	18.43451781391208	19.852485945318957	26.378186844594836	0.001403064253082179
6.0	27.347391721621563	18.21968690660233	16.874173470878237	37.55603242493964	0.0027154759582346073
7.0	26.440235308036726	23.11700486842863	17.331656852371083	33.108791574292404	0.002311396871152161
8.0	26.359996281636665	21.882215948843147	18.123889995156343	33.63166675636403	0.002231017999814082
9.0	33.436324720856156	18.709097267322775	19.29620096890246	28.554583789688742	0.0037932532298622494
10.0	28.950334818921153	23.028180584390253	22.55712688501089	25.46261900152323	0.0017387101544775597
11.0	27.452687103838453	22.78663039709094	20.625490076631582	29.132000090595838	0.003192331843187974
12.0	29.307613765474887	20.530652685826738	19.88917254066511	30.27123408361478	0.0013269244184826914
13.0	29.696164840237593	20.34324944130597	19.889507395589696	30.06960589423906	0.0014724286276789668
14.0	29.632996971309154	20.59851850754551	20.20830789283052	29.554085526284375	0.0060911020304420605
15.0	29.978883836555305	20.60497871581505	19.974123714282403	29.44102995526342	9.837780838204252E-4
16.0	30.09934794543861	20.47419972577354	20.161116564939224	29.26302831262128	0.0023074512273449908
17.0	30.101419819076348	20.49645738620743	20.293442575887262	29.10705501038625	0.0016252084427145653
18.0	30.15765392208697	20.292126448046872	20.48409525676339	29.050666866411245	0.015457506691524492
19.0	29.934548140435375	20.406042485025594	20.16929716482237	29.488799496929563	0.001312712787096364
20.0	29.678839241548594	20.66611242672626	20.10378536548003	29.550077114390866	0.0011858518542494758
21.0	29.512337465093875	20.758127304037423	20.06637920999101	29.66116402268585	0.001991998191848666
22.0	29.52520983995569	20.485854563420403	20.017263966356442	29.97053507610153	0.0011365541659372968
23.0	29.652562071274474	20.33405083986138	20.262866682172447	29.749092838999985	0.0014275676917153003
24.0	29.716522212408876	20.372113443153715	20.2919389271741	29.61767784970744	0.0017475675558646377
25.0	29.743623740768516	20.345257477932087	20.3329303896117	29.57720804844332	9.80343244377052E-4
26.0	29.729852475216106	20.38447799501144	20.248453702588616	29.63533320517271	0.0018826220111313422
27.0	29.618359553051683	20.434624503996073	20.258887418241457	29.687051573542085	0.0010769511687054678
28.0	29.615840274887184	20.464571520420733	20.277129923130804	29.641216625273277	0.0012416562880045042
29.0	29.597182407660743	20.431239669052776	20.210351493946018	29.757346944377012	0.0038794849634557365
30.0	29.596483262170615	20.388089718718557	20.256736335318422	29.757533171009186	0.001157512783221006
31.0	29.61969471429083	20.3259728932138	20.191905190536026	29.861412646107016	0.0010145558523239817
32.0	29.63575535306425	20.315477474595234	20.367096614181666	29.6799877507273	0.001682807431551563
33.0	29.772590828151934	20.265453969523733	20.259507323304632	29.698807275476323	0.0036406035433768588
34.0	29.58214842200963	20.389332997901683	20.310484906412306	29.716153760372865	0.0018799133035165303
35.0	29.533918455725583	20.419829463720752	20.27398334293133	29.771073925122977	0.0011948124993581585
36.0	29.616472741265433	20.331484235709617	20.3081228330268	29.74038328552073	0.0035369044774238496
37.0	29.60977512928389	20.343620545266134	20.212341175271924	29.83329895703128	9.641931467735562E-4
38.0	29.661702296584707	20.218816490661535	20.22076146407225	29.896844594829126	0.001875153852383899
39.0	29.698276638634603	20.3049562903991	20.196518045349084	29.79912800997704	0.001121015640169994
40.0	29.580717732936932	20.2941191833822	20.3401864307145	29.7836707780965	0.0013058748698645465
41.0	29.60441255110592	20.25239206760298	20.23246993330521	29.909414781255773	0.001310666730116379
42.0	29.55819102263134	20.41879693358951	20.28270811883929	29.73863418561551	0.0016697393243445362
43.0	29.616153412277214	20.243303921268886	20.222968835210946	29.91360229345642	0.0039715377865411185
44.0	29.630701352981625	20.312241273974088	20.271365110905016	29.783999709615085	0.001692552524187187
45.0	29.66081604125287	20.262524756346775	20.312866585349976	29.75965717603426	0.004135441016122897
46.0	29.623864126515485	20.246175678065818	20.399285242048872	29.7293800275367	0.001294925833122908
47.0	29.594913766166652	20.349620272287822	20.252154968697592	29.8015051243325	0.0018058685154357385
48.0	29.57733372737752	20.27162521258283	20.253719137407987	29.891695187203453	0.0056267354282059645
49.0	29.655725567877766	20.261350842754684	20.3234186498566	29.758047948733907	0.00145699077704024
50.0	29.628230483302463	20.273334113820052	20.22497878051738	29.8720977392366	0.001358883123507842
51.0	29.666941968096534	20.196100295397805	20.296046684066724	29.835734713578365	0.0051763388605712704
52.0	29.614401212216716	20.264411923323454	20.335249730165547	29.784935110522692	0.0010020237715900524
53.0	29.644355135401813	20.2474370037824	20.22987918696182	29.8770465399763	0.0012821338776645072
54.0	29.622152935243477	20.21603214857142	20.31155932005265	29.848147674595253	0.0021079215371985873
55.0	29.566339978913064	20.317549225671293	20.25387763415536	29.860072263833164	0.00216089742711999
56.0	29.58971114602555	20.250674444117756	20.278657357662595	29.87980677491815	0.0011502772759499058
57.0	29.606795377409245	20.229804746792595	20.37665554281792	29.785047822680312	0.0016965102999246513
58.0	29.60711303469843	20.29554663082098	20.27271585832843	29.822734583472	0.0018898926801632521
59.0	29.62178437448887	20.29296277459596	20.305071561950587	29.779242284715263	9.390042493217878E-4
60.0	29.644610026495982	20.324713823741178	20.274799902477397	29.753362438627118	0.0025138086583254326
61.0	29.647197426794165	20.29552971488955	20.256954143524084	29.799435726034197	8.829887580078802E-4
62.0	29.596533009401828	20.25758459691484	20.254776391360405	29.890118135546867	9.878667760645874E-4
63.0	29.687932047053383	20.18399922929922	20.242862282669694	29.88230403364292	0.002902407334785207
64.0	29.604692040757946	20.185861902800863	20.293049332489634	29.915723083459117	6.736404924401818E-4
65.0	29.614735263849468	20.252188725649937	20.295257844865553	29.836440134545533	0.001378031089510913
66.0	29.522184765831895	20.278278501269554	20.280813058767635	29.877386518881888	0.04133715524903448
67.0	29.57200490640377	20.232247882040447	20.32319362281878	29.86939702127538	0.0031565674616222585
68.0	29.554143602089532	20.23985050229438	20.281639792888086	29.922259950103747	0.002106152624248906
69.0	29.600987141307535	20.248316730386335	20.291768277567233	29.858151723396553	7.761273423407351E-4
70.0	29.610628373818965	20.181102485258002	20.273446255995406	29.934111471690066	7.11413237557674E-4
71.0	29.498847017811595	20.25321806916907	20.314798133292655	29.91133010942204	0.021806670304634606
72.0	29.594248087528364	20.18018834055689	20.329113510920944	29.89572873056724	7.21330426568799E-4
73.0	29.55499474172514	20.185819774520123	20.339440730148002	29.913574663274467	0.006170090332266512
74.0	29.627185648301648	20.138762139857253	20.311404820867168	29.922443392532482	2.039984414519073E-4
75.0	29.602485149528945	20.179021895005118	20.36238015295293	29.855447716172108	6.650863409041522E-4
76.0	29.550382400438767	20.221237697675125	20.310015539778785	29.917864651573783	4.99710533532405E-4
77.0	29.587865287539632	20.235681072470516	20.32576623686181	29.850392525339526	2.9487778851487875E-4
78.0	29.56319278076433	20.200514226083303	20.365699413012152	29.87037057456272	2.2300557749338509E-4
79.0	29.589004021081404	20.21707666969342	20.336755727894953	29.856913677262142	2.499040680758674E-4
80.0	29.6531666366455	20.1571957968011	20.319121030603817	29.870100567343368	4.1596860621903316E-4
81.0	29.553751237594007	20.189494517186642	20.37823595134422	29.8480642267879	0.03045406708723131
82.0	29.496185060547393	20.19015440929396	20.383690859386324	29.918131243983687	0.01183842678863927
83.0	29.614634072981605	20.174732374689437	20.26488721699236	29.945474081714462	2.722536221399757E-4
84.0	29.594329946443267	20.16591772431153	20.334773435881832	29.904677762761985	3.011306013892333E-4
85.0	29.5915047418218	20.14964122555984	20.35785392919313	29.900643008653066	3.5709477215898705E-4
86.0	29.578305363791134	20.184628377926913	20.334044264840696	29.902834906202475	1.8708723877944284E-4
87.0	29.587024960769142	20.150314711464056	20.381228304146152	29.881067273898402	3.6474972224984114E-4
88.0	29.596900378983715	20.209427945626867	20.337759249381392	29.84874117167368	0.007171254334340268
89.0	29.516005099701037	20.246108797398804	20.320031525625556	29.91775785594795	9.672132665182409E-5
90.0	29.577464788732392	20.21111940064785	20.29302362778961	29.918056624371385	3.3555845875762836E-4
91.0	29.489125702766	20.20396702243473	20.39211667939491	29.914592453746657	1.9814165769839784E-4
92.0	29.540218995750884	20.180106297457165	20.383511295985947	29.89576210443912	4.013063668831667E-4
93.0	29.542783292676393	20.1448230170794	20.428025309762035	29.884063471579513	3.049089026575424E-4
94.0	29.558478341224305	20.14640480097564	20.397539594158403	29.897371258655152	2.060049864978446E-4
95.0	29.60871192092897	20.155813417773793	20.32958097654772	29.90564005304185	2.5363170766349696E-4
96.0	29.522551396240576	20.157752335642495	20.450392375833403	29.869167703216785	1.3618906674172198E-4
97.0	29.531334212663896	20.17269786089277	20.35700411360869	29.938472452334192	4.913605004506698E-4
98.0	29.46735533138079	20.164364110967288	20.428794649155613	29.93763074789942	0.0018551605968877888
99.0	29.48427313603418	20.182857584461257	20.410344784446178	29.922413641567267	1.1085349111691385E-4
100.0	29.46231100536767	20.129114375945306	20.412313588685294	29.993202896985498	0.0030581330162317657
101.0	29.54687949294573	20.16829689933658	20.39228034492076	29.892101384013447	4.4187878348479683E-4
102.0	29.45065016288207	20.154666366500976	20.432608251137445	29.96160898578853	4.662336909789775E-4
103.0	29.519305041561466	20.09493660155585	20.44653229465272	29.9390565204742	1.6954175576085933E-4
104.0	29.441838056874587	20.11698773342399	20.52996182576456	29.911005093640803	2.072902960675476E-4
105.0	29.548761967460024	20.053765400886686	20.497847746064153	29.89941354360452	2.1134198461747364E-4
106.0	29.520268352192492	20.006486016436032	20.52694841011747	29.945991785576968	3.0543567704309515E-4
107.0	29.44904070382746	20.04980541150084	20.54250371146977	29.9582283110584	4.218621435219033E-4
108.0	29.445959298877355	20.114372706910054	20.520357026339603	29.919048619362858	2.6234851013218056E-4
109.0	29.530662248775048	20.05802506678286	20.518247659078874	29.892777601810693	2.874235525206183E-4
110.0	29.444855404088816	20.047690058158416	20.551242004590545	29.955957590010623	2.549431515993957E-4
111.0	29.477361562470872	20.039670102893954	20.53256299482155	29.95002362607161	3.817137420161557E-4
112.0	29.45274992785329	20.01692795689777	20.501366616330476	30.028667118051384	2.883808670829925E-4
113.0	29.44526773124733	19.972273006649278	20.57007155018926	30.01219742448073	1.9028743339675542E-4
114.0	29.468652872196838	20.007781629488857	20.55638433602736	29.966638055817874	5.431064690714987E-4
115.0	29.482500682305414	20.014381500481804	20.52137745001289	29.963925546118148	0.017814821081750806
116.0	29.399371806032338	20.029402571240354	20.59929317820757	29.971541146796955	3.912977227853585E-4
117.0	29.4818138272545	19.949911296804167	20.68586061089134	29.875649370532496	0.006764894517492118
118.0	29.466045764005532	19.98975780140671	20.638667240033765	29.90518615440972	3.4304014427288354E-4
119.0	29.49436714348242	19.992680619278406	20.574556180175378	29.93821864825129	1.7740881250397585E-4
120.0	29.408357357174502	19.967880141854398	20.62591992239582	29.99768510255888	1.5747601640270188E-4
121.0	29.264910791810518	20.047738937084176	20.709950550653712	29.97715459811376	2.4512233783523203E-4
122.0	29.33805032114306	20.081004214427583	20.560064440961913	30.02065451745016	2.2650601727391514E-4
123.0	29.370215275729873	19.982984370392217	20.635594219994104	30.010704806841638	5.013270421704512E-4
124.0	29.27347855121198	20.01832490311847	20.63562044667567	30.072360584340274	2.155146536109942E-4
125.0	29.34910807971436	19.910258686038453	20.680063646230565	30.060440723407254	1.288646093646556E-4
126.0	29.396510218875438	19.931675809016845	20.798407121295725	29.873136367078885	2.704837331082909E-4
127.0	29.477739546268015	19.860694010440298	20.814227957779032	29.835844122198964	0.011494363313693275
128.0	29.474506974506976	19.928676647426645	20.807366822991824	29.789261664261662	1.878908128908129E-4
129.0	29.424555968566896	19.896868834279367	20.853320803626712	29.824935841663798	3.185518632297575E-4
130.0	29.357438143488885	19.86578773951718	20.899395896503574	29.87708157198282	2.966485075401694E-4
131.0	29.219890810726053	19.952080709607923	20.869770921864003	29.95794033155581	3.1722624621197874E-4
132.0	29.274932996843212	19.933774221172072	20.712468118974407	30.072537405526646	0.006287257483664097
133.0	29.56925529114971	19.733547685090684	20.48947519157952	30.207616344110523	1.0548806956305259E-4
134.0	29.760559061772113	19.72616419908407	20.701116754422753	29.811872354158357	2.8763056270317505E-4
135.0	29.327668744357883	19.893545229983072	20.57129544870407	30.207237354381196	2.5322257377956216E-4
136.0	28.74509003364823	20.285517183122387	20.330287628996608	30.63861239775303	4.927564797477087E-4
137.0	27.693927471137698	20.721035940719513	20.578856710788244	31.005386466473233	7.934108813128729E-4
138.0	28.00140475122529	20.854187004777426	21.065354595055894	30.078598742456514	4.5490648487390447E-4
139.0	28.037961251710314	21.101149310062034	21.95921266341969	28.90071697239928	9.598024086774669E-4
140.0	27.587568063343898	21.7013223735386	22.554137851410676	28.136202797482447	0.020768914224384254
141.0	27.361118128022138	22.024390601648967	22.076216148384038	28.538112148527457	1.6297341740588694E-4
142.0	25.268243903949877	22.85969018658714	25.133292331653443	26.738331113638075	4.4246417146371573E-4
143.0	31.32856280713855	18.947840331063023	22.10466419518924	27.615828950771622	0.0031037158375722042
144.0	33.47674771030528	18.909098510000106	19.365818141280002	28.245200263371505	0.003135375043111407
145.0	27.405073318429068	20.391148978118895	19.568010984561763	32.63576671889028	0.0
146.0	27.46913360358499	20.852361377286037	19.28677785456281	32.391727164566156	0.0
147.0	28.025817425681204	20.365999127887072	19.941835112996284	31.664906824463852	0.001441508971591462
148.0	30.165830043344016	19.40492204274617	20.587860030548597	29.84138788336122	0.0
149.0	33.06368990145423	20.131124099857747	18.880691073389695	27.92338932580543	0.0011055994928983659
150.0	21.223362486799708	25.394461486091824	26.31625773159986	27.049671781739693	0.016246513768920418
