# Position (bp)	A	C	G	T	N
0.0	25.95810611381106	24.622243941962953	24.511526596460385	24.848843311543504	0.05928003622209396
1.0	28.703436283107408	18.005852698021886	18.343160591566214	34.9418943388167	0.005656088487789879
2.0	29.91293960725523	19.963754325373124	19.215169262968455	30.903319015673592	0.004817788729601823
3.0	33.41529685317882	19.306747388405544	19.265272023535278	28.008827520925923	0.0038562139544389487
4.0	33.027801570776276	18.996314713898403	19.993309648658098	27.981539476253523	0.0010345904136960758
5.0	33.86759106356656	18.851588119510634	19.538526784644255	27.740132218255177	0.0021618140233777214
6.0	27.643352717995164	19.244012050272666	17.46499420955246	35.64231494070527	0.0053260814744384875
7.0	28.130829493082654	21.49427530674316	18.72960348191401	31.621751560187395	0.023540158072782338
8.0	27.81514990313463	21.160031251559598	18.867496407247437	32.15662947917281	6.929588855264531E-4
9.0	32.926918172189076	18.682095489516122	19.211770392860945	29.17676347627817	0.002452469155684991
10.0	30.04313008748307	21.520030832833996	21.464046890139134	26.960432305093327	0.012359884450472742
11.0	28.70682701438273	21.528651267872178	20.067525400226966	29.680919178087546	0.016077139430583157
12.0	29.753870105775697	20.021627864782793	19.398055888667606	30.82440310850541	0.002043032268492897
13.0	29.9413575721258	19.96057472592844	19.376646410852825	30.720034644611605	0.0013866464813333272
14.0	29.9518561886373	20.085438139051362	19.636048817556354	30.322318826864485	0.004338027890500196
15.0	30.13833535913517	20.086541703905585	19.60921354299647	30.165259970294517	6.494236682597077E-4
16.0	30.16269095774383	20.007866424055084	19.67297712926116	30.15293907575233	0.0035264131875927976
17.0	30.147802183587995	20.01629147951072	19.719996191647997	30.11388393833891	0.0020262069143808367
18.0	30.096324014676284	20.017613264150906	19.732845867791365	30.148305672597136	0.004911180784301822
19.0	30.07896440458517	20.020260102088542	19.63939991063298	30.26067652019966	6.990624936448864E-4
20.0	30.015965259098376	20.071660782060274	19.648406133817577	30.263416256427213	5.515685965621685E-4
21.0	30.004571561312126	20.061342491564655	19.689863297568806	30.24265925348989	0.0015633960645266495
22.0	30.008370510727765	19.944288570338294	19.694643314686072	30.352029069929205	6.685343186595252E-4
23.0	30.034493260102117	19.8927686240933	19.738728176234165	30.331059884989074	0.002950054581337969
24.0	30.052853755702706	19.935655833288575	19.75072577641758	30.258229396426334	0.0025352381648099443
25.0	30.092379448500058	19.904334079502682	19.810562692483174	30.187573072316642	0.005150707197444964
26.0	30.09472847481394	19.9343910465243	19.75852588500393	30.21125476686091	0.0010998267969192493
27.0	30.035106826191377	19.984618762748386	19.75014933708928	30.229098370302893	0.0010267036680652016
28.0	30.02127781685861	19.98486726839824	19.801371206028033	30.190871060594056	0.0016126481210579824
29.0	30.001214970330164	19.985095071428336	19.76220689738369	30.249768674531996	0.0017143863258105223
30.0	29.970943868581802	19.96413840457204	19.772646318016125	30.291254566611407	0.0010168422186266203
31.0	30.023965099832274	19.958148706726917	19.753561106025412	30.263260701502837	0.001064385912560192
32.0	29.999029452578885	20.010758302063905	19.778058391221535	30.210916935119386	0.00123691901628988
33.0	30.074748179019277	19.976900434200047	19.791942562536246	30.153366831510763	0.0030419927336619336
34.0	29.95078092158189	20.06210365392023	19.775702620072067	30.2095337281114	0.001879076314413882
35.0	29.93366764733654	20.050634796842036	19.74566880724136	30.267390779470865	0.002637969109199551
36.0	29.98722213344899	20.006720387152736	19.767434428287718	30.236784075604355	0.0018389755061976396
37.0	30.021041344273737	20.010281794761685	19.708366419222653	30.259975464273282	3.349774686466581E-4
38.0	30.04590168385675	19.925730251768062	19.755622770515522	30.27185732987211	8.879639875563955E-4
39.0	30.029557828262053	20.015200401715184	19.742958408112745	30.21156617099457	7.171909154493331E-4
40.0	29.95745279645994	20.017106105929784	19.80863914938477	30.214355901527284	0.0024460466982203616
41.0	30.005558173741225	19.95791573436142	19.738256648986585	30.297680074002564	5.893689082072152E-4
42.0	29.942727513171807	20.046777935762456	19.790230472120342	30.218206469092042	0.002057609853354646
43.0	29.96037033333691	19.957157127156044	19.782610301916254	30.297242735671908	0.002619501918882621
44.0	29.936941829159785	19.98498745235868	19.831611161506697	30.24579339122264	6.661657521991052E-4
45.0	29.92785655433182	19.991343465346702	19.84318949868243	30.23380233743593	0.003808144203119624
46.0	30.001211761907232	19.921203139949302	19.87307097756588	30.203844969316147	6.691512614370428E-4
47.0	30.02424502270949	19.984965564319356	19.770110566947835	30.21978335927466	8.95486748660156E-4
48.0	30.010695897726343	19.92074756473925	19.764272246397848	30.298532516222004	0.005751774914551027
49.0	30.00934002783562	19.929189337535654	19.83108892828357	30.22160825416019	0.00877345218496794
50.0	30.013515653147394	19.955504528789042	19.82144606394808	30.208556437077917	9.773170375716894E-4
51.0	30.034496897612843	19.900471563755097	19.82398934562969	30.237278881327427	0.0037633116749388293
52.0	30.02729678602248	19.929190087552467	19.88343069430913	30.159540295145433	5.421369704885655E-4
53.0	30.065270578040078	19.909206785489342	19.776459057034387	30.246595577443024	0.002468001993172849
54.0	29.98689583060286	19.91800806571252	19.833004908727144	30.261203861090515	8.873338669650037E-4
55.0	29.948578079549836	19.952031967284974	19.833805229749586	30.26300175298357	0.002582970432033018
56.0	29.985628489400227	19.94776615722499	19.835191141894594	30.230558935257257	8.552762229364151E-4
57.0	30.022757157170517	19.9415235127086	19.86394800479096	30.165252842439216	0.006518482890708401
58.0	30.029806369626556	19.952053105413516	19.804758310357034	30.210240715182145	0.0031414994207548024
59.0	30.040729280296873	19.929055628261327	19.823846286706335	30.205621040002757	7.477647327093764E-4
60.0	30.042379795720294	19.908127596705576	19.813542497080626	30.231969145570964	0.003980964922541742
61.0	30.037698201612923	19.940756235043246	19.850668926964733	30.169687888938462	0.0011887474406354728
62.0	30.056615358846113	19.932268732585975	19.82690579230135	30.18212994624216	0.002080170024404547
63.0	30.083035745403308	19.948811167855773	19.7807430943834	30.184403254775926	0.0030067375815903334
64.0	30.051693582769406	19.903057550216264	19.82137198650235	30.222303905187054	0.0015729753249290452
65.0	29.98153651210699	19.906857003476365	19.852496434925808	30.25089550280039	0.008214546690448025
66.0	29.980108674606004	19.937118655042447	19.830812031331536	30.229328335939115	0.02263230308090082
67.0	30.01220618383853	19.89983558681285	19.88348139625462	30.202324139664395	0.0021526934296107318
68.0	30.00789133968779	20.00647809161682	19.819623375189952	30.16122098812803	0.004786205377409893
69.0	30.033910574248917	19.956601449152693	19.826215426159134	30.17953411620784	0.003738434231413493
70.0	30.017345049166032	19.88702462937733	19.827070896666463	30.268119009650523	4.40415139655542E-4
71.0	29.98700919502137	19.916615713407253	19.841110147949582	30.242183883484707	0.013081060137091252
72.0	30.015432349736887	19.88370166006642	19.897991240061057	30.196700778931845	0.006173971203789124
73.0	29.988911600600566	19.948747086400566	19.867843611926098	30.188866539380815	0.005631161691960348
74.0	30.05472706083456	19.909858499594964	19.84063502193285	30.19222192942567	0.002557488211951238
75.0	30.010448162261106	19.951857685405972	19.887057479984072	30.145448423869404	0.005188248479452929
76.0	29.98916221854674	19.92114714228464	19.85606363478875	30.23266268571112	9.643186687472743E-4
77.0	30.013349497141274	19.926513406157618	19.8643833683976	30.1943702983934	0.0013834299101075315
78.0	29.99482679426772	19.903729701879424	19.88339699178378	30.216065087661654	0.0019814244074229785
79.0	30.043114823491702	19.932715199850893	19.88723121311249	30.134370810523116	0.0025679530218069967
80.0	30.093699476734688	19.885220406973726	19.84117674144824	30.179186741730252	7.166331130968375E-4
81.0	29.975382262433897	19.93056881067763	19.915333710009225	30.160425003062198	0.01829021381705068
82.0	29.954539415853677	19.899770324736068	19.927516601941576	30.214258277369016	0.00391538009966599
83.0	30.03516370457952	19.93235807489123	19.837780830114944	30.190019030883718	0.004678359530588606
84.0	30.044268154787634	19.91466638484368	19.872916466184215	30.164262248890385	0.003886745294084431
85.0	30.037647256380843	19.900859665715004	19.8920755236927	30.16789023244653	0.001527321764919126
86.0	29.967838408796926	19.941160693063953	19.884688809304432	30.205761572898933	5.505159357581875E-4
87.0	29.99894489450494	19.88987718494079	19.906033039060176	30.204919212420677	2.2566907341365773E-4
88.0	30.009724653088483	19.925142399349696	19.889556827203876	30.171305275948672	0.004270844409272408
89.0	29.964913248300633	19.926407661685715	19.905846836319448	30.20223249425339	5.997594408164495E-4
90.0	30.005524596538685	19.910986758629665	19.875540104449886	30.207772959635538	1.7558074622849975E-4
91.0	29.956988806952918	19.931603716305883	19.924771251672116	30.18642711024242	2.0911482666979278E-4
92.0	29.96309457844111	19.950618036160577	19.926707136448954	30.159235759333665	3.44489615702949E-4
93.0	29.97123431016735	19.953450749207903	19.953448669259252	30.12107589087841	7.903804870865349E-4
94.0	30.008268951504874	19.92388227898642	19.92973684676899	30.137755394573475	3.5652816624637344E-4
95.0	30.045366920130835	19.9383146978602	19.8842259019127	30.13179990489216	2.9257520410516446E-4
96.0	30.00329728868859	19.919658097493542	19.945425169571777	30.131439298875897	1.8014537019171844E-4
97.0	29.966847271425834	19.978991873153202	19.840403647574753	30.212961604497263	7.95603348948501E-4
98.0	29.966820701860396	19.96396940359808	19.922957925160482	30.144972662065356	0.0012793073156873228
99.0	29.988236286369162	19.945824953064413	19.923186284417223	30.142452989383045	2.994867661543425E-4
100.0	29.932562077870863	19.944149343902666	19.942515220600725	30.178830590077908	0.0019427675478417606
101.0	29.97801730904631	19.934828070998158	19.95350807171603	30.13084539568176	0.0028011525577393928
102.0	29.96318286307692	19.9171720085601	19.95152897750997	30.167678617742	4.375331110084584E-4
103.0	29.98575240621498	19.918279615772093	19.992967862762352	30.102740359666523	2.597555840477623E-4
104.0	29.946410608279546	19.984742227984334	19.962486507990022	30.10620270779563	1.5794795047273074E-4
105.0	30.01108754508802	19.94685458925446	19.974322566230146	30.06747424986821	2.610495591675352E-4
106.0	30.0033463138851	19.912777041541055	19.982779353929754	30.1006446802404	4.526104036898688E-4
107.0	29.986705789050777	19.899690171583632	20.004165420520295	30.108944066543174	4.945523021205392E-4
108.0	29.930211851721257	19.964201755620568	20.051487052907213	30.053913979463374	1.8536028759295225E-4
109.0	30.034782742851977	19.914522089547138	19.96438427600401	30.08604079394966	2.700976472139676E-4
110.0	29.921843534981708	19.94277841845979	20.034438674093717	30.100558068574472	3.8130389031793596E-4
111.0	29.983427989416594	19.914534175739345	19.99604843845432	30.10563095347878	3.584429109604999E-4
112.0	29.980975184327065	19.887018446263525	19.936454001293	30.195068880155855	4.83487960550867E-4
113.0	29.971580176761663	19.877317362248387	20.053759336466374	30.096952244407422	3.9088011615122755E-4
114.0	29.963958624429914	19.971379596571357	20.008093695448636	30.056237523122537	3.305604275516731E-4
115.0	30.022829213605817	19.901580801607878	20.087563529685408	29.97773005372939	0.010296401371504367
116.0	29.958586000337974	19.99262698723809	20.054814776051007	29.99369495616519	2.7728020773657114E-4
117.0	29.927022874277498	19.92330719130401	20.036856291685726	30.109461827044942	0.0033518156878257883
118.0	29.907099360669427	19.97016739035107	20.031794518658966	30.09001396942046	9.247609000826156E-4
119.0	29.953781875860265	19.95968462499019	19.993924873823662	30.092362372402437	2.462529234492616E-4
120.0	29.9134175638402	19.963270753625768	20.05803674704155	30.06480336328855	4.715722039327342E-4
121.0	29.94256331051614	19.990307879303764	20.0775971927871	29.989176946002733	3.5467139026500643E-4
122.0	29.904690331493978	19.992881214625584	20.037421160827773	30.06478358664281	2.2370640985528746E-4
123.0	29.894461811640188	19.9716389563039	20.048614637408892	30.08499518708494	2.8940756208050203E-4
124.0	29.882875208412894	19.904477764006902	20.052473731913874	30.15978402799649	3.8926766983270287E-4
125.0	29.864692068763866	19.964727395526264	20.03277005707681	30.137144787485997	6.656911470636984E-4
126.0	29.90269981002861	19.986885288051756	20.070180819792622	30.03979046699139	4.43615135623332E-4
127.0	29.967410722960906	19.97327722869556	20.04911819440386	30.00193507061691	0.008258783322760517
128.0	29.975169023692917	19.91700465333179	20.09370420330023	30.0128151063417	0.0013070133333576216
129.0	29.901815599357022	19.913588681759695	20.14919423827083	30.033338792717686	0.0020626878947631712
130.0	29.91444849668333	19.82834794290315	20.20806354392917	30.048647337646052	4.926788382935475E-4
131.0	29.8242140773427	19.892298987492964	20.21382134411623	30.068578240750437	0.0010873502976684658
132.0	29.796396228065543	19.955837446398167	20.195358001244557	30.050171323153656	0.0022370011380800944
133.0	29.76946634269958	19.952339599831056	20.22789161538977	30.049955413807616	3.4702827197688403E-4
134.0	29.740016804704428	19.95544260612269	20.18403430532656	30.119791427075533	7.148567707867932E-4
135.0	29.792969580858493	19.877466859796385	20.22827012396247	30.09833836626547	0.002955069117180436
136.0	29.88963175668342	19.870891654844623	20.296230583002206	29.942030951672894	0.001215053796857352
137.0	30.28003074573027	19.686069418366696	20.200191919308917	29.833110015213894	5.979013802236827E-4
138.0	30.366254872431785	19.66058122245112	20.3239954640635	29.64801316310983	0.0011552779437558462
139.0	29.26869657229016	20.415821079951936	21.70413178461569	28.60497427213812	0.006376291004097217
140.0	26.786827219977916	21.62687521719404	21.59291590673445	29.974910977111247	0.01847067898234903
141.0	28.924923779898222	19.45642771178323	18.978491763682996	32.63971642397262	4.403206629277492E-4
142.0	31.66778683937832	19.182115227365426	21.349115269094067	27.800241777580975	7.408865812104185E-4
143.0	31.301708939888762	19.028527482990302	21.601582811654986	28.05837927163573	0.00980149383021883
144.0	34.882053618477904	17.929812159113467	19.450588685313583	27.73291760084986	0.004627936245183525
145.0	27.399187379171007	19.965972070136527	19.040553444876444	33.59403953464095	2.4757117507449524E-4
146.0	27.638062344761067	20.234978586649696	19.224534629419825	32.90219708359515	2.2735557426607723E-4
147.0	27.560758618052994	19.606538147650877	19.52512678029514	33.304326892316396	0.003249561684595426
148.0	30.31970560438441	19.537677647450984	20.207069150895553	29.9353145653922	2.330318768518752E-4
149.0	34.01943884671519	18.916178706131458	18.60677553229881	28.455628359302892	0.0019785555516522264
150.0	24.082449088920363	25.097220879489125	24.732154116684196	26.04001760248061	0.04815831242571413
