# Position (bp)	A	C	G	T	N
0.0	22.258646001908655	29.55349425434758	28.598133968529794	19.566676101528955	0.02304967368501354
1.0	27.305706013186914	17.714431801065935	17.68116449181432	37.27192599222194	0.026771701710895747
2.0	30.00434938451322	20.258474268051383	18.7171096663075	31.02006382791249	2.8532154142771486E-6
3.0	36.17911888103551	18.526359458063745	19.569046673558564	25.725362367212334	1.1262012984486681E-4
4.0	35.453576503986234	17.775827629443377	21.04283366569678	25.727552390977138	2.0980989646970352E-4
5.0	37.00393934833421	17.889709177705456	20.111870558757463	24.9917820616832	0.002698853519677177
6.0	26.33890015548033	18.666098464693835	16.350419405708358	38.644580845448665	1.128668802134376E-6
7.0	26.965993307633756	22.964888732046536	18.335425641610964	31.73368893783789	3.3808708568864516E-6
8.0	26.045660623793815	22.38244830972464	18.448426000656852	33.123255701457445	2.0936436724840036E-4
9.0	34.99868663166431	18.063024983680926	19.024732166320188	27.91350449874683	5.171958775103641E-5
10.0	29.894178352189645	23.0034916185432	23.228327032921616	23.87353860771009	4.6438863544986735E-4
11.0	27.63537028910238	22.99280064529975	20.87866845677173	28.49315892537693	1.6834492056097802E-6
12.0	29.57408924552645	20.494159112123896	19.72409779766974	30.20765160164187	2.2430380389082536E-6
13.0	29.87735166523801	20.33887644476653	19.685587713205045	30.089896085888828	0.0082880909015843
14.0	29.910815976196297	20.541430803884918	20.04862775746405	29.49912266230378	2.800150952777683E-6
15.0	30.2724493351909	20.507815068819678	19.92340716648525	29.296326190805143	2.2386990221508188E-6
16.0	30.308571458108613	20.435623817732875	20.073353028184478	29.182451136557635	5.594164020407981E-7
17.0	30.298795733846617	20.517973687967785	20.06782252410597	29.10817420172172	0.007233852357906524
18.0	30.2374035394264	20.464722355067043	20.127234879301252	29.17063922620531	0.0
19.0	30.15740626488222	20.514981699729688	19.980723103715107	29.346886694270985	2.2374020003940067E-6
20.0	30.026669292029734	20.564891316949186	19.887154915421295	29.521282236547812	2.2390519692750346E-6
21.0	30.034398152113535	20.490228443351192	19.947644763075473	29.527449090542717	2.795509170819095E-4
22.0	30.016953433143108	20.300706723493306	19.93063691082606	29.75121118900122	4.917435363115707E-4
23.0	30.076380426096822	20.15165473056588	20.080737337489136	29.691195514305246	3.199154291776611E-5
24.0	30.071777244470464	20.201528626788416	20.10059738133779	29.620805602417366	0.005291144985963633
25.0	30.192107451305755	20.16249694849657	20.08403297200394	29.558320054487552	0.0030425737061792815
26.0	30.167371228442864	20.195753432452243	20.034286790912883	29.59774202037159	0.004846527820421265
27.0	30.117392817192844	20.228207675594774	20.091443504956914	29.552107940587195	0.010848061668273457
28.0	30.076435034442277	20.210187455753424	20.162245751817924	29.550921809149894	2.0994883648443023E-4
29.0	30.043206827280578	20.199582469873125	20.08246987877537	29.674739128989785	1.6950811423477274E-6
30.0	30.066230036656926	20.194754481561212	20.093683205738394	29.645329445755664	2.8302878087407427E-6
31.0	30.12663066708371	20.12179746062084	20.09424143043723	29.657328173732196	2.2681260311219893E-6
32.0	30.156192224099243	20.15194165311284	20.149643433095605	29.541376903828336	8.457858639803993E-4
33.0	30.260308706133703	20.086938675413098	20.099253209439862	29.527184774888298	0.026314634125036283
34.0	30.040619277982145	20.209582707988687	20.174773806123785	29.575016797511143	7.410394239642903E-6
35.0	30.02793680832107	20.258420388022497	20.105272638570604	29.608365025612166	5.13947366581662E-6
36.0	30.12052863790759	20.14065494924235	20.149967171812502	29.588843520296326	5.720741227516493E-6
37.0	30.108797415658735	20.193891038437254	20.05198266145109	29.644279612997742	0.0010492714551843811
38.0	30.21163664677642	20.02354816161032	20.067355717549418	29.69638132146902	0.001078152594829118
39.0	30.180373204086358	20.10862566244322	20.08494227036584	29.626054261930733	4.601173845720053E-6
40.0	30.095939106448867	20.117427815886764	20.200797554401614	29.568986853738878	0.016848669523875544
41.0	30.134713763366683	20.08878098973631	20.083542495449066	29.69295755567446	5.1957734830502E-6
42.0	30.037471100257196	20.20080643117474	20.170762277233976	29.59089021091854	6.998041554694628E-5
43.0	30.125698213084007	20.099777299388034	20.101137084644627	29.67283120610177	5.561967815638472E-4
44.0	30.092843711452865	20.125265207053964	20.161835503511035	29.619532059002236	5.235189798962212E-4
45.0	30.12724635288241	20.11687089731288	20.15719514684196	29.582506153213007	0.01618144974974602
46.0	30.136726453355468	20.051434472040985	20.24580371514562	29.566014972806915	2.038665100964103E-5
47.0	30.09371786954711	20.152127276272708	20.11438959811768	29.639762922073903	2.3339885986874244E-6
48.0	30.117205592710555	20.105226232882064	20.114926431741985	29.662638820214543	2.9224508495786725E-6
49.0	30.173165377603127	20.121275275549717	20.129456971611507	29.57328810597132	0.0028142692643302845
50.0	30.13900802457249	20.096939572010523	20.1284521145831	29.625802838179226	0.009797450654660316
51.0	30.145101200474684	20.038457161519784	20.15500483901755	29.66143444895214	2.3500358409841197E-6
52.0	30.089037267070147	20.084958326666637	20.206180649964846	29.619820813594703	2.942703664550051E-6
53.0	30.19756905086066	20.02792243501821	20.135772572015583	29.638732404605015	3.537500530182892E-6
54.0	30.124463790505075	20.051327295661665	20.170476824883902	29.653730317332087	1.7716172739770684E-6
55.0	30.11079006441404	20.098786453425664	20.125088767054137	29.662163195240943	0.003171519865217033
56.0	30.115163259397864	20.089203164146777	20.150025012091437	29.645606786189948	1.7781739707444505E-6
57.0	30.10246346656868	20.098099195678365	20.221331779967027	29.57810318280177	2.3749841588556605E-6
58.0	30.132171507562433	20.131186686301543	20.125282279539288	29.611358336911707	1.1896850216109852E-6
59.0	30.182813380212654	20.12371940558477	20.12214077729178	29.571322265375105	4.171535693059834E-6
60.0	30.187118603119618	20.113314699558966	20.105343139915682	29.594221169638878	2.3877668543612588E-6
61.0	30.172702307067485	20.166145308744788	20.08665664685259	29.574493345295842	2.3920392980003335E-6
62.0	30.154306107069495	20.100796856848422	20.123014444972956	29.621882591109127	0.0
63.0	30.24213419554456	20.087553264528836	20.07624704023272	29.594063099221636	2.4004722497066294E-6
64.0	30.18751314966878	20.027334959460696	20.15160658097887	29.633543506405445	1.8034862037573663E-6
65.0	30.142667118954346	20.079313581801255	20.144878594462938	29.633140704781464	0.0
66.0	30.113935669580822	20.118008004780975	20.125784399049586	29.642270116581415	1.8100072003896437E-6
67.0	30.120311533125417	20.100882899282244	20.138520143193293	29.640273940969074	1.1483429966597967E-5
68.0	30.15091226376073	20.122859441834592	20.11539452051646	29.610751429067122	8.234482109382719E-5
69.0	30.142007920734805	20.107767456559518	20.148981246127278	29.601243376578402	0.0
70.0	30.179572169572634	20.043588944433775	20.122733340705015	29.654104329842234	1.215446341827085E-6
71.0	30.061704498876153	20.104458593451845	20.204967460882063	29.627341188378615	0.0015282584113272808
72.0	30.174297389790333	20.039149034111244	20.153530163723723	29.633023412374698	0.0
73.0	30.134088293891363	20.08635571977768	20.149231489047494	29.63032449728346	0.0
74.0	30.18837149185038	20.067632275958978	20.09834734131381	29.645648278742478	6.121343514923193E-7
75.0	30.113126627707864	20.085459572126844	20.166450453473757	29.634963346691535	0.0
76.0	30.092785088258424	20.09897642868952	20.137805300907388	29.670431953557845	1.2285868220622595E-6
77.0	30.14480713938174	20.084734490829305	20.15577579400901	29.614682575779945	0.0
78.0	30.131439820611988	20.086369630798313	20.15929440879825	29.622431886379374	4.642534120776173E-4
79.0	30.216046604029973	20.044527047284312	20.15551887470341	29.583866711532536	4.0762449764681153E-5
80.0	30.258172792448423	20.030449488695297	20.133849291768925	29.57752842708735	0.0
81.0	30.138629639909237	20.068989348785507	20.20868157456876	29.58252154107685	0.0011778956596466771
82.0	30.12950698769216	20.050711345664464	20.218487379301028	29.600625406599683	6.688807426625739E-4
83.0	30.201377036497973	20.095573076190455	20.06416895633005	29.63888093098152	0.0
84.0	30.21726446649613	20.08152850231861	20.10285992742516	29.598347103760098	0.0
85.0	30.220172091826246	20.068232877179152	20.132692358047525	29.578902048460726	6.244863482694294E-7
86.0	30.13317377075714	20.07060207260534	20.168596129578884	29.62435626093056	0.003271766128075397
87.0	30.174865681163983	20.05869349312957	20.181401467391243	29.5850393583152	0.0
88.0	30.150355344227908	20.105890496404548	20.1412203682446	29.602528137941448	5.653181498425881E-6
89.0	30.10548257996806	20.137831475766628	20.127488479113886	29.62762279205752	0.0015746730939007018
90.0	30.215829538511297	20.086168206084025	20.08836278068822	29.601330361215062	0.008309113501399448
91.0	30.154539745419758	20.074892228799392	20.19238774182784	29.57818028395302	0.0
92.0	30.15304615479641	20.09361480495167	20.1827057676039	29.570633272648017	0.0
93.0	30.167149626793083	20.09777656446636	20.18476717838789	29.55030599598201	6.343706577130238E-7
94.0	30.192672849991215	20.06598806713063	20.17741117274249	29.563925367042003	2.543093659831634E-6
95.0	30.222194151301306	20.115282082154355	20.134201285415152	29.527638263049845	6.842180793376728E-4
96.0	30.174599305033666	20.07321746952146	20.18988763491207	29.562295590532806	0.0
97.0	30.173500476188348	20.098639499686442	20.117819565865286	29.610040458259917	0.0
98.0	30.100838937785984	20.13926042438832	20.152495665556255	29.607404972269443	0.0
99.0	30.119014981918905	20.124759755811557	20.187587379368725	29.568637882900813	0.0
100.0	30.129787169705306	20.113954627745905	20.158694486418412	29.59756371613038	0.0
101.0	30.19578992807196	20.130245194954817	20.133488770405116	29.540475461593875	6.449742394708858E-7
102.0	30.17132953520894	20.077140266330648	20.1378864356118	29.613575893644793	6.78692038148646E-5
103.0	30.152596903652363	20.09406101340271	20.14922634070421	29.604115742240715	0.0
104.0	30.152042443552297	20.11627519935269	20.174013255343894	29.55766520566448	3.89608664200591E-6
105.0	30.21899564340536	20.098145446760643	20.181913923609628	29.49784213671328	0.003102849511089378
106.0	30.221918638060703	20.062747489775965	20.16062316547508	29.554710706688258	0.0
107.0	30.17534154859179	20.08026322706519	20.18714351871366	29.557251705629362	0.0
108.0	30.152549802365918	20.09430445991403	20.17169912116948	29.581446616550572	0.0
109.0	30.22286851069442	20.100461078620675	20.149915476416115	29.52675493426879	0.0
110.0	30.125503760559635	20.084686915019503	20.205257339653517	29.573658708324498	0.010893276442844445
111.0	30.173873629691894	20.10279459600013	20.16619695444488	29.557134819863094	0.0
112.0	30.10952865082959	20.110852171188455	20.148744984980834	29.62847807354271	0.002396119458413247
113.0	30.15210006088107	20.085594256609127	20.148177020617474	29.613871452473056	2.5720941926614296E-4
114.0	30.19874736923123	20.13114878465597	20.142373548690376	29.527730297422423	0.0
115.0	30.235694547354193	20.087469741292463	20.138464517075437	29.538371194277907	0.0
116.0	30.14496419584359	20.127791429230182	20.180688595537735	29.546555111688882	6.6769961131937E-7
117.0	30.1421982326833	20.124599936635477	20.212264726604896	29.520937104076328	0.0
118.0	30.18459968180952	20.111135944622713	20.185864428157345	29.51839994541042	0.0
119.0	30.171724974128683	20.14298460101655	20.131202218810092	29.55408820604467	0.0
120.0	30.167183515927377	20.13941773908919	20.156712315695096	29.536359887387842	3.265419004938312E-4
121.0	30.14581019995471	20.16505445183285	20.17299947229128	29.51544662206051	6.892538606451394E-4
122.0	30.144851581296457	20.13727918289043	20.155411701049484	29.56245753476363	0.0
123.0	30.151473012939622	20.127672067899578	20.175189206759324	29.54566571240148	0.0
124.0	30.097420012283692	20.14516221304775	20.15957494260621	29.597842832062344	0.0
125.0	30.12620637734937	20.17477165714532	20.16277862598677	29.536243339518542	0.0
126.0	30.1528381032799	20.118294759895512	20.197073060921834	29.531794075902752	0.0
127.0	30.211757094388275	20.09120348947938	20.210545817164267	29.486493598968078	0.0
128.0	30.152151091330154	20.14875885449961	20.19995920325545	29.499130850914785	0.0
129.0	30.17757145943598	20.120391492128224	20.176142776169588	29.525894272266207	0.0
130.0	30.157763021127355	20.10534132737174	20.19430612011086	29.541199044732195	0.0013904866578470744
131.0	30.212839719472928	20.12831376631336	20.153124536793847	29.505313601167956	4.0837625191496806E-4
132.0	30.20466510918411	20.145021493130823	20.173308725767956	29.4526149619802	0.0243897099369083
133.0	30.196418896956008	20.190990126633206	20.171821274073018	29.440769702337764	0.0
134.0	30.130455006602475	20.151169926695054	20.182581976321874	29.535793090380597	0.0
135.0	30.085728473791733	20.159215311176848	20.1994362190894	29.55346796124857	0.00215203469345052
136.0	30.11849286066149	20.11873299710315	20.215959592475226	29.546814549760132	0.0
137.0	30.13699278277995	20.177957725545355	20.21181017908915	29.473153351181193	8.596140435245751E-5
138.0	30.16766026104522	20.192880428814885	20.165749851915834	29.471304508032066	0.002404950191998043
139.0	30.12279803520738	20.20309377788608	20.187389761347777	29.4866568552181	6.157034065623759E-5
140.0	30.10657130339056	20.20775136132039	20.1578637584871	29.52780279402349	1.0782778462216637E-5
141.0	30.127275282320102	20.19121714734157	20.20769648115844	29.473808202120704	2.8870591830531934E-6
142.0	30.09072322252262	20.136644719415735	20.241947443541182	29.52146254234622	0.009222072174242354
143.0	30.127189675019284	20.17949201553436	20.155347991613652	29.52866129584922	0.009309021983487393
144.0	30.17729011590802	20.145502265970155	20.188650228190728	29.488557389931096	0.0
145.0	30.181516328035368	20.17585614556941	20.214959415060807	29.427668111334416	0.0
146.0	30.24432179030375	20.107406589765688	20.1762635622488	29.472008057681766	0.0
147.0	30.186942418867996	20.151605817826596	20.208007541717922	29.45339813324522	4.608834226826467E-5
148.0	30.160569209334614	20.20726784035449	20.219057455832683	29.413105494478213	0.0
149.0	30.165024972859804	20.16955887431958	20.239467584003474	29.41714595735368	0.00880261146346251
150.0	29.86280421693545	20.140748815275636	20.235490908133613	29.760956059655303	0.0
