# Position (bp)	A	C	G	T	N
0.0	22.726180207312975	28.93726516469539	28.036589228887358	20.296222654327305	0.0037427447769704234
1.0	27.028972158462356	18.166620369693515	18.359703114567953	36.4371603873351	0.00754396994108101
2.0	29.69233152317535	20.662947494521074	18.92987009752124	30.71000537481868	0.004845509963652838
3.0	34.55484741643605	18.996513862969252	19.899591950263307	26.545803039084824	0.0032437312465717454
4.0	34.2270684496775	18.2953725180281	21.215563000386027	26.259921440859713	0.00207459104866312
5.0	35.324949860942	18.590773174849275	20.446247291794222	25.636675085745335	0.0013545866691642664
6.0	26.34867423773697	19.043911331237933	16.951458323021335	37.653655243033214	0.0023008649705489282
7.0	26.509593954727684	23.30432619001762	18.502857409996366	31.68100088456751	0.0022215606908165125
8.0	26.17725922671828	22.383984194349587	18.87087110967679	32.565762299138456	0.0021231701168824453
9.0	33.92703338716639	18.594988087170208	19.58068459139013	27.893764635500577	0.0035292987726911734
10.0	29.097190666310542	23.166856869322103	23.141303807406224	24.59285647388558	0.0017921830755480322
11.0	27.357848219783786	23.095572462270482	20.929215292626367	28.614417046098268	0.002946979221099909
12.0	29.119279432321548	20.75886699180205	19.995633716563905	30.1246412206804	0.0015786386320980744
13.0	29.319983659272353	20.59736019893662	20.066652157824645	30.014733979226953	0.0012700047394267775
14.0	29.314744317039832	20.87031047237199	20.42322856415832	29.386196641798435	0.00552000463141852
15.0	29.626128588972527	20.855124587917476	20.324386903484832	29.19324488410167	0.0011150355234937983
16.0	29.682292405375165	20.79021197546652	20.399731864430102	29.125572853426014	0.0021909013022025476
17.0	29.66966780037706	20.86276878551971	20.493856619160724	28.97218903319153	0.0015177617509821743
18.0	29.64951689689319	20.767652642067343	20.565453806554405	28.998401307839277	0.01897534664578098
19.0	29.509730528143642	20.819273240649203	20.389286406175987	29.28059621769027	0.0011136073408995913
20.0	29.365248307948804	20.938554082967855	20.32858836642705	29.366419178006993	0.0011900646493023439
21.0	29.32972633149721	20.9032626517566	20.353212142984347	29.411975798775508	0.0018230749863365327
22.0	29.363198225680815	20.69286320014428	20.31232852532741	29.630593192047794	0.0010168567997022335
23.0	29.42907470768173	20.53953405934391	20.532590199682	29.497535025729686	0.001266007562668813
24.0	29.378300069578106	20.6080259533236	20.531639626840427	29.480193253762167	0.0018410964957029576
25.0	29.510540088075825	20.54423167006022	20.570270545449247	29.373941451646214	0.0010162447684965656
26.0	29.450550630325683	20.602812860841013	20.4559410426883	29.489180928403968	0.001514537741034368
27.0	29.368057316654507	20.648379606867127	20.458708052060672	29.523877434797168	9.77589620528462E-4
28.0	29.31726522780984	20.64636822266946	20.579844747894047	29.45554436076997	9.774408566828301E-4
29.0	29.33414379513815	20.648475478420306	20.47993800427102	29.53366763605257	0.0037750861179543863
30.0	29.327252938280722	20.637749215432898	20.49296966340533	29.5407782597994	0.0012499230816565134
31.0	29.362138345558268	20.59618572645773	20.455278642167396	29.58552903731693	8.682484996665925E-4
32.0	29.363502883136555	20.592258820941964	20.55802980247843	29.48454350725082	0.0016649861922307873
33.0	29.543411143671317	20.500650038427256	20.500611183769323	29.451014767101295	0.004312867030812521
34.0	29.30667440225611	20.630629892984516	20.58869629194676	29.471309112048687	0.0026903007639284475
35.0	29.282930465089112	20.70422317483358	20.545253137867764	29.46636044127296	0.0012327809365886837
36.0	29.34626050860045	20.611912310429766	20.545130241729485	29.492336462989872	0.004360476250430401
37.0	29.31992039146515	20.667303124836103	20.41561822604833	29.59633015222549	8.281054249186387E-4
38.0	29.386105993606677	20.48211015684802	20.442065286006088	29.68839231225577	0.0013262512834450386
39.0	29.382603084152475	20.579883945303205	20.47920012608333	29.55700113264328	0.0013117118177086262
40.0	29.291789496876948	20.57217007877033	20.583605736828588	29.551476726639674	9.579608844613357E-4
41.0	29.325466356086604	20.540690684582135	20.451408602704355	29.681251945217074	0.0011824114098292057
42.0	29.212325065728972	20.72513102019137	20.51176721225623	29.548804279110698	0.001972422712729312
43.0	29.3483597172235	20.515929472014307	20.47663811508204	29.654828258974508	0.004244436705646091
44.0	29.341675976383396	20.514298324129182	20.508106508167003	29.634376312588856	0.0015428787315587926
45.0	29.34813659954574	20.540969403370518	20.571269758186446	29.535077146620075	0.004547092277222555
46.0	29.345501363905797	20.537422715759902	20.618306692211995	29.497990906748495	7.783213738109605E-4
47.0	29.321777647558445	20.595180092243574	20.471089935837714	29.610717801166047	0.0012345231942217732
48.0	29.293799774643997	20.54923445726763	20.512171229219632	29.638531204736818	0.006263334131925661
49.0	29.335569997273055	20.541032031965713	20.568384573830993	29.55358034803981	0.0014330488904359356
50.0	29.379340167268488	20.534258233926277	20.49508533514429	29.59002232667401	0.0012939369869383321
51.0	29.388307969040167	20.443121102177432	20.51741228417908	29.64555849056762	0.005600154035697521
52.0	29.266643352913935	20.55480407699778	20.587413819743375	29.5900215451959	0.0011172051490088177
53.0	29.404423077493476	20.498607857269672	20.469752304101092	29.626199825341278	0.0010169357944874453
54.0	29.295236975691136	20.495905150521416	20.558259048502517	29.6486822095683	0.0019166157166321995
55.0	29.284391491912608	20.61466328398471	20.5021569949795	29.597011250628903	0.0017769784942783433
56.0	29.320902289559434	20.538536027634937	20.541032797439	29.598452691485562	0.0010761938810629264
57.0	29.34966563507694	20.493453372865584	20.592269569545742	29.563118142272813	0.0014932802389248383
58.0	29.37244093545744	20.54866126173375	20.532448639173396	29.544229448868762	0.0022197147666524852
59.0	29.384166520577935	20.58316869626041	20.499476816320616	29.53229064281448	8.973240265511614E-4
60.0	29.36037898901923	20.584305554393826	20.502289879406582	29.55073635812543	0.002289219054931132
61.0	29.331152343663515	20.617968721632447	20.5058269443148	29.544144228716974	9.077616722652683E-4
62.0	29.358786127219126	20.523971074170326	20.49864716421208	29.617816094514087	7.795398843786444E-4
63.0	29.406235351164245	20.533197454878223	20.491385252168364	29.565641573070973	0.0035403687181983024
64.0	29.352372664702315	20.48210779285484	20.56786594314803	29.59695472898486	6.988703099602545E-4
65.0	29.312412566073164	20.555543203193384	20.519355823808528	29.611168310110642	0.0015200968142854616
66.0	29.265858720843536	20.602527146627985	20.533311837233725	29.558613675127404	0.03968862016734531
67.0	29.30101113187467	20.552870083690184	20.57084473988466	29.57145845257058	0.0038155919799014843
68.0	29.310863844514053	20.57889352915466	20.48879282878021	29.618187291451235	0.0032625060998451813
69.0	29.330267652995733	20.566754839919536	20.491300899087634	29.611047631028132	6.289769689599866E-4
70.0	29.363468476720623	20.495849196990676	20.52385664969409	29.616262712721174	5.629638734354003E-4
71.0	29.257600863310852	20.515964305271478	20.570582701749064	29.63546472648515	0.020387403183458754
72.0	29.307065821930046	20.472641036030904	20.562913993950236	29.65676051421799	6.186338708230615E-4
73.0	29.26271468016545	20.55480628023238	20.59404934221724	29.58073450929871	0.00769518808621871
74.0	29.33990633234867	20.50304697633189	20.525123364499525	29.631778405234567	1.449215853455293E-4
75.0	29.280458451717685	20.517038583399383	20.577504668838642	29.624511451556053	4.868444882388109E-4
76.0	29.242031388366318	20.55420015266992	20.575203921815923	29.628073794878073	4.907422697664239E-4
77.0	29.284766095224334	20.547012259894526	20.553642171781018	29.61413418051073	4.4529258939125045E-4
78.0	29.299728064266645	20.503480278422273	20.577776114562283	29.618815956889456	1.9958585934186566E-4
79.0	29.33255630264238	20.471386876485084	20.571006841040607	29.624697699078258	3.522807536694444E-4
80.0	29.37822141312	20.442459656096577	20.57078940694392	29.607996403212837	5.33120626665526E-4
81.0	29.26224707667287	20.456398219128737	20.648494155395312	29.60401285285267	0.028847695950408606
82.0	29.226627263003934	20.476681568891934	20.587025961317657	29.695416376173267	0.014248830613211742
83.0	29.363493008344037	20.47179318483244	20.495838424344957	29.668457658447945	4.177240306191715E-4
84.0	29.315166652693918	20.488713974698257	20.55061588179372	29.64500258100371	5.009098103977277E-4
85.0	29.340874754434292	20.47454823632035	20.58299921131405	29.601125142253704	4.5265567760691057E-4
86.0	29.300051296521602	20.469652337623106	20.59209689259283	29.637957381655532	2.4209160692607949E-4
87.0	29.330457779599843	20.46529380996552	20.602936522867232	29.60104002757748	2.7185998993030597E-4
88.0	29.307416441821506	20.486533883678455	20.59971900193753	29.598993836783155	0.007336835779357441
89.0	29.222378430642536	20.547485816213694	20.54290143866103	29.686984257525324	2.5005695741807854E-4
90.0	29.308780576647635	20.519434819659892	20.534106214150643	29.63756596506297	1.1242447885632827E-4
91.0	29.21959633920792	20.50587837853209	20.627330365328486	29.646825243358954	3.6967357254815423E-4
92.0	29.226922920830024	20.52141190394844	20.63032721509824	29.621136478310916	2.0148181238071198E-4
93.0	29.296185067868556	20.489128090458763	20.586824301874298	29.627512792024817	3.4974777356396475E-4
94.0	29.30339599802189	20.479144984979666	20.603470546120178	29.613752278883698	2.3619199456758412E-4
95.0	29.32063098133806	20.43315275579433	20.611566435612374	29.634470336631676	1.7949062355940076E-4
96.0	29.265690482523034	20.44652190803837	20.687257251704906	29.600257415167174	2.729425665153453E-4
97.0	29.281596523243064	20.472721591898065	20.56371829953324	29.681440792480146	5.227928454876519E-4
98.0	29.135349662314443	20.521849040159488	20.65991160377479	29.67964556663515	0.0032441271161300807
99.0	29.190608721196725	20.53085517768824	20.623922132714746	29.654487346692765	1.2662170751905023E-4
100.0	29.1933971468129	20.45552370632084	20.65084091516206	29.695255649846008	0.004982581858194435
101.0	29.234854911610793	20.538629175458567	20.641095217663604	29.585159468900674	2.612263663608359E-4
102.0	29.176606761177897	20.457419671481606	20.68450015580051	29.681141568073205	3.318434667819712E-4
103.0	29.169739026318748	20.457173865577953	20.68820406250032	29.68474805863429	1.3498696869550957E-4
104.0	29.1698595761007	20.508971803589958	20.66858578985567	29.652411091712267	1.7173874140919882E-4
105.0	29.274426945420107	20.444728401434055	20.721936167028257	29.55869866568191	2.098204356711526E-4
106.0	29.239038967572036	20.3658273296714	20.733207975494654	29.661569462089467	3.5626517244303146E-4
107.0	29.171793847383142	20.395961210184144	20.743616750808123	29.688446591363093	1.8160026150437658E-4
108.0	29.185641565216102	20.417867648693306	20.745782052327	29.65041234745367	2.9638630991634497E-4
109.0	29.24890780141844	20.452085106382977	20.7085768321513	29.59016548463357	2.647754137115839E-4
110.0	29.14912762293622	20.39769375177966	20.773658729198967	29.679172173878104	3.4772220704693826E-4
111.0	29.24995151714792	20.42010835670582	20.692955234232407	29.636234444508958	7.504474048936281E-4
112.0	29.12323772366343	20.433758774006797	20.729606242454313	29.713195233469797	2.020264056593253E-4
113.0	29.166697699822492	20.36143282149315	20.77020155000269	29.70146104097618	2.068877054912135E-4
114.0	29.09836343651192	20.49287735272964	20.788749643782822	29.619585498907604	4.2406806801373304E-4
115.0	29.200441213903893	20.393480999301627	20.80793488831501	29.58269606062122	0.015446837858241542
116.0	29.115245183410615	20.474246739123636	20.81255400540255	29.597909393343407	4.4678719793834516E-5
117.0	29.197651357737026	20.355741847812357	20.83489721129741	29.604313225193373	0.007396357959836398
118.0	29.178710291501037	20.359679811771915	20.85578337504569	29.60559010175986	2.3641992149912926E-4
119.0	29.19036341459372	20.397452110062762	20.77673007791286	29.63525939590477	1.9500152588694005E-4
120.0	29.08691467906108	20.378593775861177	20.840214973812454	29.693924419087253	3.5215217803606744E-4
121.0	29.093428880475937	20.456431751050463	20.875369222448725	29.57435412073054	4.1602529433789573E-4
122.0	29.147912763997248	20.39948976102875	20.85200646790895	29.600214089293974	3.769177710806071E-4
123.0	29.138276485979976	20.329444262387515	20.85259585576402	29.67918095596449	5.024399040004824E-4
124.0	29.006836776671292	20.36684067577502	20.9052883334987	29.720686079793534	3.4813426145927437E-4
125.0	29.032630077732062	20.423354156075167	20.862249894638456	29.68170549244597	6.03791083454796E-5
126.0	29.13517967429074	20.375664282096572	20.90249132559083	29.58634974310646	3.1497491539773774E-4
127.0	29.233804041415283	20.314764075137656	20.890152014121245	29.55100508470111	0.010274784624706905
128.0	29.164899913124064	20.375513969898662	20.92128543232862	29.538024449567068	2.7623508157912545E-4
129.0	29.15696794027739	20.393434812575215	20.921505498950904	29.528019121228212	7.262696828162414E-5
130.0	29.01436573982909	20.357453994616584	20.947515130804163	29.68051189201904	1.532427311226026E-4
131.0	29.013992645525867	20.46102964260306	20.92666698574452	29.597986240173146	3.2448595340868437E-4
132.0	28.963453534123946	20.425225958405033	20.74480925006983	29.856424598344063	0.010086659057130147
133.0	29.408487692404023	20.203757656565955	20.58248833329036	29.805174236369197	9.208137046545291E-5
134.0	29.4636502388258	20.304937842027016	20.766081200771836	29.465133014898935	1.9770347641792933E-4
135.0	29.190064610352174	20.36870177176703	20.75367356612419	29.687133017042953	4.2703471365187275E-4
136.0	29.06270084691296	20.54464162227938	20.38588176225769	30.006775768549975	0.0
137.0	28.17280947974108	20.971224763987998	20.559366929511253	30.296343885357953	2.549414017188149E-4
138.0	28.616015114575493	20.969210840408863	20.81945096530775	29.59461599814462	7.070815632724866E-4
139.0	28.64171775050131	21.215628557411563	21.74655114654829	28.3953087019546	7.938435842355366E-4
140.0	27.880856367503252	22.04015898377916	22.11606395582657	27.946797679735365	0.016123013155654106
141.0	28.601931382539913	21.262297952785143	20.901086798280872	29.234683866394068	0.0
142.0	28.65252714433955	21.633975348637087	23.120649945584773	26.59284756143859	0.0
143.0	30.734133638774104	19.304151927251095	21.937312922802377	28.02155382444328	0.002847686729147023
144.0	33.56076731843843	18.72181674863013	19.598788578941825	28.11607430644868	0.002553047540936522
145.0	27.328388766562366	20.602683457591326	19.306022327809323	32.76290544803698	0.0
146.0	27.611106056076224	20.903471942389935	19.171075379235937	32.314346622297904	0.0
147.0	27.866309406289663	20.156897213303466	19.744320511096607	32.23148898210309	9.838872071705699E-4
148.0	30.17586142966867	19.548030828720503	20.5610880101703	29.715019731440528	0.0
149.0	32.86045929018789	19.675323590814195	19.448851774530272	28.014697286012524	6.680584551148225E-4
150.0	23.52706728012642	25.506593760051466	25.34017648621813	25.618121302809516	0.008041170794467674
