# Position (bp)	A	C	G	T	N
0.0	24.57784181034517	26.947600169220014	32.55795887593626	15.899637003317244	0.01696214118131304
1.0	27.300869377309546	17.96310796788094	19.26854937730223	35.46602583153343	0.0014474459738647372
2.0	30.10343633812147	20.015307177848044	17.63789048202917	32.243149107429595	2.1689457172148726E-4
3.0	33.59895068275971	19.26748793999333	19.882243788815344	27.25130908585887	8.502572745305756E-6
4.0	35.23984881166344	18.06953543999631	20.582035514225787	26.103564240851945	0.00501599326251514
5.0	36.257253828521975	17.954485912291467	20.112368006849376	25.67428947264513	0.00160277969205297
6.0	27.97584103286635	17.507883787682914	16.865177737653696	37.65097806158881	1.1938020822430432E-4
7.0	27.00721320878631	22.62529129904985	17.769077104942443	32.598411677967064	6.709254329448273E-6
8.0	26.7834133962247	21.704250141225884	18.465757964154445	33.045997907752295	5.805906426764381E-4
9.0	34.14978998645724	18.353497035648562	18.98447138200354	28.51218752385859	5.407203206308728E-5
10.0	29.797120552543976	22.61445134277081	22.56979037740528	25.01717543176543	0.0014622955145045297
11.0	27.938874075770347	22.560138408223683	20.712565791882792	28.78824210751122	1.7961661195635496E-4
12.0	29.827297447357843	20.293502012339147	19.816421354346495	30.062743630641748	3.555531476706277E-5
13.0	30.195020922981907	20.064185583692975	19.739844701665746	30.000936025654827	1.2766004542854871E-5
14.0	30.270328243960275	20.26438893833997	19.95785255781936	29.50617141545853	0.0012588444218579534
15.0	30.631299860613105	20.27807820131941	19.764481659840456	29.32606991046816	7.036775886256712E-5
16.0	30.80000288143291	20.12793285255817	20.03341089005674	29.038623476379367	2.9899572816497732E-5
17.0	30.76555142953984	20.22344736691718	20.126761441526575	28.884233675468167	6.0865482370456894E-6
18.0	30.925263427094162	19.941020181299486	20.33345591789345	28.80018803880616	7.243490674428754E-5
19.0	30.6067137181811	20.13338936447098	19.95468680431581	29.305145389378744	6.472365337252969E-5
20.0	30.281863048962887	20.456115844862445	19.851428124858867	29.410586339698362	6.641617437522305E-6
21.0	30.073614988326753	20.51339776439564	19.816863495750948	29.595803658911123	3.2009261553092247E-4
22.0	30.04774657825203	20.230438166151078	19.747046432124186	29.974587066216845	1.8175725585909615E-4
23.0	30.18419638754382	20.017531195866905	20.029074931453454	29.769191940061564	5.545074256196493E-6
24.0	30.21479027763335	20.067533447540995	20.12279538158316	29.594874788729754	6.104512743286892E-6
25.0	30.304792970169785	20.032973594980152	20.08729473560269	29.574703754385016	2.3494486235655265E-4
26.0	30.303087629268326	20.04908351337954	20.03359137972054	29.613821656044937	4.158215866560985E-4
27.0	30.2431106390981	20.096438383322962	20.06966258623097	29.58145027438529	0.009338116962677499
28.0	30.241103147112813	20.063056297382392	20.149762729854594	29.545888481113153	1.8934453705007304E-4
29.0	30.19618750126561	20.053022892758413	20.08159821456605	29.669159620615016	3.177079491749551E-5
30.0	30.223178856556316	20.0534528148999	20.10714338805276	29.616051761312413	1.731791786137256E-4
31.0	30.226254075380606	19.980902514365848	20.082715048232696	29.710118843848164	9.51817268597867E-6
32.0	30.29252645930188	19.9955787063224	20.14945869314213	29.562215048492256	2.2109274133451132E-4
33.0	30.400528243825846	19.93982923597487	20.106609091908307	29.552681334734253	3.5209355672503363E-4
34.0	30.178419651265365	20.043318089685098	20.15509519813666	29.62311463817786	5.242273501866038E-5
35.0	30.155023757226505	20.09303143204701	20.105460410122372	29.646134065706555	3.503348975598157E-4
36.0	30.26963135905068	19.95664673789458	20.168200288096493	29.605016880177786	5.047347804534562E-4
37.0	30.25375166178271	20.039410048574325	20.054318996808078	29.65250850365124	1.078918363897529E-5
38.0	30.3418880850473	19.865856931893177	20.05912410220459	29.73136110378258	0.001769777072356439
39.0	30.32365150873192	19.936545326846574	20.060624913977474	29.678823874294917	3.5437614912244226E-4
40.0	30.23380045391917	19.974190529848716	20.164092207087847	29.626269206272582	0.0016476028716894252
41.0	30.29284606146686	19.921088572467173	20.0739759148011	29.71206364391268	2.580735218774516E-5
42.0	30.192011271251136	20.048067495598634	20.1682957381582	29.59139208004932	2.3341494270950964E-4
43.0	30.255290338484937	19.947084121886007	20.092305138631634	29.70528581756584	3.458343158630344E-5
44.0	30.23307425765987	19.948442755932483	20.158596839840488	29.65632291025263	0.0035632363145258407
45.0	30.26452657661603	19.941639774838787	20.15466869200656	29.63916495653862	0.0
46.0	30.283310240599086	19.8902921359148	20.215100760506516	29.611295701324547	1.1616550447919665E-6
47.0	30.220457847135705	19.969101074408016	20.122519551429306	29.687912792035583	8.734991384940048E-6
48.0	30.271702610728607	19.928233570603332	20.128233100017578	29.671827799384015	2.9192664656393607E-6
49.0	30.339363429296572	19.94315041704244	20.12163332659354	29.595090714959323	7.621121081310415E-4
50.0	30.294243915543507	19.930193146414812	20.092802561947337	29.68275685492382	3.5211705272252152E-6
51.0	30.307589177449167	19.882634212921428	20.120338279472964	29.68820675469887	0.0012315754575691186
52.0	30.25527813194291	19.89832752528999	20.191112709897695	29.655242694354328	3.8938515075833736E-5
53.0	30.318319533004107	19.87783605272298	20.12730076672387	29.676454320817985	8.932673105858021E-5
54.0	30.29314549777679	19.873505015893826	20.1568699724393	29.676195368274605	2.841456154806992E-4
55.0	30.26125158853278	19.933713193960646	20.101103703517627	29.70206281818526	0.0018686958036930059
56.0	30.270030629623406	19.941388184263616	20.091306234867286	29.697270177013547	4.774232141893664E-6
57.0	30.265628463410348	19.940406601682017	20.151174046737818	29.642330695935133	4.601922346839168E-4
58.0	30.288579999373216	19.978266085129167	20.078709764251087	29.654432746400545	1.140484598748916E-5
59.0	30.326905016893967	19.956683722985748	20.07795757209777	29.638453688022516	0.0
60.0	30.353180851335352	19.950778318265	20.07438186094921	29.620781839101234	8.771303492002611E-4
61.0	30.311809813493152	20.012478996118485	20.04647640865132	29.627128634826512	0.0021061469105334157
62.0	30.310826703360345	19.950223948762698	20.04796715655318	29.690929374221636	5.281710213396027E-5
63.0	30.38865300808632	19.925300563397354	20.02549840811356	29.660532799798805	1.5220603963549991E-5
64.0	30.332460902064938	19.890592129155927	20.084070349752725	29.692811285292475	6.53337339329236E-5
65.0	30.309574197869853	19.950400342125395	20.05056089345328	29.689445581903822	1.8984647642122687E-5
66.0	30.258350724437598	19.964403563346266	20.080418785480976	29.695619957625496	0.0012069691096618226
67.0	30.271073507420382	19.954117098671617	20.084653583324915	29.689778176070273	3.7763451281282173E-4
68.0	30.29052848714774	19.979886805429853	20.0568373384085	29.671402823181687	0.0013445458322215032
69.0	30.314876027080444	19.94140590295565	20.093100892513444	29.650600443787887	1.673366257041688E-5
70.0	30.343967099719706	19.90291684900717	20.042259503690403	29.71076765532491	8.889225781566994E-5
71.0	30.201731412616756	19.96679173937923	20.12560387810964	29.704751149251933	0.001121820642442674
72.0	30.313379937315982	19.91204689424528	20.098606146390495	29.675840046740927	1.2697530731839885E-4
73.0	30.274851977339136	19.967657164842954	20.083803027269592	29.67366147597436	2.6354573961181445E-5
74.0	30.347360868409474	19.930712979770636	20.017631749874354	29.70428558991013	8.81203540746323E-6
75.0	30.266382222727845	19.952356705318486	20.095107000648465	29.68613828467418	1.578663102710524E-5
76.0	30.25088084965541	19.98224745355455	20.063808756385797	29.699994620939535	0.0030683194647067127
77.0	30.289336705366665	19.960595865130013	20.091157736308947	29.658798483684386	1.1120950999164384E-4
78.0	30.275490988676125	19.953507052409027	20.095942868070523	29.675057178183977	1.9126603419027E-6
79.0	30.340293079320617	19.924435547411736	20.072691944909078	29.66221866984537	3.6075851319570526E-4
80.0	30.396217132677766	19.901157862780373	20.063289935577274	29.63876896132451	5.66107640078955E-4
81.0	30.288454160799855	19.93663806809499	20.13291604207232	29.63869401642637	0.0032977126064649706
82.0	30.24911878889091	19.91240858235938	20.168215281817496	29.670250885682293	6.461249920009726E-6
83.0	30.329522196744097	19.970594645800215	19.999124773491857	29.69968331687945	0.001075067084380589
84.0	30.32556016082706	19.95549250166852	20.052928862841604	29.665998954857574	1.9519805243355428E-5
85.0	30.34820956439459	19.945132128006346	20.050289031319657	29.656215194490915	1.5408178849365256E-4
86.0	30.277367470416593	19.94080213455569	20.08877419500919	29.692764652047916	2.915479706086101E-4
87.0	30.3177055633565	19.91191160538867	20.103619891609593	29.66674715934551	1.5780299723911822E-5
88.0	30.31220183224098	19.955884287004938	20.06083273926619	29.67106926344451	1.187804337742661E-5
89.0	30.25471292270544	19.99246951568268	20.06752200921079	29.68525316295939	4.238944169614781E-5
90.0	30.35577059949615	19.969412220099308	20.025875881536212	29.646624244289494	0.0023170545788356047
91.0	30.309493532227826	19.947548646880367	20.09168596993434	29.65124782829272	2.402266474358118E-5
92.0	30.305159465718262	19.961505191615053	20.09304820893048	29.640265700847102	2.1432889103217777E-5
93.0	30.301948487321003	19.982973192092114	20.09328783582593	29.61976756557737	0.0020229191835785918
94.0	30.311583429671863	19.94846446495779	20.071069328540055	29.668873328347413	9.448482876001566E-6
95.0	30.3466770425036	20.001505352608323	20.049092432992385	29.602715688079424	9.48381627059642E-6
96.0	30.31795746411965	19.957716296194363	20.097996468113973	29.626326371499978	3.4000720325660527E-6
97.0	30.312154935233217	19.962515748665666	20.047303993517936	29.678021226301837	4.096281345273957E-6
98.0	30.246154755820996	20.009680984511817	20.068247952173117	29.675739457063283	1.7685043078400077E-4
99.0	30.23608004679611	19.999628121673055	20.092370612646903	29.671219990136414	7.012287475131755E-4
100.0	30.236238335495415	20.002247741754346	20.088003525469492	29.670663755196685	0.002846642084069784
101.0	30.3315587423458	20.02588227604106	20.037174440337008	29.605384541276138	0.0
102.0	30.306214536496718	19.953094438595652	20.063158730579712	29.677532294327925	0.0
103.0	30.273552557016153	19.973445460459992	20.0555465705617	29.697339280974855	1.1613098730269957E-4
104.0	30.279122495735265	19.998180509363095	20.05800281542605	29.664688558993273	5.620482313399514E-6
105.0	30.330330211680867	19.97573152121354	20.092679808512056	29.601256341971844	2.116621692571353E-6
106.0	30.333459672534175	19.951852931250148	20.074049084940686	29.64062484832033	1.3462954660807587E-5
107.0	30.290587263038194	19.976337153417003	20.085319591587087	29.64775599195772	0.0
108.0	30.278436931545112	19.978184800761035	20.071227925902814	29.672113882325945	3.6459465095895686E-5
109.0	30.318535429989176	20.006259067167893	20.054380547362737	29.62019586019828	6.290952819168062E-4
110.0	30.255369378345286	19.991568696743993	20.089313860668017	29.663561907716495	1.8615652620839287E-4
111.0	30.293440868710586	19.998599626585456	20.06256325550367	29.6453889993897	7.249810595073298E-6
112.0	30.2425409927074	19.99821932025289	20.037406948048055	29.721823998744203	8.740247449807018E-6
113.0	30.267730218620585	19.976746232162725	20.04785344209016	29.70766571639224	4.390734283203811E-6
114.0	30.32609724677677	20.025856953217076	20.03587399498236	29.612171805023795	0.0
115.0	30.35802258234583	19.976297163710218	20.033944804412002	29.631727322862112	8.126669841337928E-6
116.0	30.2478040056173	20.011454973149714	20.083977397143208	29.656145881176855	6.177429129221572E-4
117.0	30.267024945293812	19.99948151698727	20.130121625085458	29.603356987964126	1.4924669335928852E-5
118.0	30.303945603743404	19.998824118058728	20.08398479475733	29.613240232628097	5.250812445082597E-6
119.0	30.293747480057597	20.023223602198744	20.00765710368922	29.67537030603811	1.508016324487835E-6
120.0	30.261414819929744	20.0486877976373	20.046929102843546	29.642601379468648	3.6690012076623607E-4
121.0	30.255976193464836	20.084613313377695	20.064986152459895	29.59442434069758	0.0
122.0	30.2438317413564	20.066116471818678	20.023769996623074	29.666281790201854	0.0
123.0	30.26468751369445	20.038117726977678	20.05661026748647	29.64056061260802	2.3879233380783425E-5
124.0	30.187782730866726	20.06949918705648	20.038233886153517	29.70446018501489	2.4010908388044315E-5
125.0	30.232359130815244	20.070209258423947	20.051812615637584	29.645618995123225	0.0
126.0	30.248306730808373	20.01202676552462	20.10962138266094	29.62849531641849	0.0015498045875750718
127.0	30.305449572248627	19.989464656638308	20.099275035818426	29.605810735294636	0.0
128.0	30.259034538796904	20.0652470290509	20.088599628252165	29.587118803900026	0.0
129.0	30.28806890330272	20.02798942807588	20.07571132483285	29.60804940995364	1.8093383491168082E-4
130.0	30.23982122930396	20.004908504210025	20.099346662905397	29.65591478485225	8.818728368711545E-6
131.0	30.267614042774373	20.039517201795274	20.056430560937294	29.6364365813156	1.6131774659756676E-6
132.0	30.30436326628611	20.05358466540358	20.097190162082438	29.54484648473214	1.5421495735579008E-5
133.0	30.283869009302283	20.12643758687543	20.07459225994352	29.515099510440617	1.633438151604001E-6
134.0	30.231900358822685	20.074635401192463	20.083091350377607	29.610358918265405	1.397134183569477E-5
135.0	30.190128417146735	20.058384952561337	20.122240857477884	29.629245772814045	0.0
136.0	30.2222069962438	20.02575489243254	20.11630198699185	29.635659494681093	7.662965071388932E-5
137.0	30.242953389059934	20.083439694890465	20.124789173391115	29.548817742658485	0.0
138.0	30.27220147537194	20.093447124489252	20.073065714051406	29.561279775250387	5.910837016404025E-6
139.0	30.242922053070515	20.110677128454476	20.07558189148701	29.570818926988	0.0
140.0	30.19668843807683	20.10937468300096	20.044964546078102	29.64896976366658	2.569177524146479E-6
141.0	30.22195208939757	20.09653580543705	20.100659430472838	29.580852674692547	0.0
142.0	30.169502290073364	20.062705841362703	20.13687557463191	29.630905856556044	1.0437375978967156E-5
143.0	30.193417513703963	20.125044582256216	20.055640829966652	29.625897074073166	0.0
144.0	30.40940126854134	20.03348478107305	20.05482293149789	29.50228836983118	2.649056539396513E-6
145.0	30.344143688636883	20.021969335020774	20.231222281803287	29.40266202526939	2.6692696672656594E-6
146.0	30.54650819249341	19.929840524960802	20.140086143211324	29.38356334298518	1.7963492829449695E-6
147.0	30.447692510248743	19.92348755590409	20.14740397499349	29.481415958853674	0.0
148.0	30.3609715570482	20.1422067528993	20.12572423812174	29.371044382881294	5.306904946698774E-5
149.0	30.318595790290377	20.060445379572304	20.302887064152326	29.318069919365996	1.8466189952739942E-6
150.0	30.17173773580745	19.860506021413133	20.556279679684348	29.411476563095064	0.0
