# Position (bp)	A	C	G	T	N
0.0	26.432963869985265	25.344455830139655	24.820795130247962	23.34953795414579	0.05224721548132774
1.0	28.500195935706575	18.063946317543746	18.769401207166723	34.66105295338992	0.005403586193035095
2.0	30.062373363086724	19.925776915454268	18.603050629609555	31.40434407970465	0.0044550121448018055
3.0	32.8565055263015	19.15577233377095	19.359778481444327	28.62408247867435	0.003861179808876718
4.0	33.24195489303612	18.541688228266743	20.169812061165423	28.045426578832394	0.001118238699315486
5.0	33.839960462731575	18.663539362682492	19.645093987027604	27.84948664921925	0.0019195383390752767
6.0	28.521320716413516	18.740259034042797	17.687553948515074	35.04608794031977	0.004778360708838344
7.0	28.344613204189038	21.525317816457136	18.336681050651784	31.772688511474456	0.020699417227580955
8.0	28.165754339069537	20.92158035205643	18.694651676859138	32.2171700362779	8.435957370003743E-4
9.0	32.72609398030435	18.788450638743743	19.190913162589577	29.292218577480167	0.0023236408821622695
10.0	30.022622732932597	21.384084050925512	21.321204454774392	27.261197092661487	0.010891668706011067
11.0	28.87224688616879	21.325098334311942	20.14957995628422	29.638763986793055	0.014310836441994582
12.0	29.954132009498107	19.96033135200051	19.604353492396484	30.479270349480487	0.0019127966244143115
13.0	30.12510532777152	19.896529823641288	19.593771245767744	30.38321594091365	0.0013776619057977956
14.0	30.134556541185304	20.031554044524476	19.748578266717686	30.081195106542058	0.004116041030473073
15.0	30.321336140775212	20.049588386225906	19.691948310279905	29.936558101380484	5.690613384954367E-4
16.0	30.395965033655813	19.95022690132977	19.80408720021305	29.846638437804767	0.0030824269965951364
17.0	30.36508405052949	19.987093992622786	19.87529353385196	29.770693219981908	0.0018352030138577282
18.0	30.367910308326685	19.895377593153448	19.93404886427076	29.796742052843673	0.005921181405428717
19.0	30.269479100728976	19.975404134250844	19.76420476589141	29.990117003246684	7.949958820846862E-4
20.0	30.124572414813034	20.1099876871055	19.744472180256338	30.020463532191823	5.041856333012376E-4
21.0	30.023210124630605	20.126876139690946	19.73982200983012	30.108658000041988	0.0014337258063374199
22.0	30.004424633915455	19.97369938275954	19.73566858152251	30.285573730967975	6.336708345227749E-4
23.0	30.095090547846393	19.88020223672385	19.840363620648382	30.181724054357872	0.0026195404235077723
24.0	30.104629514694114	19.914862017365216	19.86750001738482	30.11063891322916	0.0023695373266877143
25.0	30.1255753833679	19.898581346377377	19.920499146335207	30.051030740362066	0.004313383557455894
26.0	30.121057190804546	19.920327243762348	19.887980000428186	30.069593920639598	0.0010416443653215592
27.0	30.054836536090118	19.967633714481316	19.878714653020594	30.09799469830437	8.203981036078704E-4
28.0	30.065339179573048	19.96117886952136	19.934715170560004	30.037239472809212	0.0015273075363752024
29.0	30.028770291189872	19.97713086186485	19.89270979019341	30.099617195246296	0.0017718615055730418
30.0	30.024344864713065	19.942198104289382	19.908481459546266	30.123964734952597	0.0010108364986877354
31.0	30.057834450204464	19.917743681175363	19.895848833130948	30.127543406076096	0.00102962941312452
32.0	30.05261540227842	19.95735451654104	19.92313627391548	30.065694116122422	0.0011996911426359123
33.0	30.112020192094626	19.929682244820334	19.917841730240855	30.03763679509269	0.0028190377514887835
34.0	29.999685012284033	19.980712888390407	19.93459316996017	30.083239648519406	0.0017692808459870697
35.0	29.98940989084442	19.989840946170208	19.883987330743587	30.13439361120991	0.002368221031877749
36.0	30.020477775195058	19.94810951554648	19.92779002497048	30.101617185975737	0.002005498312239517
37.0	30.041653639822886	19.963795543283556	19.866161891372887	30.127962528695875	4.263968248023812E-4
38.0	30.06539211060809	19.89676738033417	19.88800165171292	30.148940637237548	8.982201072769998E-4
39.0	30.049566766276946	19.95803389950474	19.881014289195317	30.110656677236314	7.283677866793619E-4
40.0	29.991324648926316	19.963914786979025	19.951038305576485	30.09166631412492	0.0020559443932560728
41.0	30.02534648938852	19.935607310082762	19.8866559135591	30.15180721213751	5.830748321069986E-4
42.0	29.98305790194969	20.003275134676223	19.917684437795003	30.094213601054975	0.0017689245241043344
43.0	30.003770771233622	19.94486029093519	19.91467279317462	30.134168078573094	0.002528066083476799
44.0	29.971812859206555	19.973518156427485	19.93898182611481	30.11509715904552	5.899992056387507E-4
45.0	29.976277009617768	19.97333648771484	19.942992895414573	30.103661538216315	0.0037320690365071764
46.0	30.004587992543545	19.92373625498989	19.97616963748131	30.094797517072912	7.085979123417143E-4
47.0	30.011137375329376	19.973533381392894	19.89272198405747	30.121838214443315	7.690447769434408E-4
48.0	30.00428714833447	19.942699479674516	19.910825588853704	30.136891048043097	0.005296735094213716
49.0	30.005596614502334	19.942956684723683	19.94541030326033	30.098426143544817	0.007610253968836104
50.0	30.010786304940236	19.97327302616725	19.920930294055236	30.094123136410957	8.872384263251444E-4
51.0	30.020583986610905	19.946013674724227	19.931115081623027	30.09861402817691	0.0036732288649276687
52.0	29.990124678206293	19.950762050625855	19.98790104293068	30.07061983960352	5.923886336592463E-4
53.0	30.030020056692212	19.960539779169288	19.889953576921343	30.117219143182965	0.0022674440341910185
54.0	29.97052466751177	19.955452586414076	19.94528229040901	30.127808324404786	9.321312603609344E-4
55.0	29.940093669196177	19.975937597709812	19.938405913530772	30.143264991198265	0.002297828364975473
56.0	29.962092315801492	19.97044667039245	19.927315077160895	30.139363032032986	7.829046121775711E-4
57.0	29.981890524913474	19.961475480740106	19.977764955344	30.07311246447847	0.00575657452394951
58.0	29.993701850033478	19.96808974678779	19.932045167679863	30.103295818650533	0.0028674168483372687
59.0	30.023296589249103	19.95808014336326	19.926076249657136	30.0919073830213	6.396347091969485E-4
60.0	30.01631603272553	19.9393837157861	19.93150897107857	30.10902271604713	0.003768564362666614
61.0	30.002249707430412	19.97328555927571	19.948667183804957	30.07483264692887	9.649025600572054E-4
62.0	30.01657200841453	19.947870413659132	19.934776558245805	30.099020588841345	0.0017604308391827978
63.0	30.02558475361169	19.98677658374106	19.897579237977443	30.08709234568657	0.0029670789832397628
64.0	30.0103822159515	19.942876204146167	19.933926404715134	30.111372141527898	0.0014430336593059141
65.0	29.965787212734096	19.95264622965796	19.941914399329534	30.132243762485274	0.0074083957931405
66.0	29.954299214826452	19.958658576581747	19.93160850169171	30.133279967583793	0.022153739316298725
67.0	29.984347769831782	19.935200481232517	19.96204058099543	30.116194957625865	0.0022162103144115425
68.0	29.950884367121667	20.018156531391803	19.912966565741	30.113856097746915	0.004136437998615207
69.0	29.955017241056947	19.986407902068464	19.929659606360552	30.125566428880653	0.0033488216333877516
70.0	29.984526224557236	19.919979464215633	19.911662677948115	30.183435523568104	3.9610971091640117E-4
71.0	29.91982494425137	19.990589585044702	19.93264855925044	30.144336339659567	0.01260057179392585
72.0	29.969782778692615	19.948430861721157	19.96369388697385	30.112394764544426	0.005697708067953099
73.0	29.952373821466598	19.98301415327193	19.95480124470729	30.104312535420945	0.005498245133235048
74.0	29.998910680039597	19.95684594678328	19.935199027125538	30.106828000669932	0.0022163453816535254
75.0	29.954206902469675	19.9824104273271	19.96113918753238	30.09775473166374	0.004488751007106841
76.0	29.939857038655127	19.980289194830693	19.938305090459412	30.140782947619076	7.657284356890647E-4
77.0	29.959796668816534	20.004251229793567	19.924075340528574	30.110695091363443	0.001181669497884997
78.0	29.956912573952838	19.96521608329604	19.940995707427028	30.135170389523363	0.0017052458007276706
79.0	29.990978991408067	19.984566916270165	19.952959998061935	30.069250100902057	0.002243993357779661
80.0	30.01843283313074	19.95850335205061	19.91035764834888	30.112168947679486	5.372187902938423E-4
81.0	29.936814902360965	19.989764199674738	19.9682733284079	30.087410262262637	0.017737307293758758
82.0	29.9255420286508	19.95906630739693	19.98103091110147	30.129892685924737	0.004468066926069211
83.0	29.977999196114514	19.986024078855568	19.89766983258393	30.13407756871721	0.004229323728780911
84.0	29.96772534073206	19.9898756168808	19.942939273979018	30.096101662232645	0.003358106175476964
85.0	29.970013884937142	19.97781675132258	19.949477857177943	30.101319480320665	0.0013720262416675654
86.0	29.932857923260464	20.006235310142397	19.923679436533916	30.13670009470762	5.272353555986354E-4
87.0	29.953444258164875	19.972458028896344	19.950802459762677	30.12307134504031	2.239081357958062E-4
88.0	29.935547764532654	19.997191995671546	19.945366861338194	30.117690608821267	0.0042027696363382775
89.0	29.90918133833186	20.006957301716902	19.95291523080481	30.130479753549245	4.663755971843691E-4
90.0	29.944851176278547	20.000183883872786	19.918760809784853	30.136039147146597	1.6498291722025376E-4
91.0	29.904908546063226	19.994618546985514	19.960700516806167	30.13956836467108	2.04025474010215E-4
92.0	29.909292144802897	20.016269655145088	19.97051507689568	30.103599251124074	3.238720322626817E-4
93.0	29.921310271362415	20.022533108471986	19.976834040727795	30.078558180999337	7.643984384681236E-4
94.0	29.936391234772646	19.995234781208115	19.966047897159978	30.101946762734443	3.7932412481332873E-4
95.0	29.959794862482475	20.027660544048693	19.924313581471193	30.0879578439221	2.731680755364362E-4
96.0	29.9246295993838	20.00591952055113	19.951925546934245	30.117342662082798	1.826710480317537E-4
97.0	29.91056751697554	20.033835100204026	19.903951382617663	30.15090498530288	7.410148998957574E-4
98.0	29.89844533909395	20.050979159880907	19.943686307842388	30.10570118907069	0.0011880041120694818
99.0	29.912240882099344	20.041311247511974	19.939612501176505	30.106573649338625	2.617198735488086E-4
100.0	29.89981762731226	20.009646622678925	19.970237807743075	30.118273505530997	0.0020244367347420672
101.0	29.92585117771175	20.011722320772364	19.956918988602553	30.103017807670586	0.002489705242752721
102.0	29.884950919351137	20.008549421410876	19.985975984076312	30.12011485048492	4.088246767505545E-4
103.0	29.90299194527257	20.01061146747141	19.989820394576846	30.096324412102778	2.5178057639577107E-4
104.0	29.867558843124154	20.06504440191842	19.95871168684459	30.108474259803508	2.1080830932739767E-4
105.0	29.906287131145454	20.031774779546016	19.979403270674258	30.08235183060802	1.8298802625404758E-4
106.0	29.911223702271716	20.021179768528526	19.975233837834534	30.091973561759712	3.8912960551101854E-4
107.0	29.888222556813727	20.0058496982507	19.985211459796865	30.12025991131541	4.563738233034818E-4
108.0	29.864124559161194	20.038329230345127	20.015738528294793	30.08162281834577	1.8486385311457687E-4
109.0	29.933124544432694	20.011612961400637	19.96685254519191	30.088185287392967	2.2466158179215912E-4
110.0	29.853792121957344	20.028042670393617	20.000143833094576	30.117638730692413	3.8264386204909823E-4
111.0	29.903637303511132	20.004738935379766	19.965007185390622	30.126256500304283	3.60075414194749E-4
112.0	29.918283550857478	19.984249438453453	19.93187376202321	30.165173362181143	4.198864847213633E-4
113.0	29.883937716006926	19.991058393221277	19.999864233223967	30.124827013954164	3.126435936615778E-4
114.0	29.877975218783305	20.052503103706684	19.978568548443366	30.090635880341893	3.1724872475114046E-4
115.0	29.908653252749296	20.003096405526318	20.02522924911922	30.053198001003466	0.009823091601695196
116.0	29.866512476304983	20.064064481316514	20.01015223567524	30.059015786847	2.5501985626521953E-4
117.0	29.83134352368663	20.037794815748036	19.993998323402376	30.133587718661126	0.003275618501829594
118.0	29.835879554222316	20.05467958941407	19.99775879659136	30.110844160916994	8.378988552576551E-4
119.0	29.86682741832027	20.04086668606724	19.962807240215078	30.12926713512467	2.3152027274572686E-4
120.0	29.838716602755465	20.034132852589398	20.0270429109668	30.09967294007033	4.346936180021779E-4
121.0	29.85398337197832	20.055718901165008	20.047103678187145	30.042875164278904	3.1888439061976805E-4
122.0	29.813042399683816	20.065052764604747	20.02122902851219	30.1004521893272	2.2361787204839393E-4
123.0	29.827131742671874	20.02595831708446	20.05111038822036	30.095574995999307	2.2455602399738608E-4
124.0	29.80013249721895	20.00998122381726	20.02335038409453	30.166167837015468	3.680578537871773E-4
125.0	29.79511215245529	20.053259762394827	20.013879891538842	30.137168385077228	5.798085338140622E-4
126.0	29.81896063900035	20.041315587448672	20.04174142753426	30.09756014558999	4.22200426731802E-4
127.0	29.901789862204797	20.009723808594913	20.023611830269438	30.05738213240757	0.007492366523280184
128.0	29.954598046246034	19.922759870634966	20.102433937493153	30.019060602330605	0.0011475432952478709
129.0	29.83034656577452	19.928031450082557	20.208683450474414	30.030992520428946	0.0019460132395673444
130.0	29.74157749909124	19.93479138924622	20.206646823199826	30.116519134817928	4.651536447892182E-4
131.0	29.67481413305078	19.968805002743196	20.10389531948992	30.251515507020738	9.700376953669417E-4
132.0	29.50355350271166	20.107476854060387	20.051715203454165	30.334977728639227	0.002276711134557931
133.0	29.516305974620376	20.06509890347425	20.138265153882482	30.28001043191414	3.195361087550544E-4
134.0	29.54448042270475	20.02914174870059	20.08623803024458	30.33951653835506	6.232599950222301E-4
135.0	29.645830008296294	19.915411247508725	20.162848095909414	30.273010523221473	0.002900125064097414
136.0	29.73170125866075	19.966061407319216	20.199771238608882	30.1013062451318	0.0011598502793531828
137.0	29.995348877252486	19.871727798433987	20.10516595603639	30.027285679199387	4.716890777460372E-4
138.0	30.08997122773369	19.882555986919073	20.18238490915188	29.844052840187956	0.0010350360073992932
139.0	29.35640406687103	20.4183778398233	21.363779893537284	28.85541124762599	0.006026952142395446
140.0	27.32221448140119	21.365522140636152	21.355174919864574	29.93941439173307	0.017674066365008484
141.0	29.146315038355098	19.460136583400047	19.14678447457787	32.246281727003925	4.82176663061122E-4
142.0	31.65564178730601	19.054419308252765	21.037651417053087	28.251581583827928	7.059035602048879E-4
143.0	31.37009858079184	18.711055110260453	21.492368978213328	28.416898098652364	0.009579232082020602
144.0	34.120735394957904	18.21602427325255	18.986757161252896	28.67226103120159	0.004222139335065507
145.0	27.72481594842216	19.98280923282354	18.94906794329611	33.34304404423341	2.6283122477484846E-4
146.0	27.917658413794694	20.367733570342203	18.888638973328014	32.82571845334737	2.505891877232315E-4
147.0	28.37136649529833	19.706340248712703	19.45701294847838	32.4622215637568	0.0030587437537929036
148.0	30.902492107700503	18.977801953342844	20.087644849289514	30.031796697890172	2.643917769648357E-4
149.0	33.61002385958375	19.306912933839282	18.730861415737397	28.350400888494665	0.001800902344904815
150.0	23.08814727902718	25.031337615629074	25.075396094436304	26.75823874961378	0.04688026129365851
