# Position (bp)	A	C	G	T	N
0.0	28.019421341067346	22.138996624506458	28.447907539412416	21.38871766202924	0.004956832984547194
1.0	28.258771927023634	19.517910555633005	20.4911371750195	31.715072506929694	0.01710783539416367
2.0	29.537554565009362	20.235915451803706	18.540304090289716	31.68593404500419	2.9184789302765006E-4
3.0	30.59572788548651	20.011814976617753	20.28031701390377	29.11208365494864	5.646904333300788E-5
4.0	32.1291180508446	19.366189209170432	20.40675236841928	28.097936256613053	4.1149526281852665E-6
5.0	32.52822906511902	19.26268918413338	20.224799713217617	27.98360870479641	6.733327335709647E-4
6.0	29.384083955081923	18.67654683331016	18.873315194903157	33.06598457193125	6.944477351281567E-5
7.0	28.49064092905748	21.28003184083407	19.0521688892899	31.17706056290581	9.777791273544004E-5
8.0	28.418963601009136	20.859052094932036	19.38411812564609	31.33767363642886	1.9254198388128E-4
9.0	31.37083926200007	19.5262973388683	19.694880161094737	29.407839720659943	1.435173769486072E-4
10.0	29.577459761587725	21.33907944779241	21.249854389897184	27.833480664979305	1.257357433783772E-4
11.0	28.808617385726116	21.350519729428957	20.469603783303647	29.371205083053294	5.401848798956989E-5
12.0	29.672373367745042	20.36671886788864	20.14488098647494	29.81578396059561	2.4281729576805874E-4
13.0	29.865389545928604	20.235849195174445	20.07264253961156	29.82602438952542	9.432975996930133E-5
14.0	29.860569049407736	20.33595840663689	20.13838158539763	29.66505999589004	3.0962667705755845E-5
15.0	30.045373438516616	20.347581817481757	20.025497553093196	29.58149877579011	4.8415118325406056E-5
16.0	30.20863550312524	20.219690743761713	20.185893635489755	29.38569681063355	8.330698973726413E-5
17.0	30.17729717526903	20.256214088355552	20.271333155642004	29.295075031626936	8.054910648084418E-5
18.0	30.30940604434054	20.10343198448728	20.40114447543814	29.185996035981297	2.1459752736705265E-5
19.0	30.132046206515074	20.219253465730063	20.133928020546243	29.51473609268343	3.621452519001895E-5
20.0	29.885184312027103	20.48207667960642	20.125157365184233	29.507470312545603	1.113306366459894E-4
21.0	29.694896655710306	20.559034069358102	20.064493302600518	29.68146597273016	1.0999960091608205E-4
22.0	29.647728512992927	20.399486227843205	20.054646821220935	29.897939873470158	1.9856447277744806E-4
23.0	29.781313015064377	20.27421998275712	20.189712459317075	29.75459620112133	1.5834174009440576E-4
24.0	29.780213172176374	20.333302998284054	20.264655855577246	29.621740727139183	8.724682314183059E-5
25.0	29.78836703098563	20.327404375251373	20.277616675529437	29.606585064750796	2.6853482765803996E-5
26.0	29.790011150189176	20.323737057643452	20.255360405195933	29.630700668357267	1.9071861417300668E-4
27.0	29.73225219047622	20.35427022124889	20.25287361047565	29.660566357314767	3.762048447203083E-5
28.0	29.759327056716405	20.330587296626184	20.297033894876563	29.61291868869908	1.3306308176624224E-4
29.0	29.714832387302188	20.34757177197654	20.292443672120097	29.644565942617966	5.86225983205513E-4
30.0	29.713467555579975	20.351711662986425	20.304612222080593	29.629801681834955	4.0687751805145117E-4
31.0	29.714307614686387	20.318622248956466	20.27373568452713	29.69247451975359	8.599320764357309E-4
32.0	29.731361697544727	20.358377924044973	20.28489729363005	29.625288688398005	7.439638224731343E-5
33.0	29.778418169203754	20.32291569587349	20.279604427635526	29.61900613657849	5.55707087390605E-5
34.0	29.68933830467084	20.356047922760663	20.300752492365202	29.653786586012515	7.469419077882289E-5
35.0	29.67919979746932	20.35884956180392	20.25894524015806	29.702827106931633	1.7829363707165142E-4
36.0	29.703806381437523	20.324941474510087	20.308722811746264	29.66244340380943	8.592849668831574E-5
37.0	29.71043547079534	20.374189644108103	20.259797797285074	29.655504637728054	7.245008343037201E-5
38.0	29.726341821285235	20.318635107052707	20.24737454433127	29.707569068844215	7.94584865780437E-5
39.0	29.728400688558658	20.35004912440969	20.238553828563273	29.68295791512872	3.844333965913911E-5
40.0	29.70258941683358	20.363769985756903	20.297445672483388	29.63614951522182	4.54097043097566E-5
41.0	29.721361853366247	20.329402924049525	20.257136950955996	29.692041727641655	5.6543986580815616E-5
42.0	29.67425685186261	20.380460962094173	20.28722214990157	29.65783335259683	2.2668354482309103E-4
43.0	29.66594457528079	20.36867871461204	20.278818432736117	29.68631309053751	2.451868335446119E-4
44.0	29.66263945052044	20.36525037589066	20.268711979841132	29.703142731379213	2.554623685604462E-4
45.0	29.665689170616943	20.360825344793064	20.289565671253072	29.683356237251	5.635760859164924E-4
46.0	29.703848330382122	20.320520461151485	20.31189682115307	29.66362141386356	1.129734497608882E-4
47.0	29.68498515914296	20.353386449833632	20.273383333079614	29.68808989123415	1.5516670964504944E-4
48.0	29.67527045732646	20.359499574955095	20.291067835821554	29.674085067549704	7.706434718861555E-5
49.0	29.694767261413123	20.365233748621662	20.26000868360278	29.679861102801823	1.292035606029582E-4
50.0	29.6890229767036	20.39048703034139	20.24917062795008	29.67123631554241	8.304946252851183E-5
51.0	29.68496262454956	20.376785175110122	20.255214079920535	29.68178380651115	0.0012543139086340254
52.0	29.681980927459957	20.358339384680075	20.287879957421975	29.67172477510501	7.495533298567258E-5
53.0	29.68610678665201	20.376380619539265	20.223950701648274	29.71293104990552	6.308422549313223E-4
54.0	29.68527849885711	20.36781515644114	20.246348820114786	29.700476532820336	8.099176663276759E-5
55.0	29.66211248505312	20.32197430863385	20.28916410312579	29.726372695475867	3.7640771137353255E-4
56.0	29.69142734385904	20.307422218021255	20.25024901626108	29.750829966074793	7.145578383264872E-5
57.0	29.69945254640292	20.30284308025853	20.295562971245417	29.702078370846262	6.303124686679193E-5
58.0	29.711698720909475	20.28629142705155	20.257929383482267	29.74400289027929	7.757827741572507E-5
59.0	29.7251426390541	20.27002672739359	20.27171014090459	29.732954887383595	1.6560526412765186E-4
60.0	29.731956262130023	20.2737955449616	20.27091422812012	29.722841715768748	4.922490195114086E-4
61.0	29.710075674336995	20.288864452893172	20.27097322176826	29.729907232266477	1.7941873509820695E-4
62.0	29.71206370865659	20.276729059465286	20.2538431855802	29.757300224618948	6.38216789798267E-5
63.0	29.720780228838173	20.307245896620028	20.233383886644845	29.73748060377075	0.0011093841262020262
64.0	29.72611349224033	20.274447636514026	20.257574421996573	29.74111822087963	7.462283694338797E-4
65.0	29.698654955415922	20.288997083286333	20.238903939932527	29.77340019023005	4.383113517511861E-5
66.0	29.66818925766187	20.29983549667163	20.27168773191975	29.760233327102846	5.418664390319928E-5
67.0	29.717666184676755	20.274119596240634	20.269354453689985	29.738811321244697	4.8444147927112344E-5
68.0	29.688671319949133	20.339707994505343	20.238173457260043	29.733385423758403	6.180452708448754E-5
69.0	29.679240522447504	20.301640010935017	20.25483928584389	29.764218224319773	6.195645381792485E-5
70.0	29.695792167792185	20.279780814278688	20.219596806184043	29.804771062842782	5.914890230431998E-5
71.0	29.640132718609607	20.329632536972856	20.23366731588255	29.796153842846984	4.135856880021638E-4
72.0	29.689309122669442	20.289745869116185	20.269536529607276	29.7512895826547	1.188959523983409E-4
73.0	29.64638653188298	20.325718299474996	20.270424147819806	29.75732201612886	1.4900469334983113E-4
74.0	29.687319181763883	20.307338289389634	20.23124926608382	29.77349873557661	5.945271860477077E-4
75.0	29.679209871665353	20.297475928015167	20.249908579911743	29.773335236786004	7.038362173721184E-5
76.0	29.67745444807862	20.290784135692817	20.250440906410013	29.781183885432977	1.366243855731135E-4
77.0	29.679612812056284	20.32145267715451	20.251614976143127	29.747262347372054	5.7187274025615384E-5
78.0	29.683475703611123	20.300404856833605	20.232112989365454	29.783863119343902	1.4333084591451267E-4
79.0	29.705370245755127	20.300228239418665	20.25388097988056	29.739995700593287	5.24834352371576E-4
80.0	29.718094881522017	20.26641699262946	20.22234759230037	29.79302074678013	1.1978676802911782E-4
81.0	29.654118285721253	20.313900580548548	20.24550311760196	29.78642177821427	5.623791397830439E-5
82.0	29.63577324908306	20.301831531306842	20.27456700805233	29.7877763952475	5.18163102657026E-5
83.0	29.66293575942845	20.32603067359124	20.202184575974872	29.80880467949146	4.431151397713501E-5
84.0	29.684138845661934	20.316878299172075	20.234449739656878	29.764481032791707	5.2082717404138544E-5
85.0	29.651745207027364	20.29924662272254	20.23393567036286	29.81487745930244	1.9504058479740343E-4
86.0	29.644501304998368	20.308414855250142	20.229987466583637	29.816460479583245	6.35893584609737E-4
87.0	29.644942331756717	20.285148393923684	20.254822523497108	29.814723982710994	3.6276811149126806E-4
88.0	29.677346047621754	20.30216270313447	20.234657110387655	29.785653067434232	1.8107142188903086E-4
89.0	29.65754942888703	20.318353563478336	20.226997023507952	29.797073608752132	2.637537454777287E-5
90.0	29.636108213195367	20.325093650365755	20.225256130151443	29.81264918329483	8.928229925998817E-4
91.0	29.617581796801456	20.34340125257215	20.22432773851772	29.814536381813245	1.5283029543094182E-4
92.0	29.661446711009532	20.314468498520014	20.226982107583652	29.797069848519115	3.28343676888808E-5
93.0	29.61807030366285	20.35942744928663	20.231401882232124	29.791067447317225	3.29175011710401E-5
94.0	29.65861360277599	20.318359960108356	20.207903779555693	29.81506136897115	6.128858880808451E-5
95.0	29.649683384315566	20.358281522572547	20.21694421045178	29.774840354431582	2.505282285281315E-4
96.0	29.64353701695133	20.352047228590838	20.191628421410034	29.81272414929594	6.318375185592398E-5
97.0	29.641026542508804	20.34404166806229	20.187855324841447	29.826788233620068	2.882309673926049E-4
98.0	29.626247728272425	20.37222708149999	20.193439217580746	29.8080256319611	6.034068573473622E-5
99.0	29.638705905621066	20.34739479377302	20.195698904770772	29.81653671458743	0.001663681247715722
100.0	29.608234532436068	20.33812962295885	20.224254020381686	29.829292431149057	8.939307434180279E-5
101.0	29.615611247572655	20.35660079218655	20.201330102304702	29.826400236452955	5.762148313279937E-5
102.0	29.622803610921277	20.369207170703856	20.202808988637816	29.80511924333724	6.098639980815604E-5
103.0	29.62494296644517	20.36150769217995	20.200363862574147	29.813068008263876	1.1747053686062919E-4
104.0	29.601335237295483	20.384810776856547	20.17749724409048	29.8363228511753	3.3890582189688917E-5
105.0	29.62090065981173	20.35593987523275	20.211516856278045	29.811569790348585	7.281832888472676E-5
106.0	29.642002672083915	20.35482037064999	20.201781244328167	29.801340546162113	5.516677581575517E-5
107.0	29.59602345605179	20.355826691768712	20.21577791067776	29.832241789177967	1.301523237721267E-4
108.0	29.573137646446884	20.366523990184813	20.244281134944615	29.81592019217963	1.3703624406363884E-4
109.0	29.604071051708754	20.354339161302022	20.189507955013994	29.85201639550119	6.543647404197238E-5
110.0	29.550640476864835	20.372329391476644	20.232569298696966	29.84441325868766	4.757427389969522E-5
111.0	29.611183769899075	20.344115009931155	20.207145865501488	29.837501071677824	5.4282990454549966E-5
112.0	29.614130385658154	20.339870194810707	20.195745937790075	29.8502138953215	3.9586419562077873E-5
113.0	29.578977944018884	20.357030895502927	20.230523989477646	29.83342747373782	3.969726271990857E-5
114.0	29.590329228734134	20.406769929982083	20.17783566855203	29.824987219878494	7.795285325189614E-5
115.0	29.61446612630891	20.357936982624818	20.22425513424749	29.80330017770249	4.157911629342868E-5
116.0	29.578182686548367	20.389378731481408	20.220660412136024	29.811719795563967	5.837427023614544E-5
117.0	29.539572128648434	20.377904185747457	20.21408788721501	29.86838896410252	4.6834286578330517E-5
118.0	29.54268879309826	20.380373434735475	20.21708772194264	29.859793018899627	5.7031324001812186E-5
119.0	29.577150933926404	20.385137556914685	20.203000136881926	29.834605379634688	1.0599264229360811E-4
120.0	29.528387019536723	20.410832772197008	20.233410104071048	29.82720139213097	1.6871206424879333E-4
121.0	29.54277233230846	20.407243876638745	20.25195607138434	29.797985420745693	4.229892276487416E-5
122.0	29.508026295165013	20.427103510887154	20.223637584248365	29.841174920156828	5.76895426403601E-5
123.0	29.53826984620578	20.382001626596047	20.253482705360643	29.82618966659886	5.615523867286725E-5
124.0	29.522260270874746	20.382544328515888	20.21240234816687	29.882741850097077	5.120234542242328E-5
125.0	29.50899579074292	20.404693484622253	20.246420063422356	29.839827318289352	6.334292310949793E-5
126.0	29.50894948716171	20.411135836676785	20.240303371968793	29.839573522317814	3.77818748977206E-5
127.0	29.635688251842918	20.31959810557002	20.209191731592938	29.835459893651628	6.201734249520128E-5
128.0	29.76786725994161	20.186846390274006	20.330957465321923	29.714270132735187	5.875172727918211E-5
129.0	29.55310361062619	20.241801089446625	20.458267218737088	29.746755274599156	7.280659093798898E-5
130.0	29.37917372077629	20.294241038089016	20.376127980061522	29.950387701777387	6.955929577821158E-5
131.0	29.336411254712864	20.33645682029548	20.10266456083431	30.224406307672215	6.105648513375766E-5
132.0	29.011103011447926	20.589518086689488	19.99297742630639	30.40633845829388	6.301726231866696E-5
133.0	29.123141763865362	20.465375133821105	20.21716651429284	30.194249842137204	6.674588349154742E-5
134.0	29.210936180024476	20.360211951507512	20.175365806775034	30.253406747495003	7.931419797817886E-5
135.0	29.406121365993283	20.22022217114948	20.30899618861547	30.0645983738411	6.190040066360767E-5
136.0	29.47130106894229	20.327951020725735	20.32866092289554	29.872021321485732	6.5665950706665E-5
137.0	29.63363573694548	20.299261025484945	20.231936930544205	29.835095062712096	7.124431327891408E-5
138.0	29.64958720847154	20.341786363237063	20.37025098500621	29.63832897335137	4.6469933818771365E-5
139.0	29.184043725379706	20.695506210944956	21.3653302340666	28.75505524560516	6.458400357924548E-5
140.0	27.676142367297658	21.42862031275017	21.3266551198806	29.5685065582371	7.564183447297362E-5
141.0	29.184942171882444	19.90433937350276	19.559213703910295	31.351448687405348	5.606329915407173E-5
142.0	31.045500610457253	19.647795140777312	20.841787891934526	28.4648382595665	7.809726440357382E-5
143.0	31.06209658871894	19.272501222401083	21.23121028587286	28.43412623890603	6.566410109119691E-5
144.0	32.78960757599258	19.175717571338836	18.571302033918542	29.463321448924102	5.136982594398568E-5
145.0	27.794425541505447	20.500015803047358	19.256050130220064	32.44900821847077	5.003067563492066E-4
146.0	27.981316611324413	20.57615300935083	19.346892911958165	32.095559329688115	7.813767847785273E-5
147.0	28.991704627838338	20.52082100330839	20.062614474793975	30.42481304152626	4.685253303909443E-5
148.0	31.472432355280063	18.854485972627195	20.074398052804757	29.59829091779625	3.92701491737032E-4
149.0	31.368070826898187	21.002694025477524	19.47066355409778	28.14256492197622	0.01600667155028568
150.0	20.433418372366337	29.429714044604655	21.86784303388371	28.26607704639455	0.002947502750742302
