# Position (bp)	A	C	G	T	N
0.0	28.40870180267095	22.077178732675186	27.613258986715337	21.895917255754625	0.004943222183898088
1.0	28.49687702543424	19.056072569875134	19.9790449668298	32.450971718369026	0.017033719491799
2.0	29.841845767992638	19.86836528421263	18.185483760457554	32.10400774209695	2.974452402338564E-4
3.0	30.97396250969659	19.6816795951531	19.818308411464763	29.526004201228716	4.528245682841724E-5
4.0	32.54673035422693	19.009529031445634	19.96878262953114	28.474954118069974	3.8667263173646556E-6
5.0	32.98354334302346	18.87388826092607	19.79560262728398	28.34622245797627	7.43310790219093E-4
6.0	29.692007364099126	18.346031971332298	18.413211815873247	33.54865538331222	9.346538310442657E-5
7.0	28.813800677766732	20.89943260243838	18.618124923716632	31.668548557299776	9.323877848310571E-5
8.0	28.688099913870214	20.52022213540021	18.967290639476854	31.824231720312273	1.5559094044967185E-4
9.0	31.723265106002284	19.171741213701498	19.293577461739524	29.811260852539185	1.553660175041468E-4
10.0	29.944371654467822	21.002498495865275	20.846000576003703	28.206994473485192	1.3480017800236333E-4
11.0	29.154631103483442	21.007220359778938	20.089229174593868	29.748857117443883	6.224469987015755E-5
12.0	29.999246872187868	20.007066838729195	19.78086835827083	30.212571752555068	2.461782570414437E-4
13.0	30.21883904540844	19.87563840272068	19.669891966609658	30.235557060475514	7.352478570599064E-5
14.0	30.234134370817937	19.962655832664574	19.740058365094495	30.06312230358542	2.9127837570614743E-5
15.0	30.418954650925063	20.01594565501334	19.639159462863514	29.925894683751363	4.554744671831216E-5
16.0	30.56233160146436	19.89256953867734	19.766666111714162	29.77835563629293	7.711185120790469E-5
17.0	30.49809166835277	19.935163293776217	19.89278820256443	29.673862104261218	9.473104536302207E-5
18.0	30.633574767755405	19.762420583270192	20.00414862548607	29.599826998001266	2.9025487065656142E-5
19.0	30.446721635579376	19.870912603275585	19.746562011365555	29.93575200486917	5.174491031382834E-5
20.0	30.226841106011477	20.11492745525924	19.718830138984124	29.939306637152807	9.46625923550339E-5
21.0	30.016041701278475	20.216982001304327	19.684718506890114	30.08217573837188	8.205215520273718E-5
22.0	29.98383355282647	20.05102058659925	19.659940362560572	30.304978233696932	2.2726431677130734E-4
23.0	30.084214512340967	19.932495893937784	19.800701838326535	30.182452632517563	1.3512287714540874E-4
24.0	30.112751214031956	19.985193331855427	19.85366622878197	30.048254058838175	1.3516649246400698E-4
25.0	30.143855773790833	19.94912016922808	19.884752062867207	30.02222018320313	5.181091074849062E-5
26.0	30.1476426139815	19.950600264855616	19.877627750347738	30.023938488895546	1.9088191959757745E-4
27.0	30.09615287457349	19.976992996563744	19.849656872205685	30.07715678832875	4.0468328329108374E-5
28.0	30.131740628454057	19.94332890256965	19.90881183440891	30.01601236202677	1.0627254061145045E-4
29.0	30.063336618584945	19.974120970540557	19.890460140387837	30.071451976037018	6.302944496460613E-4
30.0	30.050313878065676	19.980043418873326	19.909577916140613	30.059624734199282	4.4005272110594814E-4
31.0	30.049558960726124	19.960343225294846	19.85070888495591	30.138551569779203	8.373592439136499E-4
32.0	30.066828045983684	19.99784462619351	19.88164540701682	30.053615719129713	6.620167627736771E-5
33.0	30.1318482208156	19.986325176814905	19.87710084002795	30.00467601344654	4.974889500369423E-5
34.0	30.03591948752659	20.023714136716954	19.889680990401285	30.05061253361309	7.28517420781463E-5
35.0	29.98968195021387	20.022121816770852	19.88581622933428	30.102228870379754	1.511333012367187E-4
36.0	30.065636877233402	19.95190010450573	19.92388893453672	30.058513761846093	6.032187805467744E-5
37.0	30.089732040716694	20.012105225762447	19.836285291387963	30.061800268328177	7.717380472053642E-5
38.0	30.11441753309822	19.911837330541477	19.857214994812704	30.11643604733357	9.40942140359282E-5
39.0	30.089147811067573	19.970048238951904	19.832705394276307	30.108043011977177	5.554372703807792E-5
40.0	30.008949808103463	19.995158298412054	19.90912301395186	30.08671839390032	5.0485632300376156E-5
41.0	30.051004371249117	19.94151602893613	19.87493714729659	30.132486668493875	5.578402428831229E-5
42.0	30.018589015966313	20.02938322529633	19.8783014784286	30.073514358922072	2.1192138668250124E-4
43.0	30.025991077241088	19.984459397501794	19.859985266407108	30.129301075219782	2.6318363022835453E-4
44.0	29.979355368010403	20.005421128791358	19.899991285559622	30.11498935190443	2.4286573418585646E-4
45.0	30.009928561233558	19.999005979213006	19.90037074646028	30.090160799874237	5.339132189231459E-4
46.0	30.03776372421966	19.951460954424352	19.92981326037591	30.080853206102702	1.0885487737917745E-4
47.0	30.03591460545602	20.002508622914807	19.87325657870784	30.08814932370886	1.7086921247247463E-4
48.0	30.035659140947285	19.965268281794447	19.863382199026816	30.135612653882355	7.77243490941451E-5
49.0	30.02905445963478	19.968960518664318	19.906208219732594	30.09563949418188	1.373077864275082E-4
50.0	30.033494213140706	20.01411025038675	19.86524193512746	30.087068917083865	8.468426121569602E-5
51.0	30.05767557261308	19.988477378065213	19.869521948846884	30.083116953180365	0.0012081472944535973
52.0	30.020887140496725	19.98679219960877	19.925550209931426	30.06671329520331	5.715475976399019E-5
53.0	30.043527780726127	19.995324057235255	19.81282933052711	30.147695336949447	6.234945620549549E-4
54.0	30.01112549224648	19.977897494268678	19.87640985724862	30.134454996020583	1.1216021563388962E-4
55.0	29.99201194876261	19.944295153972288	19.898006169926678	30.165264773698695	4.219536397258823E-4
56.0	30.0205712380059	19.9445096812361	19.874993731964924	30.15986359144615	6.175734692585688E-5
57.0	30.02550538288115	19.945549852632052	19.908207802969187	30.120691210745083	4.575077253207045E-5
58.0	30.029883542843578	19.935552829216412	19.873509251695467	30.160993659001466	6.0717243077718186E-5
59.0	30.06189450673236	19.920764342428647	19.87697668563884	30.14018866003685	1.7580516330568664E-4
60.0	30.07025950705512	19.907037000849854	19.885184771100977	30.13704564685582	4.730741382270038E-4
61.0	30.056299377534216	19.941425725862175	19.899085070413992	30.102972457747345	2.1736844226750553E-4
62.0	30.060991530848426	19.922332225151575	19.85442480562289	30.16219832931979	5.31090573248543E-5
63.0	30.07477441169575	19.939302613511277	19.83846151210823	30.146380451974125	0.001081010710618633
64.0	30.069683093504707	19.898475497642572	19.85973089871162	30.171396387029553	7.14123111541105E-4
65.0	30.029017179267665	19.911209869502155	19.844175527298272	30.215548059362924	4.936456898375589E-5
66.0	30.013578050218374	19.93182319356923	19.87137582227467	30.183152841264903	7.009267282121564E-5
67.0	30.037878439319915	19.908696502414355	19.893615215822468	30.159727190160147	8.265228311228163E-5
68.0	30.004001315546397	19.999987573554204	19.824534443208243	30.171422819759375	5.3847931783783155E-5
69.0	30.029036647524478	19.944020927500056	19.874995451930445	30.151898534114796	4.843893022428844E-5
70.0	30.046080622466746	19.90402268943017	19.81562618536799	30.234215016502645	5.548623244389597E-5
71.0	29.96931430753938	19.965351145053344	19.86943602222013	30.195523107206153	3.7541798099458983E-4
72.0	30.021557182621844	19.925827658533926	19.89696692290129	30.155521397010137	1.2683893280063583E-4
73.0	30.002686723511335	19.964149819125435	19.86068273853083	30.17233679719642	1.4392163598266704E-4
74.0	30.05224362793799	19.91537635418871	19.852934379242367	30.178878379039332	5.672595916033479E-4
75.0	30.021133228041126	19.918329274006606	19.88964704046917	30.170825873668782	6.458381431895047E-5
76.0	30.002963490990137	19.934138326853184	19.85481258635833	30.20794344506222	1.4215073613392052E-4
77.0	30.006898302277335	19.94845077097436	19.871679615430722	30.172912064518748	5.924679883198039E-5
78.0	29.991632862016093	19.93437712405159	19.877401794304326	30.196448227628466	1.3999199952793002E-4
79.0	30.044650303733416	19.935525464881486	19.87304072355808	30.146208029638654	5.754781883561088E-4
80.0	30.066104787364477	19.89371310794233	19.845836436746918	30.194197900442582	1.4776750368953435E-4
81.0	29.96798225791218	19.960072384273058	19.902858172784153	30.169021675292495	6.550973810801724E-5
82.0	29.964934230390263	19.9084369600639	19.922773266804263	30.20380271500038	5.282774120043674E-5
83.0	30.016328596399124	19.940310735708614	19.82963611619869	30.213665867221945	5.8684471630781354E-5
84.0	30.024652592912744	19.94277242159703	19.858089081203765	30.17442994708012	5.595720633905616E-5
85.0	30.010226875484285	19.916088473706363	19.859156153178233	30.214296925108126	2.3157252299098037E-4
86.0	29.98217872591625	19.938147872236193	19.83386613071871	30.245106503362784	7.007677660669936E-4
87.0	30.001923877060545	19.92163782318305	19.855813444320034	30.220285152145948	3.3970329042533847E-4
88.0	30.01820589813252	19.928372474608715	19.852630733297257	30.20060831041475	1.8258354675321242E-4
89.0	29.95700021832536	19.944799854624073	19.875564715310563	30.222582918241585	5.2293498421971056E-5
90.0	29.9784932094752	19.952074267237332	19.829328720118006	30.239211187707287	8.926154621762643E-4
91.0	29.967310918094963	19.956403852092798	19.861275959572545	30.21489248441621	1.167858234856729E-4
92.0	29.982022929110936	19.96626685049466	19.86779154207916	30.18387770059804	4.0977717210109984E-5
93.0	29.964933473359817	19.985838419342844	19.860372066813962	30.18881936385264	3.66766307291923E-5
94.0	29.984248958634417	19.947478684797606	19.835040997680274	30.23319018046356	4.117842414112175E-5
95.0	30.015240491559815	19.982993187249036	19.80721179211361	30.19431420323934	2.4032583819459918E-4
96.0	29.9809016908551	19.965854493408557	19.824964188822893	30.22824267770059	3.694921286352852E-5
97.0	29.98317005135041	19.994966099031387	19.782196585523376	30.23938277919874	2.8448489608937284E-4
98.0	29.950473266741113	20.017176504996435	19.82294738046786	30.209359767635725	4.3080158865364874E-5
99.0	29.937459398140415	19.998536687461314	19.822006927934524	30.240379688054407	0.00161729840933787
100.0	29.937389041899078	19.966068591880155	19.84251741604996	30.253923421712116	1.0152845868825679E-4
101.0	29.946242009398453	19.997356650298396	19.82953582970852	30.226817607553258	4.790304137008447E-5
102.0	29.93593035035441	19.998388957064623	19.832354277797023	30.233267880524135	5.853425980959526E-5
103.0	29.96406210403802	19.99240309754872	19.84421790569413	30.199219083691016	9.780902811336934E-5
104.0	29.908014857013193	20.02066258896382	19.82748441814239	30.243788340691978	4.9795188616856095E-5
105.0	29.94793528639526	19.976643513312315	19.852643023495098	30.2227070703941	7.110640322843646E-5
106.0	29.949986458126105	19.97790221015062	19.83075198393572	30.241307774142932	5.15736446237623E-5
107.0	29.9356200673767	19.971638307128284	19.8546039312935	30.238037320362192	1.0037383932292675E-4
108.0	29.875889675991264	19.997906631271533	19.882464848354513	30.243574156283426	1.646880992673987E-4
109.0	29.9544943353617	19.980583634070445	19.822396198449677	30.24247843261399	4.7399504182838055E-5
110.0	29.90539228091556	20.000854904729177	19.851835320695525	30.241863832136207	5.366152353160531E-5
111.0	29.949458483310543	19.977364624363307	19.806075124771194	30.26704488934444	5.687821051557284E-5
112.0	29.958251791133428	19.973546849253786	19.770585842403936	30.297563111535673	5.2405673179232705E-5
113.0	29.905496418906836	19.973163245639917	19.876630370693103	30.24466514410382	4.482065632587152E-5
114.0	29.91708011468858	20.031801703263746	19.816980280312638	30.234054219567163	8.368216787396015E-5
115.0	29.961397230319026	19.966548886410038	19.901139293856716	30.170861758290645	5.283112357317896E-5
116.0	29.89520512589148	20.025747751901964	19.87308676523077	30.205885565931446	7.479104433960575E-5
117.0	29.870836338171454	19.992997461497758	19.87170856939204	30.26439512780578	6.25031329695401E-5
118.0	29.878871934661266	20.003331370446826	19.86422550024617	30.25351321689102	5.7977754718997487E-5
119.0	29.949369898782386	20.005507190614725	19.815532531203786	30.229488225586547	1.0215381255551766E-4
120.0	29.874003826824193	20.019779463161953	19.86583343189445	30.240206774265204	1.7650385420592531E-4
121.0	29.89787205985854	20.039551412458557	19.863464451882813	30.199044119675982	6.795612411266291E-5
122.0	29.838880747454805	20.055625569828408	19.84002323712093	30.265413392429004	5.7053166847755004E-5
123.0	29.85349746460843	20.00279347313965	19.900498572016456	30.24315804109254	5.2449142926966065E-5
124.0	29.841882864296743	19.987167218985935	19.850666485407473	30.32021647933318	6.695197667023303E-5
125.0	29.83821429672997	20.00832002293291	19.86924897042634	30.284143157799676	7.355211110308611E-5
126.0	29.83484186868324	20.02565158631754	19.899385780475892	30.24004537812231	7.538640101824894E-5
127.0	29.994363307932637	19.9369072778877	19.8668432260607	30.20182665636134	5.953175762639224E-5
128.0	30.108200278566176	19.80269611597045	19.979765525016163	30.109286435539133	5.1644908075130046E-5
129.0	29.885393478719998	19.845842139002247	20.110812396773625	30.15787913054241	7.285496171836038E-5
130.0	29.717153242290433	19.90636555273064	20.026579290150696	30.349854815495835	4.709933239457326E-5
131.0	29.61120063180832	19.978473106755374	19.775161206090594	30.635096627040102	6.84283056032241E-5
132.0	29.31921908034658	20.208629841378954	19.67096845799337	30.801128670714224	5.394956686590242E-5
133.0	29.427012818313656	20.08376080155966	19.88752695535413	30.601638730679166	6.069409338698319E-5
134.0	29.52018517897898	19.981811509042625	19.812512275396056	30.685436717028903	5.4319553439280386E-5
135.0	29.67885553598748	19.847022704702603	19.954674005727274	30.51938664062484	6.111295780521896E-5
136.0	29.76933987501585	19.934328152292363	19.957575205401866	30.33871035936984	4.6407920081716394E-5
137.0	29.96147739214473	19.91666531103335	19.87370920005292	30.248084889325927	6.320744306897286E-5
138.0	29.978184401901608	19.96241813016594	20.027730224213485	30.031615500129416	5.17435895492838E-5
139.0	29.501875292700337	20.33533506632486	20.98970210846111	29.17302721647373	6.031603996514001E-5
140.0	27.982942422813768	21.033051978229196	20.969707132901057	30.014236232995867	6.223306011898624E-5
141.0	29.51575969344129	19.48637988366815	19.230642358728584	31.767153881071263	6.418309071139778E-5
142.0	31.441598535270032	19.245439753577752	20.495156498844448	28.817749235625683	5.597668208190987E-5
143.0	31.481792447997485	18.854520725682313	20.834842634572755	28.828786270014323	5.7921733121832694E-5
144.0	33.17862718710799	18.738472344838907	18.223862830087164	29.858984536345684	5.31016202452017E-5
145.0	28.087632274790398	20.099973499380905	18.85095348813968	32.96096862002765	4.721176613703336E-4
146.0	28.25874120035913	20.154321141401727	18.97901593291133	32.60783841244808	8.331287973207827E-5
147.0	29.283671253579197	20.074347947984087	19.70477197520952	30.937131920356105	7.690287109703292E-5
148.0	31.798366450113903	18.49244023707232	19.703060821214585	30.005782234487597	3.5025711160103297E-4
149.0	31.963931234232284	20.49531511755204	19.03812844747569	28.48687908140893	0.01574611933106261
150.0	20.90113865096964	28.53115226294002	21.831205014330976	28.733613484842802	0.0028905869165628813
