# Position (bp)	A	C	G	T	N
0.0	26.001683639902485	24.833776137195855	25.26408442866625	23.8468960489197	0.05355974531571167
1.0	28.609812852158928	18.800461976869382	19.178650211100415	33.405423304535134	0.005651655336148103
2.0	29.833416921381602	20.153870048127786	18.730086232422575	31.277967267766428	0.004659530301608852
3.0	32.41890300104289	19.375906544253525	19.74151474289066	28.459693209451153	0.003982502361768718
4.0	32.80797630311254	18.820513817879736	20.4503197529109	27.920002719349014	0.0011874067478118027
5.0	33.47676387809443	18.92200312030058	19.96770046264147	27.631570854047194	0.0019616849163244378
6.0	28.603048805173486	18.996071740397227	18.110097354365557	34.28607563172761	0.004706468336119654
7.0	28.39944538449793	21.527373876486042	18.808937660344384	31.242593699226635	0.02164937944501428
8.0	28.12015630773828	21.07139160994438	18.99630100572025	31.811309363262012	8.417133350743033E-4
9.0	32.29954258052883	19.065820062067647	19.430013850077373	29.202200707480397	0.002422799845751741
10.0	29.86528627661123	21.44947916576032	21.43157661650634	27.24297860192487	0.010679339197237197
11.0	28.805465102284284	21.420701535603868	20.347864196212186	29.411032752356075	0.014936413543589416
12.0	29.784484837277503	20.194383850762577	19.849632533145318	30.169616799168626	0.0018819796459840997
13.0	29.9525735282601	20.115094768934778	19.81061590908379	30.120281950289062	0.0014338434322709033
14.0	29.957627125277376	20.2284370446068	19.96659678405847	29.843049685693344	0.004289360364007587
15.0	30.13179727006599	20.251041010288464	19.90402169697852	29.71248997132221	6.500513448104331E-4
16.0	30.184157471272343	20.164991576299528	19.996632737920482	29.65099200149421	0.0032262130134370847
17.0	30.15276024656407	20.206163283030296	20.05146947040757	29.587716642119492	0.0018903578785738708
18.0	30.152685301692273	20.140782793373898	20.105891917791084	29.594830524228087	0.005809462914656276
19.0	30.0660129852933	20.189274133911194	19.953525154054926	29.790355771904263	8.319548363148769E-4
20.0	29.941054977321475	20.311340302606702	19.937357256035988	29.80958977501412	6.576890217110691E-4
21.0	29.853098898218576	20.32174495523897	19.946534647454413	29.877135091543966	0.001486407544075511
22.0	29.832522873772227	20.189681735549986	19.932200432912484	30.044945804474487	6.491532908155524E-4
23.0	29.903576708425916	20.090775748966415	20.025611905671127	29.97748038814415	0.0025552487923914203
24.0	29.91480743740803	20.13973402198805	20.046221915102606	29.896792602949084	0.002444022552221676
25.0	29.936454459817085	20.108647192842923	20.094761940812	29.855519921785522	0.004616484742467809
26.0	29.944104433593026	20.121629670115077	20.053984349528157	29.87924349648597	0.0010380502777644755
27.0	29.88121019021866	20.168384086262012	20.052065196865996	29.897407345402698	9.331812506314228E-4
28.0	29.886957236370893	20.16161131705011	20.092830603583643	29.857159016849373	0.0014418261459833302
29.0	29.8564870749237	20.16712269714397	20.069408872167145	29.905101440979152	0.0018799147860249612
30.0	29.845457169959882	20.151244915486593	20.089098958807032	29.91308642364377	0.0011125321027198726
31.0	29.875941796095184	20.130406196612824	20.059658403650356	29.932949345100923	0.0010442585407114606
32.0	29.87779613349811	20.16257316223589	20.089899296753863	29.86849045740537	0.0012409501067746234
33.0	29.918432188103388	20.13833683962073	20.086441160703657	29.85385868154574	0.0029311300264829123
34.0	29.82503400262197	20.183907749955416	20.092909740098058	29.89631310645341	0.0018354008711424334
35.0	29.809354948385174	20.198722520197066	20.058025765628003	29.93157786131383	0.0023189044759280996
36.0	29.846947812193903	20.153750417254308	20.089087344141866	29.9081973191151	0.0020171072948260817
37.0	29.870714837316157	20.17329540656716	20.03385712632512	29.92169391392961	4.387158619451273E-4
38.0	29.8863411884478	20.101666891582575	20.046813490671717	29.96427984417387	8.985851240423965E-4
39.0	29.880746646280908	20.15409702569887	20.03878585485051	29.925624523305235	7.459498644737352E-4
40.0	29.825830697203294	20.164203277131882	20.10765819913089	29.89998182944075	0.002325997093183404
41.0	29.862461339110098	20.13140162373886	20.04180651028396	29.963650608920588	6.799179464949312E-4
42.0	29.804286133934134	20.20372223099831	20.077741577532958	29.912182999499002	0.0020670580355945612
43.0	29.801633602474425	20.15388433669823	20.081633829331818	29.960273013048898	0.002575218446626149
44.0	29.80204269971893	20.166896795324643	20.093796577328124	29.936610367810335	6.535598179725488E-4
45.0	29.800478140786225	20.16047346069167	20.106435209279212	29.928962380472097	0.0036508087708011037
46.0	29.82887244582697	20.124989385597612	20.136807653116055	29.90865287282099	6.776426383782248E-4
47.0	29.849010649933682	20.174724530493815	20.051141995198442	29.92418057047207	9.422539019906264E-4
48.0	29.824377661485503	20.15145331133901	20.063950375140422	29.9547816378185	0.005437014216564366
49.0	29.84300002603713	20.15219428073573	20.09205666332171	29.904718900776363	0.00803012912906763
50.0	29.837890809107932	20.168705802362492	20.072966365517804	29.919569486088992	8.675369227802205E-4
51.0	29.84125779049571	20.146049687085497	20.092878452959933	29.91598771980053	0.0038263496583279214
52.0	29.81483585812092	20.155445572214617	20.1309415608544	29.89823075073267	5.462580773918968E-4
53.0	29.85569407933739	20.162351768510632	20.035001973900464	29.944610740742817	0.002341437508703169
54.0	29.801826633171167	20.16771918474935	20.082167956714066	29.94735959496649	9.266303989237143E-4
55.0	29.779333992657453	20.161010876393906	20.096602537988847	29.960667553400345	0.0023850395594471495
56.0	29.803289664447412	20.148966407223803	20.08166424346485	29.96530473591293	7.74948951006651E-4
57.0	29.80768983244036	20.14096443046588	20.130892437605862	29.91426582178051	0.006187477707391836
58.0	29.821508417076192	20.141270989356986	20.094609594821907	29.939727898400097	0.0028831003448157094
59.0	29.844069429807547	20.142148221196596	20.071870951086236	29.941172061374417	7.393365352030208E-4
60.0	29.84595191907824	20.119762635855757	20.09204153000801	29.938506848938946	0.0037370661190484445
61.0	29.843779127969718	20.15068874858943	20.102476238275706	29.902058825463047	9.970597020966328E-4
62.0	29.8432396719009	20.128742226767205	20.08628360053836	29.939969556427776	0.0017649443657517011
63.0	29.859980057528034	20.156775947093212	20.057304737191295	29.922841891041923	0.003097367145537688
64.0	29.848092529309923	20.11189265599341	20.08713085002964	29.951400422751362	0.001483541915663609
65.0	29.797663494856852	20.121193950992815	20.084122382356597	29.989136187278014	0.007883984515722198
66.0	29.769819849022106	20.136641956078204	20.093761340748635	29.976843647100804	0.022933207050247335
67.0	29.804355068466514	20.116115307686055	20.113012600188497	29.964224406033246	0.0022926176256822793
68.0	29.787389887806846	20.19334582660836	20.058607649352854	29.95642643989134	0.004230196340589905
69.0	29.791662568474532	20.165355512873752	20.0799816562137	29.959780017686377	0.003220244751641128
70.0	29.812860333385792	20.099558824952616	20.048344643729575	30.03888384334481	3.5235458720791183E-4
71.0	29.753866182080458	20.163229740668793	20.077980633602436	29.992040965608783	0.012882478039523103
72.0	29.80287926413421	20.116987332755734	20.099466764477153	29.974623460824567	0.006043177808335721
73.0	29.779959709805702	20.15139610626677	20.098786949175377	29.964416348804946	0.005440885947203931
74.0	29.81662097474124	20.13285622600989	20.08083680099965	29.967283986397558	0.0024020118516650227
75.0	29.784938221993606	20.16172708513594	20.10258172803436	29.945869551444183	0.004883413391912324
76.0	29.75258712880942	20.15356739169663	20.094807664957305	29.998218175067866	8.19639468782913E-4
77.0	29.78796537516381	20.17760920611595	20.067445592351817	29.965777929274562	0.0012018970938631767
78.0	29.786061647726232	20.14284056441397	20.098166953531905	29.971069162414587	0.001861671913307656
79.0	29.81508999555264	20.161632779220007	20.109002387436615	29.91213192515009	0.002142912640654571
80.0	29.833203305369267	20.135983097402054	20.057360267985914	29.972844002314787	6.093269279751001E-4
81.0	29.765057555956115	20.16684063763357	20.105626379747786	29.94423401803746	0.01824140862506364
82.0	29.75615150205546	20.137613055838862	20.11984098468574	29.981997974158496	0.0043964832614400975
83.0	29.800163736164887	20.162774663038622	20.03718302757602	29.99541304145089	0.004465531769582195
84.0	29.804224143296288	20.1604486201135	20.08430782046261	29.94773358544475	0.0032858306828516225
85.0	29.787672880873416	20.150905472557106	20.09647003656912	29.963376035447904	0.0015755745524566357
86.0	29.75877488060364	20.174145722434485	20.069983542618964	29.996527427257003	5.684270859073689E-4
87.0	29.761203521835693	20.155789529024524	20.09631515029659	29.986477759973535	2.1403886965939156E-4
88.0	29.769754971763636	20.176772886381972	20.081589421301306	29.96777851017331	0.004104210379777833
89.0	29.733628615129028	20.17398198288895	20.09404889841503	29.997746624571807	5.938789951863499E-4
90.0	29.755273033492053	20.182675395883148	20.065192371344033	29.996675260274536	1.8393900623053726E-4
91.0	29.722055533098672	20.18647653176734	20.100571985435074	29.990696199241402	1.9975045750895575E-4
92.0	29.735307464607963	20.184574659316688	20.11487748177643	29.96493133096748	3.0906333144085815E-4
93.0	29.726697779000723	20.21199339645505	20.123557625176137	29.937005078443118	7.461209249766723E-4
94.0	29.752795306538797	20.173649751804412	20.098951469085595	29.974258248513607	3.452240575913027E-4
95.0	29.791207025940754	20.201371396439143	20.062370057023127	29.9447600412865	2.9147931048134396E-4
96.0	29.761570436653844	20.186210686833814	20.08398849901478	29.968035999494276	1.943780032906648E-4
97.0	29.73568059209657	20.212300161783205	20.04165266936073	30.009615950737402	7.506260221024335E-4
98.0	29.72921696892082	20.23376327293029	20.075129921483555	29.96061902465143	0.0012708120139035839
99.0	29.722794128287326	20.21321224816153	20.08219013549172	29.981567230636873	2.3625742254374232E-4
100.0	29.70939273956053	20.190384727109105	20.10439354076558	29.99378087783522	0.002048114729565275
101.0	29.709235926428306	20.21682662660372	20.094823017986172	29.976385980827615	0.002728448154185585
102.0	29.704417437938126	20.204741210041526	20.111569962548796	29.978813308327833	4.580811437215548E-4
103.0	29.734200216138284	20.195222652092397	20.121568448967924	29.94881669609406	1.9198670733356108E-4
104.0	29.696059042379346	20.245499136533983	20.08841387140374	29.96986354394286	1.6440574007261572E-4
105.0	29.72142523599705	20.210656314119895	20.115656715289244	29.95207543303845	1.86301555362488E-4
106.0	29.714440178579714	20.2011724179799	20.114191232489546	29.969742058748476	4.541122023635098E-4
107.0	29.70401963587791	20.191013236758966	20.12302325702352	29.98145414230471	4.897280348978053E-4
108.0	29.659833222804018	20.220686944325138	20.152435561892464	29.966829006545133	2.1526443325153106E-4
109.0	29.73737226987933	20.186944443539083	20.094880923635916	29.98055746526725	2.4489767841862797E-4
110.0	29.671200971013974	20.216608834684706	20.135259531809616	29.976578133177945	3.525293137615567E-4
111.0	29.706536511522064	20.20164003831687	20.094946338683204	29.996563098275697	3.1401320216778016E-4
112.0	29.71973129409222	20.16991509529628	20.063112049991812	30.046795120537457	4.4644008222879657E-4
113.0	29.686319923836592	20.177979922301535	20.154952327884697	29.98041117593962	3.3665003755751984E-4
114.0	29.69054990803649	20.235821792716514	20.119636962862824	29.95364417604644	3.471603377285975E-4
115.0	29.724366531149883	20.188873866989095	20.172516240924207	29.904591826694226	0.009651534242594052
116.0	29.666955219473596	20.251451326047807	20.145660770495255	29.935649341226238	2.8334275710355103E-4
117.0	29.64964870283231	20.213734750418226	20.131148686103828	30.0021444815178	0.0033233791278363353
118.0	29.640577114716997	20.230028450416484	20.141830777372437	29.986676601199175	8.870562949081587E-4
119.0	29.683434589002665	20.222048803448914	20.10379730657725	29.990544869369206	1.7443160196464E-4
120.0	29.654471028258417	20.223523865355336	20.158958022803205	29.962623274884336	4.23808698705562E-4
121.0	29.667812759689337	20.246361281887364	20.16990715070513	29.915617985969632	3.008217485269809E-4
122.0	29.622787327598537	20.25050545856479	20.167907916778624	29.958582635305547	2.166617524993739E-4
123.0	29.637679583640708	20.20802576561154	20.182982823466578	29.971067450015447	2.443772657280683E-4
124.0	29.603082391568087	20.19847616382615	20.159797801398653	30.038252332656857	3.9131055024842757E-4
125.0	29.597250155872366	20.242980906391132	20.147407065014146	30.011716298836653	6.45573885699968E-4
126.0	29.623025074154413	20.240653561841945	20.17789895404469	29.95797706716989	4.453427890579664E-4
127.0	29.695796600930912	20.197275754680486	20.162488617329583	29.936860956590245	0.007578070468778856
128.0	29.743169844417583	20.128949802542863	20.234551586861684	29.892218259198195	0.0011105069796732254
129.0	29.618560993158315	20.143358197188906	20.31807484559714	29.91785236462859	0.0021535994270482344
130.0	29.551731363498746	20.133354083402242	20.325995958871417	29.988464357313028	4.542369145700835E-4
131.0	29.48262025926067	20.173270277283937	20.237558116566003	30.105527060930342	0.0010242859590424173
132.0	29.32491311342901	20.307378879405675	20.204177754882775	30.161279418576132	0.0022508337064103506
133.0	29.34042341430046	20.26610248547308	20.27236259245693	30.120856770958593	2.5473681094143947E-4
134.0	29.363678676238752	20.230471464143935	20.21921407190564	30.185944172892093	6.916148195836039E-4
135.0	29.42833278765462	20.139092321742982	20.291597189771515	30.13776850180277	0.0032091990281174895
136.0	29.53217005528495	20.164705271723783	20.327018824633292	29.974886748587316	0.001219099770656346
137.0	29.762168491060326	20.093597579813917	20.225000009225393	29.918692696713823	5.412231865425346E-4
138.0	29.83050343543079	20.098385555356156	20.327635573169992	29.742366195017933	0.001109241025126742
139.0	29.126600990309655	20.6097770046582	21.402858069290648	28.854015086312472	0.006748849429021206
140.0	27.311596619409755	21.479847250049776	21.35460187247932	29.837057065811955	0.016897192249192394
141.0	29.043183264268286	19.69149618244722	19.34931009538417	31.915600958514162	4.0949938616042017E-4
142.0	31.266271609512273	19.35545714555124	21.113793408335304	28.263672506269792	8.05330331388781E-4
143.0	30.896212921274863	19.138333444505545	21.441464213558735	28.5136296599375	0.010359760723357685
144.0	33.43406148339218	18.60330484949951	19.17064597859614	28.787936505354818	0.004051183157350479
145.0	27.552251844503317	20.284106197691397	19.139741282298033	33.02363573184462	2.6494366263805826E-4
146.0	27.828435868368306	20.612034083676313	19.06625494693047	32.49301892680282	2.5617422209115365E-4
147.0	28.2583047664116	20.00695038980985	19.618516527979715	32.112765371360645	0.003462944438183095
148.0	30.756743139208524	19.135026692792415	20.269822776116982	29.838147289442723	2.601024393619105E-4
149.0	32.53231026600057	19.702848558215962	19.29954049727715	28.463420790728737	0.0018798877775800232
150.0	23.647003736328905	25.402393927731758	24.519049260967986	26.381254405476767	0.05029866949458386
