# Position (bp)	A	C	G	T	N
0.0	26.537789942381927	24.62436884484877	34.29676279699124	14.531333903848534	0.009744511929532289
1.0	27.52548775689263	18.546911185461564	20.373078056112714	33.487146856163484	0.06737614536960611
2.0	29.950802838492546	19.97462179317499	17.031756497312497	33.04280941577483	9.45524513670597E-6
3.0	32.12813552176736	19.559646552842835	20.038627537008864	28.273558875208604	3.1513172334145646E-5
4.0	34.66118831770303	18.24390129893701	20.43818042227514	26.65672466413074	5.2969540916737485E-6
5.0	35.49689537869284	18.053630944319455	20.23028453663394	26.218722772749576	4.6636760418234573E-4
6.0	29.392400810209622	17.069330481210418	17.61645833273941	35.92180754523027	2.830610276138366E-6
7.0	27.763611771740965	21.90073885447029	17.97290105908939	32.36274145854324	6.856156114545672E-6
8.0	27.437713517404553	21.162982313375288	18.614209980836964	32.78508895413279	5.234250401248576E-6
9.0	33.1948551705632	18.68294733975539	19.122299000081554	28.999891655777578	6.833822281257872E-6
10.0	29.76882500863042	22.15884534198874	22.07937001735764	25.99295682254491	2.8094782919619394E-6
11.0	28.333340175580947	22.11705505001413	20.6423496981775	28.90725106709796	4.009129461317169E-6
12.0	29.963851264172515	20.249470269949022	20.043840556936466	29.742833904140966	4.0048010355774704E-6
13.0	30.33097880401932	19.97653431988838	19.92386610083967	29.76861037355041	1.0401702217764533E-5
14.0	30.392414385920986	20.136860627760143	20.018641303484415	29.45207009413075	1.3588703710605375E-5
15.0	30.74972546398815	20.145066109143674	19.80087080040396	29.304332835137874	4.7913263385904716E-6
16.0	30.991255739149288	19.96964547475245	20.05365462754905	28.985438573099533	5.585449680165182E-6
17.0	30.95922197030893	20.05189464851526	20.17693879074667	28.81194140124959	3.1891795475236704E-6
18.0	31.211244860865655	19.679491556393998	20.464777947389734	28.644477668981878	7.966368731645835E-6
19.0	30.80298000068481	19.897043910280807	20.03940354098664	29.260566174764445	6.3732832983857005E-6
20.0	30.407326572940818	20.31850724075501	19.92620711138	29.347955489782642	3.5851415386393366E-6
21.0	30.11058781939735	20.46016713165168	19.84600802376791	29.583227463260354	9.561922702651954E-6
22.0	30.064367999527164	20.17532975885826	19.752264072068773	30.008034583105303	3.5864405005217236E-6
23.0	30.234140578091328	19.931660596293383	20.06968020479182	29.76449390926958	2.471155388901368E-5
24.0	30.263382470138918	19.995228116596326	20.17785885413851	29.563523382282504	7.176843741424045E-6
25.0	30.326762121956165	19.953222884267888	20.148810765352763	29.571198644505603	5.583917580291639E-6
26.0	30.339197227799712	19.94203565690861	20.104754807106783	29.613884625862084	1.2768232280575424E-4
27.0	30.293718376575196	19.984637117617183	20.129941236685486	29.591699676585918	3.5925362186029547E-6
28.0	30.30494277554885	19.93797314051459	20.213838609248008	29.54324068240392	4.792284632602035E-6
29.0	30.260474397475466	19.939715973345304	20.144311807237536	29.65521055690307	2.872650386234237E-4
30.0	30.26496947507876	19.960078693743803	20.178537880346997	29.596274245192856	1.39705637579622E-4
31.0	30.241131977499364	19.891611872986463	20.125997390642684	29.7393822245169	0.0018765343545915358
32.0	30.32466716929273	19.889266087257024	20.199758397932168	29.58626575122421	4.2594293871494826E-5
33.0	30.424643152944352	19.83389992798458	20.169943449719913	29.571507027756077	6.441595080012743E-6
34.0	30.23629182149386	19.923860402843438	20.207296098824198	29.632466971157505	8.470568099543663E-5
35.0	30.196022693372388	19.967368963693236	20.169441550055797	29.667162346330116	4.446548461347092E-6
36.0	30.31557520200609	19.825860810215904	20.23931221264509	29.619245698771895	6.076361021318811E-6
37.0	30.282186934891577	19.934635058157394	20.12467479258674	29.65849265905966	1.0555304630252855E-5
38.0	30.369281909263684	19.75660570239008	20.116411356569717	29.757680689131355	2.0342645168309716E-5
39.0	30.369067673811827	19.819053822524204	20.106530984351643	29.70532387082221	2.364849011505549E-5
40.0	30.271114406110694	19.873767173364797	20.195017373162354	29.66009900412896	2.043233196190704E-6
41.0	30.328120089081658	19.80896509463462	20.1354642542833	29.727447694983546	2.8670168867048884E-6
42.0	30.23827423614162	19.926582580469805	20.20953556287822	29.625603926060577	3.694449775968771E-6
43.0	30.280482535627023	19.835071322053295	20.15094251844122	29.733411878713827	9.174516463178154E-5
44.0	30.26484508015031	19.83266792189602	20.207796282114295	29.69468741679316	3.2990462222314486E-6
45.0	30.311163031542502	19.826598514114895	20.19888449700297	29.66290299570548	4.509616341434321E-4
46.0	30.308865966990574	19.782028415636148	20.241375856186036	29.667728518170144	1.2430171028214799E-6
47.0	30.239844087711738	19.847344841770855	20.181688895230018	29.731047415219237	7.476006815227493E-5
48.0	30.293733287425617	19.80333320344642	20.191601248677994	29.711328513311823	3.7471381388595213E-6
49.0	30.37496873945483	19.80778324251309	20.174443284753686	29.6427713447353	3.338854309789178E-5
50.0	30.32215249257994	19.80962925982157	20.144615513941094	29.723599804969464	2.928687929984209E-6
51.0	30.33680793275777	19.7713478181002	20.162580204858095	29.729263205415318	8.388686219161911E-7
52.0	30.281294819605503	19.779921843583466	20.245059155209166	29.6937077823103	1.6399291565742168E-5
53.0	30.330372295337014	19.772528048874086	20.169190487233045	29.727520465260138	3.887032957127987E-4
54.0	30.330625912135666	19.7545073136873	20.18977747355504	29.725087187337934	2.1132840630452486E-6
55.0	30.279988694553676	19.825919810109085	20.125161515691715	29.7686979803982	2.319992473214913E-4
56.0	30.299375645287146	19.828609999324655	20.108173727745125	29.76383807628164	2.5513614358028007E-6
57.0	30.305393166655453	19.827888435234904	20.139330646985524	29.727386898389284	8.52734834454195E-7
58.0	30.317117161502548	19.86446514748123	20.084042702376262	29.73436643519769	8.553442270829439E-6
59.0	30.36344309551864	19.83729390761239	20.08409108721017	29.715100728225085	7.11814337174848E-5
60.0	30.39471111794566	19.8364079326179	20.085856387501465	29.68302284197445	1.7199605250139946E-6
61.0	30.339035592541606	19.891317732184845	20.061279180582716	29.70836663239321	8.622976230593561E-7
62.0	30.332034233937023	19.845207815031287	20.05757149857369	29.765186020101268	4.323567340132034E-7
63.0	30.408731147371267	19.814064236386965	20.042741739643528	29.733753544972597	7.093316256420139E-4
64.0	30.3652187915909	19.793977127511596	20.074983023623894	29.76562713596065	1.939213129575543E-4
65.0	30.34808720158857	19.840034137427267	20.04013830224258	29.7717399227012	4.360403842464609E-7
66.0	30.29349377943651	19.83996686592032	20.08779904927202	29.778739868089172	4.372819755797956E-7
67.0	30.314783290654645	19.842936219354097	20.081804923992074	29.760475565999183	0.0
68.0	30.321824282915834	19.854563194568755	20.047705447247825	29.77589739970542	9.675562171822248E-6
69.0	30.34932420661362	19.828690248417193	20.0975095822688	29.724474639438476	1.3232619104775561E-6
70.0	30.375025657591042	19.797396804856948	20.027476571464025	29.800089906304787	1.1059783197989752E-5
71.0	30.238781364392388	19.860036117704848	20.104026767303463	29.79715397576043	1.774838873360503E-6
72.0	30.34659434374174	19.794445302873516	20.08504781241728	29.769792912236632	0.004119628730833762
73.0	30.308553490280403	19.851491785708156	20.076017911869165	29.763925649951595	1.1162190684757178E-5
74.0	30.36501575819598	19.832035538114994	20.003117254354898	29.799589138548477	2.4231078565483064E-4
75.0	30.309572595651378	19.83333309669235	20.071092133422884	29.78600217423339	0.0
76.0	30.273214042651396	19.8784260970236	20.05472861187009	29.79363124845491	0.0
77.0	30.328887748610832	19.839315147068927	20.07765652300256	29.754140129145384	4.521723001645433E-7
78.0	30.291021427389246	19.84511830313648	20.091067001990947	29.772793267483323	0.0
79.0	30.349603808384074	19.819421214044283	20.064507280377512	29.766132719748107	3.349774460277262E-4
80.0	30.41135310937439	19.78248353365842	20.054309137644605	29.75185376269002	4.5663256633598327E-7
81.0	30.325373992290277	19.821372068741873	20.122169529850012	29.73106104595918	2.336315866533531E-5
82.0	30.27090396570137	19.788705011652212	20.169763227188593	29.770616763908397	1.1031549431587005E-5
83.0	30.34949227625549	19.842547933495815	20.01279417948308	29.79516468839668	9.223689339686457E-7
84.0	30.3490400574846	19.82553825418671	20.06000082933438	29.765417619768396	3.239225907747133E-6
85.0	30.36403766081096	19.82279741020543	20.04088239764603	29.771448166369456	8.343649681193649E-4
86.0	30.297807153088936	19.81624663138649	20.069329593839225	29.816040739542814	5.758821425326101E-4
87.0	30.33476767769969	19.78567635584243	20.10089790100409	29.778654324934077	3.7405197170672755E-6
88.0	30.353835042112753	19.81020252680731	20.057602711987705	29.778339073631617	2.0645460619229624E-5
89.0	30.299668968573464	19.84299372529547	20.063645873261297	29.793691432869768	0.0
90.0	30.363895125184754	19.83766071380844	20.027584260120594	29.768675774433024	0.0021841264531907204
91.0	30.328941784550178	19.817901264194955	20.07910433485047	29.774052142137315	4.7426708377381683E-7
92.0	30.3383113407656	19.825422028624537	20.086308517561942	29.74548131786245	0.004476795185468341
93.0	30.301538198065032	19.871535873129552	20.081466090763982	29.745459838041437	0.0
94.0	30.323708502952485	19.820535119289676	20.054579074776605	29.80043508410332	7.422188779113907E-4
95.0	30.352035759329215	19.877776148327055	20.04299337173327	29.727194720610463	0.0
96.0	30.34648774510132	19.832449260375725	20.078172873179046	29.742878529172103	1.1592171804448426E-5
97.0	30.346401683717595	19.800843997837728	20.042432413136467	29.810321905308214	0.0
98.0	30.276360919376994	19.863504472004365	20.047717343412682	29.81241726520596	0.0
99.0	30.257907731056676	19.864013523733558	20.07892368640496	29.79806510649137	0.0010899523134381974
100.0	30.258780849641514	19.86801215153628	20.07464706565778	29.79855993316443	0.0
101.0	30.347666158369393	19.893848171023535	20.022051590937583	29.736434079669493	0.0
102.0	30.33191163439643	19.822136430395428	20.041456509623227	29.804493942399713	1.4831852035071E-6
103.0	30.291569765115746	19.840836900589775	20.033285679019176	29.83324090841284	0.0010667468624686407
104.0	30.28635960491517	19.877100065998217	20.034038378785784	29.80137334956724	0.0011286007335924708
105.0	30.341485969708426	19.85479110228627	20.065219809562333	29.738501116195437	2.0022475328668807E-6
106.0	30.351254716570786	19.83043480625355	20.056449119841684	29.76186135733398	0.0
107.0	30.308669292726798	19.851369605721374	20.0472619355299	29.792699166021926	0.0
108.0	30.30047061889131	19.840715352594646	20.054943388288667	29.8036699397086	2.0070051677190104E-4
109.0	30.320709171428735	19.8824370914374	20.03524011489226	29.76159580775173	1.7814489878519432E-5
110.0	30.269110798860943	19.869170254333728	20.054078144637565	29.807637223961652	3.5782061136994522E-6
111.0	30.328064633387136	19.8467507603927	20.03652486739505	29.78865819870089	1.5401242249825378E-6
112.0	30.243963586340406	19.881997922629296	20.021748202927068	29.851598786893398	6.915012098331905E-4
113.0	30.268441124565477	19.85800457396473	20.023686344109006	29.849867957360786	0.0
114.0	30.3431829128822	19.869407818650778	20.006628236730634	29.780735255183867	4.577655252673435E-5
115.0	30.37388312327901	19.825997624902232	20.008955303789406	29.791163948029347	0.0
116.0	30.267089150780496	19.87732106994386	20.04426261498804	29.811327164287597	0.0
117.0	30.289166902973808	19.858950279527946	20.091755458167572	29.760127359330678	0.0
118.0	30.30817511418015	19.851958559640657	20.06482291557389	29.775043410605306	0.0
119.0	30.30606911877688	19.869488755512883	19.99004620991189	29.834379948346573	1.5967451775980356E-5
120.0	30.283965934186647	19.897520368240063	20.005207027277123	29.813306670296168	0.0
121.0	30.274409037682698	19.92084996029399	20.039829645114978	29.764911356908335	0.0
122.0	30.266406421869828	19.905987770104012	19.999276172047534	29.828325857043904	3.7789347160361887E-6
123.0	30.285644927373102	19.897705281219206	20.022254185611214	29.79439560579648	0.0
124.0	30.207754737166155	19.92118836388472	20.014540398625503	29.85651650032362	0.0
125.0	30.256272381048436	19.89610345463106	20.028838837120354	29.818784779272868	5.47927275497593E-7
126.0	30.269598240111158	19.853696741430127	20.0693368196736	29.805220523107256	0.002147675677859929
127.0	30.299809450106025	19.837111528451338	20.06750431739351	29.795574704049127	0.0
128.0	30.264602517074373	19.918053001212495	20.04619704055345	29.77114744115968	0.0
129.0	30.294988275026586	19.8817831400205	20.043806389690094	29.77942163545392	5.598088964695472E-7
130.0	30.25738245796149	19.862467891648706	20.06080926274215	29.818471217463117	8.691701845354133E-4
131.0	30.27807147725399	19.880089820444866	20.01435361515302	29.827478294627408	6.792520716947618E-6
132.0	30.31098443809755	19.915089922550866	20.06200892520332	29.709166558376793	0.002750155771475707
133.0	30.3106739145937	19.97559377116513	20.01903652188988	29.69469521990007	5.724512211881508E-7
134.0	30.265927887549626	19.914998826462547	20.04044595355875	29.778615818976334	1.1513452747065786E-5
135.0	30.219370126861904	19.894582752373218	20.07695159391976	29.80909552684512	0.0
136.0	30.23910801184273	19.87444409834459	20.044409514086	29.84202323082419	1.5144902495224623E-5
137.0	30.25548905405215	19.92073072310544	20.07474949578492	29.749027210995017	3.5160624750857676E-6
138.0	30.27648188565238	19.93066210654209	20.03722588540392	29.755502756040013	1.2736636159690976E-4
139.0	30.256699429121376	19.949347927755078	20.03274674849281	29.76120530119688	5.934338584969783E-7
140.0	30.226513588634695	19.947757887265283	19.980189488108273	29.845535452389445	3.5836023030928046E-6
141.0	30.254343759804314	19.92186048335512	20.03404116810163	29.789754588738937	0.0
142.0	30.196912261108306	19.910881616324954	20.068218043523032	29.823988079043712	0.0
143.0	30.165386088194836	19.994671606080715	20.01617123329139	29.823771072433065	0.0
144.0	30.416152147069873	19.88425585408878	20.0078093000764	29.691782698764946	0.0
145.0	30.345766352445253	19.862666713890132	20.178333791521233	29.61323314214338	0.0
146.0	30.56773777940402	19.767761219990287	20.084231568215728	29.580269432389965	0.0
147.0	30.480364269658377	19.76029707674406	20.071533903907792	29.687804749689768	0.0
148.0	30.384786253836566	19.97131254670838	20.036643070041997	29.60699016328	2.6796613305909647E-4
149.0	30.349712366347724	19.885837144582172	20.242552415325285	29.52189807374482	0.0
150.0	30.123906611392897	19.78965064556116	20.4838938741888	29.60254886885714	0.0
