# Position (bp)	A	C	G	T	N
0.0	27.052058254484514	24.913947878178146	24.547552019239607	23.475039803466043	0.011402044631688313
1.0	28.573097592526636	18.379640804667645	18.884081136438066	34.14196123525299	0.02121923111465845
2.0	29.945647470856972	19.982207677017637	18.623476581907934	31.442267524249907	0.006400745967549351
3.0	32.49669203046252	19.1560628189195	19.470160600353477	28.87665215272811	4.3239753639398137E-4
4.0	32.77394505708462	18.708485015786476	20.17122732744243	28.34567665922958	6.659404568908875E-4
5.0	33.55328860133282	18.685840259682326	19.686096627724343	28.072677665206676	0.0020968460538391895
6.0	28.771136523532043	18.68307833693301	17.872020952449272	34.66344296698062	0.010321220105057153
7.0	28.616262239093693	21.130749370142404	18.509376321070118	31.740202634585817	0.0034094351079657936
8.0	28.246342520376572	20.712480300071316	18.740987120034585	32.29613662129317	0.00405343822435417
9.0	32.44306109866367	18.80981648699357	19.171909688440113	29.57323296823302	0.001979757669624195
10.0	30.108740897870845	21.127359487739923	21.155498323596188	27.60797486008511	4.2643070793500076E-4
11.0	29.045595840582656	21.083386728518317	20.100517566015114	29.77006959448453	4.302703993939517E-4
12.0	30.02398435144485	19.87097955012176	19.60487923238824	30.49927899906755	8.778669776038668E-4
13.0	30.187686372147393	19.80356329419935	19.568297182635142	30.433732509082773	0.006720641935337011
14.0	30.195408168218822	19.922324084667192	19.705430246972842	30.17660974187928	2.2775826186500578E-4
15.0	30.373397582522593	19.931866938223383	19.630443952740777	30.0634037117906	8.878147226503058E-4
16.0	30.445156620138388	19.853400705562624	19.74054557824533	29.957707420024793	0.0031896760288684487
17.0	30.413613518292504	19.878037760540476	19.787855588418175	29.91617003101638	0.004323101732464272
18.0	30.41900190503877	19.816131207100455	19.846933045823842	29.912832619905984	0.00510122213095245
19.0	30.334498318367636	19.87026652935723	19.696770288980588	30.09796304084776	5.018224467836557E-4
20.0	30.199759754438194	19.989237147349897	19.677693887703416	30.132772554079523	5.366564289730803E-4
21.0	30.12086241221147	19.998435963705973	19.67217460196223	30.207933630445744	5.933916745807976E-4
22.0	30.09954928301625	19.874733945448053	19.663868458471022	30.358629620867372	0.0032186921973033733
23.0	30.163955895495448	19.788093405879394	19.758221361978404	30.289123282890696	6.060537560631496E-4
24.0	30.178643992277387	19.828634988590785	19.79240395419605	30.197457483484452	0.002859581451322626
25.0	30.197444143503148	19.797928376388597	19.83090553978445	30.171856990447505	0.0018649498763009976
26.0	30.197499289665092	19.826141996235457	19.798072797558046	30.175711827326506	0.0025740892149032483
27.0	30.141719811383254	19.85673870174342	19.792899196864923	30.203081197463753	0.005561092544644676
28.0	30.150509098942607	19.84857105400571	19.83787313828104	30.162805571415248	2.4113735539849803E-4
29.0	30.11900733750666	19.861429005480044	19.819212396910967	30.199880271810052	4.709882922742855E-4
30.0	30.107774676623027	19.84287579366317	19.83152185964746	30.217564375589284	2.6329447706179796E-4
31.0	30.149414069374064	19.81367917708611	19.82017182285522	30.21653176294659	2.0316773801392946E-4
32.0	30.13988647338332	19.849664742460043	19.845390882188532	30.16441761942653	6.402825415778079E-4
33.0	30.17936609920187	19.824773655776003	19.837208620122354	30.145591257718714	0.013060367181056123
34.0	30.091686452762286	19.87482348979426	19.84337934097306	30.18995089999745	1.598164729489096E-4
35.0	30.092258266509887	19.877467006336	19.7960429704179	30.233925544568134	3.062121680804684E-4
36.0	30.122425908204725	19.842412187187257	19.841886691727662	30.192885229045185	3.899838351700322E-4
37.0	30.139923828594245	19.858812681370264	19.800109867167155	30.20042837233546	7.252505328752388E-4
38.0	30.155658789268912	19.802465948679906	19.802926201925665	30.23750188278343	0.0014471773420824414
39.0	30.145051558317526	19.843796498642792	19.803163748522497	30.20694506308006	0.0010431314371234283
40.0	30.11060756502782	19.84947836640718	19.851469409835776	30.17606988645742	0.012374772271804503
41.0	30.12835526643018	19.832017810297103	19.803379344213234	30.23598681214074	2.6076691874152866E-4
42.0	30.092600215660536	19.88993984373178	19.83097212402395	30.186213560268644	2.7425631508337433E-4
43.0	30.094313245606553	19.848462488851926	19.832859057961947	30.223525413254155	8.397943254223626E-4
44.0	30.079892374717637	19.858592085775882	19.839168967024765	30.22085188171034	0.001494690771381921
45.0	30.08537206843406	19.85081256580523	19.86055532565743	30.19459082644957	0.008669213653710177
46.0	30.10821081192596	19.81311582624781	19.896895232589664	30.181403233784028	3.748954525423475E-4
47.0	30.115052219391554	19.85312379767404	19.823649169142733	30.207850401706427	3.2441208525178843E-4
48.0	30.112348175078562	19.84007835864307	19.828768962734607	30.218641516587198	1.6298695656528946E-4
49.0	30.12378897709348	19.836613648031676	19.838143501583854	30.199847949672677	0.0016059236183107305
50.0	30.116289808000573	19.85333371592855	19.833487691594335	30.19176258713338	0.005126197343157741
51.0	30.110661559386738	19.834297181609625	19.853658977103848	30.201188844133455	1.9343776633796837E-4
52.0	30.099214137957865	19.832426145325833	19.89248646872434	30.175779292595916	9.395539605055255E-5
53.0	30.132270871088796	19.846767860323926	19.814647399210575	30.206137351192048	1.7651818465615147E-4
54.0	30.095191667556076	19.842715466111933	19.844461981063816	30.217489247165368	1.4163810280510961E-4
55.0	30.066040765933742	19.862079657842816	19.84458872535954	30.22549742883186	0.0017934220320467021
56.0	30.08063308380499	19.86164782528111	19.83368160871436	30.223723855370267	3.136268292738962E-4
57.0	30.092386943014986	19.847898115839996	19.876975630263434	30.1826028520013	1.364588802837146E-4
58.0	30.10913290983795	19.8601277583344	19.828440704147848	30.202102972328554	1.9565535124407802E-4
59.0	30.13504830540648	19.84652816980646	19.831170355197386	30.187038389999305	2.1477959036538493E-4
60.0	30.127539908638965	19.830977010936376	19.839255718682477	30.19870269949923	0.00352466224294845
61.0	30.116669430680503	19.851103193272806	19.857779489269173	30.17376700585615	6.808809213659081E-4
62.0	30.120166008490358	19.84169883086563	19.837457753800404	30.2003202067142	3.57200129412204E-4
63.0	30.13680733152303	19.85616658990636	19.8112031457809	30.195631081555764	1.9185123394876652E-4
64.0	30.13061912978077	19.828135495976117	19.83308997493471	30.206942897083206	0.0012125022251986985
65.0	30.09339293733037	19.84195872966053	19.844773628311867	30.219654045269056	2.2065942817719406E-4
66.0	30.082423526642355	19.849819711400077	19.838566201745355	30.228853840170423	3.3672004178978126E-4
67.0	30.107786580198386	19.81966642859226	19.85909647675208	30.213261211059887	1.8930339738727477E-4
68.0	30.089634830427087	19.89644977708809	19.815473673427082	30.19822049818146	2.2122087627844892E-4
69.0	30.092077985280085	19.870475466686965	19.823520997538836	30.213450672982763	4.748775113501456E-4
70.0	30.103616456236125	19.827447550082777	19.804942368046188	30.263907786424475	8.583921043060349E-5
71.0	30.059445832858227	19.877771986008522	19.830299292556255	30.231507988726452	9.748998505374467E-4
72.0	30.105728509633163	19.841844812546245	19.854246621796147	30.198036875938005	1.4318008644335887E-4
73.0	30.077960525876563	19.86687421735156	19.84880880393858	30.206261941439106	9.45113941975246E-5
74.0	30.124225115322318	19.838838859759726	19.830022563871868	30.206806126482928	1.0733456315991456E-4
75.0	30.08917026072082	19.864629568398257	19.847141657798574	30.19874867053011	3.098425522390408E-4
76.0	30.080060233118928	19.862236113342426	19.822238938426622	30.23487270434918	5.920107628440283E-4
77.0	30.092942065727918	19.878321425452974	19.826061410040214	30.202516894339542	1.582044393548589E-4
78.0	30.09276995858352	19.852781221938102	19.83926335675074	30.214600307341783	5.851553858516277E-4
79.0	30.125953246100078	19.865096727306263	19.848047524682837	30.16033304810876	5.694538020584912E-4
80.0	30.148189624481713	19.834477922421257	19.8035187534685	30.213714731702208	9.896792632431692E-5
81.0	30.08706637808569	19.861963648490654	19.85661726657678	30.19363866771638	7.14039130491715E-4
82.0	30.06847545810704	19.848444154976715	19.868744771699934	30.21386250880519	4.731064111163047E-4
83.0	30.10373245184242	19.867906799116827	19.80303999644658	30.2252112171088	1.0953548537850485E-4
84.0	30.10562927823448	19.858746424534335	19.84048015212568	30.19491575372484	2.2839138067274998E-4
85.0	30.090023510631752	19.85453815489009	19.84470862120035	30.210559233003863	1.704802739434063E-4
86.0	30.0715404392785	19.872467529051466	19.825037127316214	30.229364995714075	0.0015899086397483824
87.0	30.076651458704116	19.857013415927337	19.839637732995232	30.22654261416632	1.5477820699431798E-4
88.0	30.092883277147823	19.861881697443103	19.837346853866123	30.207775403957456	1.1276758549883277E-4
89.0	30.055539941102317	19.880443687770477	19.84371256631288	30.219475695255593	8.281095587364553E-4
90.0	30.077157222766466	19.875976692277835	19.823398074578787	30.218505339520313	0.004962670856596832
91.0	30.051235754944383	19.87480077757732	19.848327845373717	30.221478991862888	0.004156630241692314
92.0	30.065181557200788	19.88485320897744	19.85936732712673	30.1904854389094	1.1246778564767005E-4
93.0	30.061041579975395	19.90145930649921	19.85504166945655	30.180450321018476	0.002007123050369046
94.0	30.077864948894927	19.869652565557917	19.856693891951295	30.19560554698518	1.8304661068101492E-4
95.0	30.103472685686782	19.89671442524068	19.826796642125007	30.17218953088022	8.267160673033264E-4
96.0	30.077243202289207	19.885019707032868	19.844053569278504	30.193426502761362	2.570186380643046E-4
97.0	30.061201835520002	19.901287210367833	19.803131965238105	30.233487215883635	8.917729904281332E-4
98.0	30.05304718190717	19.931060691869174	19.82512295110648	30.189034026122403	0.0017351489947736048
99.0	30.065275851159097	19.91684031062673	19.826172097809888	30.19136861205186	3.431283524280519E-4
100.0	30.051456796761343	19.886058099992653	19.854706379776257	30.203284496198247	0.004494227271498323
101.0	30.067315809582112	19.893100611391564	19.84192345383047	30.196749838987706	9.10286208143848E-4
102.0	30.04689660160175	19.890827138283736	19.85328289241778	30.208639515438072	3.538522586551828E-4
103.0	30.07898019878151	19.885535228802	19.855934522308587	30.179409591853563	1.404582543412846E-4
104.0	30.032711791516448	19.933971186969153	19.83693780096212	30.196168675425184	2.1054512709966635E-4
105.0	30.061835390311938	19.90433057309893	19.854645036700663	30.173342854160378	0.005846145728088553
106.0	30.073940244911	19.88803965032202	19.855641447508653	30.18220638541078	1.7227184754490426E-4
107.0	30.045928714930415	19.88486911558017	19.871270481983608	30.197786560509858	1.4512699595264217E-4
108.0	30.01940834909997	19.90398622828291	19.897622162169412	30.17888532467173	9.79357759817764E-5
109.0	30.075397913023004	19.881345238245316	19.85426441685094	30.188917791828718	7.46400520223531E-5
110.0	30.01292952973092	19.906129490242428	19.875682641432967	30.199775396695028	0.005482941898656492
111.0	30.05204885073064	19.878822422704307	19.86267396823566	30.20628297254067	1.7178578871778947E-4
112.0	30.05683744346569	19.863466385664903	19.82883519532854	30.249435093240102	0.0014258823007643948
113.0	30.037503056968006	19.874982497199774	19.890869095597292	30.196264683785806	3.8066644911756984E-4
114.0	30.038423860032832	19.916300196150686	19.865643817241214	30.179538822515	9.330406026405846E-5
115.0	30.066993664822416	19.87187888102755	19.9021163865655	30.158921732613177	8.933497135554545E-5
116.0	30.02591402973686	19.928245354039756	19.894625678722452	30.15115046909777	6.446840315812561E-5
117.0	30.00155644549114	19.90292390052648	19.872229414380786	30.22321125347848	7.89861231135279E-5
118.0	29.991434177779997	19.919003521563333	19.8923385967332	30.197021587871564	2.0211605190630493E-4
119.0	30.02620796194135	19.92219640182542	19.850869132159715	30.200633316895516	9.318717800222754E-5
120.0	30.004683336501405	19.91952585714177	19.894461351872106	30.181101628221267	2.2782626345243265E-4
121.0	30.023484870613608	19.924768788946174	19.916941606323828	30.13438365150696	4.2108260943020246E-4
122.0	29.980692809993965	19.938208512625017	19.90472898813396	30.176259457623466	1.1023162359340738E-4
123.0	30.000153273529694	19.905248295770207	19.918067646847245	30.17531139697637	0.0012193868764896272
124.0	29.985802973416813	19.887182710543367	19.893778998822	30.23310625278634	1.2906443147851532E-4
125.0	29.977756383911224	19.91682011468714	19.883758364332955	30.221057301289207	6.078357794695629E-4
126.0	30.000057010570245	19.91501069718936	19.902439621768877	30.180650225862177	0.001842444609337392
127.0	30.065430517907473	19.87418825750324	19.89064819815411	30.169650846322387	8.218011279171419E-5
128.0	30.134957183794704	19.79212894998634	19.96261814668841	30.110154294423193	1.4142510735672134E-4
129.0	30.005331742600504	19.808778630310055	20.062106228163056	30.123637276489625	1.4612243675427887E-4
130.0	29.94030072703576	19.801566546640153	20.066427267326837	30.190941314634085	7.641443631670028E-4
131.0	29.865370166566898	19.851582957753976	19.962988495749695	30.319770066528967	2.8831340046087735E-4
132.0	29.707566835590278	19.974666869634245	19.9145061896217	30.3908128534307	0.012447251723075444
133.0	29.712039292359005	19.931901620258348	19.99613728857433	30.359789548352527	1.3225045578840752E-4
134.0	29.742728505192435	19.89830695186144	19.961214931848293	30.397670147859372	7.946323846321576E-5
135.0	29.834053361967637	19.80937207305258	20.022691944652152	30.332786670091604	0.0010959502360256882
136.0	29.920953834391906	19.872634328321972	20.039071870328517	30.16718944733774	1.5051961986402258E-4
137.0	30.176419236182706	19.775058642613644	19.945067749097834	30.103061306461225	3.930656445915103E-4
138.0	30.225163634015118	19.793213795096417	20.040619264663498	29.939610658768096	0.001392647456870688
139.0	29.50541144664509	20.315822522574503	21.163604195392942	29.015032652857247	1.2918253021243698E-4
140.0	27.557712067577416	21.230386201651214	21.146187676802676	30.065491779673824	2.2227429487264364E-4
141.0	29.452355702632516	19.33900466088709	19.03318995278244	32.174220253355976	0.0012294303419767543
142.0	31.946608134378096	18.95146199124339	20.810664585517102	28.28145680666801	0.00980848219340238
143.0	31.508537066701024	18.71847854047213	21.163830810834664	28.604405922424537	0.004747659567645822
144.0	34.06491093223368	18.206660221087347	18.85089751104022	28.87709220927761	4.391263611530737E-4
145.0	27.910499270954553	19.930778435753286	18.806148447261712	33.35175919735264	8.146486778085905E-4
146.0	28.205482620210326	20.292761343277103	18.81896389819878	32.68258855315958	2.0358515420397123E-4
147.0	28.637928272612793	19.61120174918138	19.36724118203068	32.383074811365375	5.539848097759922E-4
148.0	31.09233032899457	18.840359891068996	20.037493888519318	30.02940917580834	4.0671560877291515E-4
149.0	33.659013136445324	19.121737894435082	18.698184730364872	28.504973436181153	0.01609080257357106
150.0	23.088409946944193	24.8463411297523	25.02605632202392	27.03579363035315	0.0033989709264386847
