# Position (bp)	A	C	G	T	N
0.0	22.456939380992473	31.23584467095768	28.26994391106366	17.98789889379393	0.04937314319225898
1.0	26.97216950129708	17.471230744894644	17.424410986282503	38.13151564070951	6.731268162639914E-4
2.0	30.124632049378093	20.474238452693886	18.258716724303557	31.142139381797364	2.733918271018479E-4
3.0	35.78542993547257	18.83118702060415	19.430746847130315	25.95188161469366	7.545820993035897E-4
4.0	35.506105956385284	17.848940884252148	21.136392784806805	25.508112226018138	4.4814853762322924E-4
5.0	37.09447965120797	17.881329895144816	20.21982011276525	24.80356426097598	8.060799059863938E-4
6.0	26.73276399632271	18.4063762127892	16.344526947005935	38.51615097099709	1.818728850662079E-4
7.0	26.779786610361406	22.98201659916321	17.958748494720236	32.266951885644716	0.01249641011043232
8.0	25.829066111801076	22.289249509591453	18.227990263100715	33.653676899090286	1.7216416471174617E-5
9.0	34.83549261573812	18.06494490751815	18.83579800947625	28.263760168611185	4.298656299362277E-6
10.0	29.961069143640167	22.98271537365085	23.111749311360764	23.944461878059364	4.2932888493654445E-6
11.0	27.665813322555056	23.00987329258641	20.899997830124786	28.41652965808009	0.007785896653656883
12.0	29.61115134998897	20.5194938773167	19.716461773608067	30.15288999838871	3.0006975507260636E-6
13.0	29.93078537967591	20.332906468112192	19.667860291513016	30.06842944133358	1.841936529822848E-5
14.0	29.999708875255664	20.538484719976843	20.0232846715819	29.438400591731913	1.2114145367783892E-4
15.0	30.363823725983263	20.520620695703837	19.90284298003822	29.212680515547863	3.208272682542406E-5
16.0	30.394831598059884	20.43446804093713	20.1124000035966	29.058270428492307	2.9928914083181782E-5
17.0	30.340742407950728	20.536263960285726	20.085134801512574	29.037856266189138	2.5640618349664934E-6
18.0	30.29251069248053	20.47142377951494	20.179112471450825	29.05324684708229	0.0037062094714226863
19.0	30.191684446475758	20.531298609027857	19.98931698000185	29.287623436725795	7.652776873790541E-5
20.0	30.02919507156698	20.61137397515408	19.92007507175733	29.439345182857267	1.0698664334665963E-5
21.0	30.020704853552864	20.539203157244902	19.971268797230042	29.468711375738106	1.1181623408921393E-4
22.0	30.008425144707996	20.326820043987112	19.953237101516905	29.711316988564036	2.0072122395341894E-4
23.0	30.08632175635278	20.175107309110953	20.118079310542345	29.620155846930658	3.357770632663242E-4
24.0	30.079783669500188	20.218636295503742	20.14767256323647	29.553904892088866	2.579670733665193E-6
25.0	30.184175323773793	20.18945426394363	20.12478836623122	29.49945826026012	0.002123785791236739
26.0	30.15430273264304	20.21905766997766	20.07961659760179	29.547013515134058	9.484643448282497E-6
27.0	30.104683103871515	20.26167384767251	20.12432137186141	29.5093182227938	3.453800767217804E-6
28.0	30.07404030823335	20.253689191701614	20.198602467430966	29.473463977306803	2.0405532726745727E-4
29.0	30.02892149108782	20.24385192870535	20.121473258385336	29.604803925066804	9.493967546874202E-4
30.0	30.067765803100965	20.22963450770589	20.13576960144251	29.566689043889966	1.410438606654E-4
31.0	30.111228349742397	20.147914344354138	20.131177555061598	29.609673225608223	6.5252336483887245E-6
32.0	30.156622630142444	20.180806811911587	20.192196237300838	29.470156727197093	2.175934480354011E-4
33.0	30.260550203457758	20.12335687604733	20.140331907145708	29.475707682235846	5.333111336016868E-5
34.0	30.04241919949297	20.224346878739805	20.199830218038606	29.533352874741798	5.082898681594672E-5
35.0	30.022586805855735	20.288894616038707	20.126585444694147	29.56163617442605	2.9695898536037885E-4
36.0	30.10523589395791	20.18393956104077	20.175252542344722	29.535445599575795	1.2640308080335E-4
37.0	30.094123350966633	20.230342168021366	20.07702715370953	29.598500704394798	6.62290767334675E-6
38.0	30.19878128125912	20.06706159118183	20.08821890978884	29.645896166946585	4.2050823625801105E-5
39.0	30.17931990209131	20.139077884706236	20.10508470937315	29.57649087732121	2.6626508093799455E-5
40.0	30.099874600389793	20.145663116585936	20.230026915175017	29.523033012121203	0.0014023557280496604
41.0	30.133052150591254	20.117482939298675	20.10975653922931	29.639674473380023	3.389750073727064E-5
42.0	30.043176227016005	20.23633625152793	20.200090719356528	29.520187985623785	2.0881647574692546E-4
43.0	30.116316000876992	20.12382726570078	20.140326090974288	29.619499260518456	3.13819294914843E-5
44.0	30.081503468660724	20.159935875377993	20.188739779051737	29.56757075453835	0.002250122371192619
45.0	30.11497863382557	20.146819092032633	20.19907729402685	29.539121825814185	3.1543007644975123E-6
46.0	30.118160376417656	20.089719358619305	20.276795330806078	29.515295569134853	2.936502210149353E-5
47.0	30.070675688062355	20.18208805901114	20.144775782354916	29.602436464761027	2.4005810565682843E-5
48.0	30.108405644915354	20.148753645506506	20.146647373799116	29.59566517838452	5.281573945002994E-4
49.0	30.17244655531983	20.14485048240779	20.16012545465056	29.518149682498528	0.0044278251232812375
50.0	30.13943531974454	20.132836243916437	20.15197402943527	29.575750755003078	3.6519006810100907E-6
51.0	30.147083421909155	20.067895324357078	20.184654978373693	29.59932087282781	0.0010454025322679352
52.0	30.078805903254274	20.106929601192977	20.248180478045043	29.566007837342017	7.618016568800546E-5
53.0	30.17679640105218	20.070652796310938	20.177450453010355	29.5749825521724	1.1779745412460974E-4
54.0	30.110263891542914	20.0887383117232	20.215378531260352	29.58532627489027	2.929905832595839E-4
55.0	30.098008146880638	20.144339590636164	20.156742128979456	29.600507468714447	4.0266478929222685E-4
56.0	30.10564094840735	20.138999061673257	20.175182481751825	29.580168689961507	8.818206068248505E-6
57.0	30.09921160187704	20.14041009547037	20.23918353679798	29.519080053654307	0.0021147122003047575
58.0	30.13884325162777	20.169615052080374	20.153252853134518	29.538270639079094	1.8204078247513738E-5
59.0	30.17997666774162	20.15379206682712	20.14974711715182	29.51647806283264	6.085446797693483E-6
60.0	30.18064910558187	20.15052597116137	20.13906856523551	29.528634040123396	0.0011223178978541728
61.0	30.16831832100974	20.18846693996308	20.121677526899155	29.52140917739416	1.2803473386511932E-4
62.0	30.152614378111647	20.140864862120083	20.139939729396698	29.56652722163154	5.3808740033754034E-5
63.0	30.230462619488176	20.125342728105664	20.10712558518631	29.53663313943382	4.3592778602998173E-4
64.0	30.17744565782707	20.078507098122017	20.183698090701917	29.56027368501422	7.546833477064121E-5
65.0	30.135593355077567	20.134116971162815	20.173093696921253	29.552903681575003	0.004292295263359115
66.0	30.101751461158248	20.158466888304602	20.15094431645946	29.574451972978625	0.01438536109905992
67.0	30.117298758168193	20.14590485405912	20.163977960175536	29.571820643525243	9.977840719141858E-4
68.0	30.137552733847418	20.164098183601677	20.143669963863793	29.55450145694155	1.77661745557957E-4
69.0	30.135108746691014	20.14385311999304	20.169881531792765	29.551126745247963	2.98562752138351E-5
70.0	30.169214030449197	20.076702972194777	20.14938434388325	29.604586129405487	1.1252406729223191E-4
71.0	30.05425165355447	20.142693374809355	20.23222617258707	29.563222168504804	0.007606630544302638
72.0	30.171432326406133	20.090484784829382	20.17440059369621	29.56048025085915	0.0032020442091198085
73.0	30.12140941517312	20.12995671090392	20.183704847129768	29.563634225643977	0.001294801149220082
74.0	30.1764962211986	20.108380847951484	20.129855839473233	29.585253895846968	1.3195529712278954E-5
75.0	30.096408179563916	20.13574428714652	20.201593133118546	29.56429444092268	0.0019599592483390584
76.0	30.08249987482825	20.153801727088446	20.159827868693306	29.6038690543227	1.4750672988392091E-6
77.0	30.134267106734185	20.139737527426764	20.171648191495827	29.554202661683487	1.445126597356258E-4
78.0	30.124722468304917	20.133346427690785	20.18135929157593	29.560567359462837	4.452965529331607E-6
79.0	30.19749260805451	20.091613363455547	20.186509945855825	29.524025225632084	3.588570020314731E-4
80.0	30.24880924144399	20.0795891876134	20.14824175452795	29.522769662612408	5.901538022483954E-4
81.0	30.126985187116578	20.119850405299534	20.225679055305047	29.516592277200964	0.01089307507787327
82.0	30.111540663306357	20.105346911502227	20.247937032545792	29.53237549804516	0.0027998946004589
83.0	30.18859103049447	20.141075581798727	20.091681278624122	29.576412994555305	0.0022391145273735445
84.0	30.191367326369488	20.142007066921693	20.1455904355496	29.52101851841105	1.6652748165182547E-5
85.0	30.20014710939516	20.128643158338793	20.16192260367388	29.50908917226694	1.9795632522504899E-4
86.0	30.128228657349343	20.124558517222752	20.196951487698502	29.549905763061762	3.5557466763750067E-4
87.0	30.160917545408296	20.118226810196422	20.199525117288236	29.521308099425397	2.2427681647438812E-5
88.0	30.15245034659412	20.14817117447508	20.16517012088821	29.5316054503159	0.0026029077266858094
89.0	30.109190182459123	20.19042830237699	20.153306201689354	29.547027576919948	4.773655458234865E-5
90.0	30.19846790131754	20.15381343232581	20.11615043615232	29.53153319917203	3.5031032291471625E-5
91.0	30.14081508044758	20.12617723200927	20.212518142737085	29.520454390975075	3.515383099316004E-5
92.0	30.14090344819446	20.144444627471234	20.210077457946387	29.504552157295706	2.230909221320592E-5
93.0	30.158201016562614	20.14452287625151	20.215469110580766	29.481711190160453	9.580644465585039E-5
94.0	30.185051146765048	20.11718161431821	20.206938674043712	29.490813931308313	1.4633564721000794E-5
95.0	30.211707271694905	20.178210766883847	20.164988627984975	29.445082843421677	1.0490014597065113E-5
96.0	30.15295564193207	20.141845502362294	20.222722896484193	29.4824706949999	5.264221544553133E-6
97.0	30.150393402988357	20.146575952120305	20.155346921316628	29.547439601171625	2.441224030785843E-4
98.0	30.085430823592645	20.1981784203062	20.17345339353406	29.542752768271274	1.8459429581877743E-4
99.0	30.116143698753856	20.173040474539334	20.203053036060055	29.507747350169115	1.5440477640207738E-5
100.0	30.114104870883217	20.16678077390712	20.194127386995362	29.5249826922995	4.275914797630012E-6
101.0	30.195050839264542	20.180240013883193	20.16031045426829	29.463558948876113	8.397437078594205E-4
102.0	30.150457678765214	20.13617456651373	20.180892089807703	29.532376536867883	9.912804546878458E-5
103.0	30.134075179405045	20.139741074449212	20.182705615096395	29.54336345652723	1.1467452211664761E-4
104.0	30.142006805298166	20.168192300949613	20.19362089681263	29.496174022558375	5.9743812232888815E-6
105.0	30.201073768949584	20.15345723538866	20.20879705367221	29.43666048966403	1.1452325514945227E-5
106.0	30.194044906987845	20.13065856477408	20.191005257038636	29.48421131932083	7.99518786071132E-5
107.0	30.13818643055906	20.13618105393238	20.230240069857892	29.495213718232343	1.7872741832687666E-4
108.0	30.13922946977614	20.155771117456357	20.188905224375418	29.516055527423564	3.866096851856664E-5
109.0	30.206883377871126	20.13546949721622	20.18322027668881	29.474419082245905	7.765977935181454E-6
110.0	30.10530705272773	20.144059248324368	20.239907377514534	29.51051344076176	2.1288067160084683E-4
111.0	30.16750871086772	20.15021574662594	20.192514845975538	29.489671116566328	8.957996447348189E-5
112.0	30.094283836975215	20.160332304461047	20.18240784729029	29.562966450866153	9.560407298545404E-6
113.0	30.136313152407673	20.139824354044826	20.17815944448553	29.54569231489767	1.0734164297005738E-5
114.0	30.179299940065096	20.187868036602584	20.178485968623857	29.454346054708463	0.0
115.0	30.215481436373086	20.151089568090423	20.161049768395696	29.465778242645406	0.006600984495388915
116.0	30.117285588891225	20.185499460729872	20.21611178553253	29.481100300669283	2.8641770960567838E-6
117.0	30.136588259823537	20.170803683094192	20.235798480954482	29.455519546793873	0.0012900293339200347
118.0	30.173047142351635	20.177474484320594	20.217147226662284	29.431879872981963	4.5127368352271464E-4
119.0	30.156322738012342	20.19423039781999	20.160639315380152	29.488806967304992	5.814825238858193E-7
120.0	30.144878995339603	20.194863624652847	20.195390262245297	29.464853674183317	1.3443578941636596E-5
121.0	30.129293605143232	20.213523105744606	20.21789162721185	29.439290486776855	1.1751234612617584E-6
122.0	30.124534240226087	20.201115549160427	20.18285264915014	29.49149638001038	1.1814529700020468E-6
123.0	30.133821666010192	20.18090160884754	20.212030507282353	29.473217123766737	2.90940931830129E-5
124.0	30.068794552455735	20.21257963841475	20.197467868086434	29.52115794104308	0.0
125.0	30.10525645489629	20.238992377097148	20.19080678930287	29.464749322080706	1.9505662298708692E-4
126.0	30.120165065013104	20.193546595902646	20.23834052250924	29.44792548991053	2.232666448134884E-5
127.0	30.17597568426128	20.153961048102197	20.253711663068344	29.41172893516249	0.004622669405691851
128.0	30.126881616078755	20.210844761504543	20.240074146164012	29.422199476252693	0.0
129.0	30.146205499467037	20.18804185536271	20.219962989754222	29.444637950513375	0.0011517049026555197
130.0	30.128685481071905	20.16919945200004	20.238423027881918	29.463682160812287	9.878233851307169E-6
131.0	30.178360811485778	20.199778969439237	20.19289769341118	29.428956315125877	6.2105379314566276E-6
132.0	30.177554995829002	20.211448861528467	20.226751491229987	29.384227779714966	1.6871697576095698E-5
133.0	30.149011737571165	20.26708151952458	20.21937047346244	29.364535640754948	6.286868633830376E-7
134.0	30.081473967296212	20.225338041187886	20.22986773576483	29.463302544335328	1.7711415745634568E-5
135.0	30.0590177672098	20.224308844883016	20.252344394708864	29.464327719954763	1.2732435544687035E-6
136.0	30.095450227586063	20.176577118103747	20.270728142935553	29.456554311914108	6.901994605306171E-4
137.0	30.11928534919396	20.240266825505195	20.25996680326329	29.380477151074185	3.870963371492967E-6
138.0	30.15630573089322	20.24311479948602	20.214486676876454	29.386086948017237	5.844727071345135E-6
139.0	30.11301715163154	20.265652256586915	20.21837730563302	29.402245806349743	7.074797987872528E-4
140.0	30.073029797832305	20.24420861036932	20.20315058021204	29.46813698834309	0.011474023243241392
141.0	30.091627708662287	20.24101507818921	20.258098377824123	29.40925817202406	6.633003158576407E-7
142.0	30.075848208684235	20.191282413105736	20.27579344161886	29.457052546142254	2.339044891116625E-5
143.0	30.087226354701635	20.245602357678965	20.210968642222372	29.456119802508752	8.284288828052574E-5
144.0	30.317321639648497	20.155706690447477	20.19723122387709	29.327012388636316	0.002728057390622195
145.0	30.259833646822067	20.136144510357635	20.396540138532266	29.207481020861852	6.834261857791163E-7
146.0	30.464765541940892	20.03842232375051	20.312829351783705	29.18398002292496	2.759599928932023E-6
147.0	30.36872161424759	20.017173465930593	20.300488797185796	29.31165482930642	0.001961293329596131
148.0	30.252589531859325	20.255846413920136	20.289624688616524	29.201875414225725	6.395137828713247E-5
149.0	30.22807245016363	20.170795696013627	20.46755029874781	29.133524839310592	5.671576434591407E-5
150.0	29.96381990681079	20.108757793391383	20.717887589781476	29.20953471001635	0.0
