# Position (bp)	A	C	G	T	N
0.0	24.836186886508376	26.72707432961186	34.26319305205697	14.12172658916423	0.05181914265856443
1.0	26.546134752927813	17.34783888303253	19.606559872346406	36.49879776396493	6.687277283239356E-4
2.0	30.66496888765465	19.513505145018247	17.958406634532217	31.862849163444583	2.7016935030180873E-4
3.0	34.283827158259214	18.875748267194997	20.106876882756577	26.732656464905702	8.912268835109382E-4
4.0	35.87204590936955	17.807275639230184	20.68887600398409	25.6314321962531	3.702511630719328E-4
5.0	36.23099550021424	18.104339181866006	19.930827864353027	25.73301418354409	8.232700226419234E-4
6.0	26.891612440871594	17.542183001193802	16.458084233643184	39.10794417389077	1.7615040065120286E-4
7.0	26.003402360149426	23.683366525135234	17.315589402524555	32.983610584757905	0.014031127432883081
8.0	26.657539893894583	22.16183006078156	18.55624109026844	32.62436441735176	2.45377036591553E-5
9.0	34.792351007222095	18.328824172035425	19.32245156473955	27.556355533190523	1.7722812409540354E-5
10.0	29.344789168243658	23.254324717644852	23.11011650214106	24.29076024388032	9.368090106495876E-6
11.0	27.291368726168162	23.099365993398475	20.898862826297712	28.701731533640235	0.00867092049541599
12.0	29.53871779635129	20.396545029481263	19.863097750910097	30.20163007462896	9.34862839572956E-6
13.0	29.962856914885684	20.184610880287828	19.864307794888347	29.988208844192876	1.556574526136946E-5
14.0	30.019283557886045	20.456697925353293	20.163931028765646	29.359973446061506	1.1404193350923991E-4
15.0	30.4406104846879	20.474289319371543	19.90039168482614	29.184673812396365	3.469871804861122E-5
16.0	30.65746057258941	20.260165994303136	20.18847482984753	28.893865482626087	3.3120633830397626E-5
17.0	30.613485918566248	20.3532009151945	20.356051344000452	28.67725251387187	9.308366928005273E-6
18.0	30.833229376290873	19.982482405086472	20.6190545117452	28.5611684400547	0.004065266822756997
19.0	30.478825767049294	20.20217746174729	20.171273214900506	29.147642900111855	8.06561910578063E-5
20.0	30.12375091527384	20.58371639954527	20.042316394757933	29.250201805274713	1.4485148245585488E-5
21.0	29.824675140324846	20.694349900356578	20.016547565102133	29.464313503002387	1.1389121405280083E-4
22.0	29.82282245755347	20.375303667754586	19.914796759689896	29.886883879597477	1.9323540456595782E-4
23.0	29.970886071007683	20.14446156153576	20.25798139820697	29.626306498820377	3.644704292101762E-4
24.0	30.045746937367767	20.188843267784392	20.37394697449354	29.39145036622105	1.2454133243491982E-5
25.0	30.120156024194923	20.19114950113599	20.316959647819683	29.369574588054043	0.0021602387953623394
26.0	30.139283163623876	20.20629305066988	20.243066328508554	29.411333540971242	2.391622644995827E-5
27.0	30.020899137605273	20.284217259039107	20.292138271122955	29.402738046150596	7.2860820744982845E-6
28.0	30.033747228002273	20.241328518676642	20.376497782091857	29.348244140229397	1.8233099983167725E-4
29.0	29.970028633819695	20.214137176973658	20.289694213199258	29.525105398141545	0.001034577865844828
30.0	30.030672406348515	20.218058652639183	20.31228807136952	29.438828224832548	1.526448102369381E-4
31.0	30.016373851425506	20.143790525460446	20.280781045619822	29.55904147677812	1.3100716109771908E-5
32.0	30.106484168095793	20.148156088555204	20.371917623240424	29.373195748025488	2.463720830865213E-4
33.0	30.23242333054722	20.089304111610033	20.32981360906298	29.3484068108802	5.213789956215065E-5
34.0	29.956135257255607	20.219053834672454	20.370077348328106	29.454670735786692	6.282395714633229E-5
35.0	29.910857439186035	20.287983056816074	20.347238021667057	29.45367587247858	2.456098522538698E-4
36.0	30.06651634311503	20.11075192431023	20.403720807519743	29.418886195334355	1.2472972064719694E-4
37.0	30.075406581305288	20.20033182161073	20.25615853106005	29.468082312006867	2.0754017067720485E-5
38.0	30.173465217391794	19.994577296170853	20.276186116154822	29.555721216381286	5.015390124761938E-5
39.0	30.141245352799885	20.1028367728169	20.278821307311546	29.477061793651526	3.477342013920282E-5
40.0	30.014961564655856	20.160946813411595	20.389023318066865	29.433605480672277	0.0014628231934045051
41.0	30.09838196935703	20.07808647890882	20.286963536853115	29.53653144177819	3.657310284504964E-5
42.0	29.9836003957968	20.253151491374837	20.394637458529118	29.368391167452373	2.194868468705091E-4
43.0	30.077702930478445	20.11230512485859	20.305554479448528	29.50439312311588	4.434209855492129E-5
44.0	30.034318956147786	20.122912478769546	20.403127046084748	29.437439489952595	0.002202029045321613
45.0	30.071384030655363	20.124557585891722	20.398552524091773	29.405494442135176	1.1417225968023775E-5
46.0	30.093123089634837	20.061771143742245	20.466309584984852	29.37875693098985	3.9250648212189395E-5
47.0	30.00827772056138	20.18034980291114	20.34147484566674	29.469858273273424	3.935758731167798E-5
48.0	30.052341178485964	20.11501153861426	20.354674776092168	29.47734761867081	6.248881368013003E-4
49.0	30.123605089636857	20.13317587406028	20.358499060482377	29.379776563708592	0.0049434121118873235
50.0	30.089845146923842	20.112664059937806	20.34690920640971	29.450571114912993	1.0471815645559464E-5
51.0	30.094106472788862	20.04461370588793	20.363206286584667	29.496947121404855	0.0011264133336917812
52.0	30.04881502044048	20.064690295622622	20.432757089445275	29.453671084710077	6.650978154646094E-5
53.0	30.10667260819818	20.041918944749497	20.373786242939737	29.477511597983604	1.1060612897907425E-4
54.0	30.08824351088685	20.0524604974394	20.404617388863407	29.454398229332796	2.803734775385728E-4
55.0	30.02972264832827	20.12323229917755	20.3478309862665	29.498841584441543	3.7248178613002997E-4
56.0	30.063832974743814	20.125807548586412	20.34806572252848	29.46228309688633	1.0657254956881392E-5
57.0	30.031651212079545	20.150117588734183	20.423953627221454	29.39190936609502	0.002368205869790067
58.0	30.085311466558203	20.173867348509674	20.318438349457193	29.42236252049351	2.03149814167861E-5
59.0	30.113963054251013	20.166718551771325	20.32606134753954	29.39324516046455	1.1885973576529862E-5
60.0	30.153871538285742	20.161696723188424	20.289501586689248	29.393926580969094	0.0010035708674888716
61.0	30.122016095184474	20.23417253506383	20.257056527109633	29.386619346818925	1.3549582313914662E-4
62.0	30.097157140276025	20.144274783423818	20.281226518649664	29.477282749451177	5.880819931320587E-5
63.0	30.191751134172712	20.115295684176075	20.257714018160613	29.43480683101573	4.323324748737385E-4
64.0	30.126416992349174	20.072835754358554	20.32847452470648	29.472198069071805	7.465951399424535E-5
65.0	30.08979210619965	20.14967879883728	20.28487033762855	29.470794032486676	0.00486472484785033
66.0	30.024091076390015	20.17465269120486	20.30614796510665	29.478808876407104	0.01629939089137526
67.0	30.042100881814836	20.175068848227784	20.328445991514453	29.453319078900282	0.001065199542648057
68.0	30.07734264103503	20.182949693176557	20.301356999464225	29.43818325687789	1.6740944629773226E-4
69.0	30.097049073469034	20.159599078271828	20.341146119918825	29.40216783073062	3.789760969572446E-5
70.0	30.135880965471927	20.095620999953567	20.277884112351533	29.490505151018294	1.0877120468319686E-4
71.0	29.948323800954473	20.170326055807735	20.38951495053899	29.48314819461999	0.008686998078811242
72.0	30.10933014364625	20.1120036788692	20.332916479165654	29.442159682165002	0.0035900161538958307
73.0	30.051841084962426	20.167428095220117	20.32076103138699	29.45851996556033	0.0014498228701340526
74.0	30.130486217767903	20.141215693512628	20.270217140554216	29.45806555334994	1.53948153151507E-5
75.0	30.024101695036876	20.17868621353961	20.35929299730348	29.43574381014093	0.002175283979105964
76.0	30.019025901514585	20.201868201390266	20.311637899358423	29.46746740186825	5.958684708777419E-7
77.0	30.05692183647506	20.163108011501258	20.36399904635012	29.415807911820895	1.631938526633174E-4
78.0	30.052593778081523	20.161181366713734	20.37114241288881	29.415076444834025	5.99748190924055E-6
79.0	30.125599715482732	20.133294811221344	20.327525803030642	29.413249326005946	3.303442593343238E-4
80.0	30.195825645673185	20.114232059373276	20.309214423830678	29.380112588608988	6.152825138798739E-4
81.0	30.03908091877977	20.14645077562963	20.402118101335713	29.399778417410378	0.012571786844505915
82.0	30.014846578316458	20.12329272813686	20.438365607557014	29.42032879013136	0.003166295858308133
83.0	30.115555163749303	20.182054447109458	20.222257965189346	29.47758935684509	0.0025430671068012913
84.0	30.0993653825679	20.177096472252984	20.299876388235962	29.423642781748377	1.8975194780680473E-5
85.0	30.13148597265883	20.168766294436693	20.293272544356732	29.406291545575673	1.8364297206975268E-4
86.0	30.0240185482439	20.17324658061913	20.353291860123807	29.449118218664715	3.247923484494096E-4
87.0	30.061527811624668	20.13656020912879	20.377794906135914	29.424092332866646	2.4740243983214414E-5
88.0	30.06451674974074	20.193229032583936	20.30069353310215	29.438553351988727	0.003007332584448552
89.0	29.994250389858877	20.232835974052385	20.30730231511671	29.465570205160674	4.1115811354378E-5
90.0	30.140961620696572	20.209278808832195	20.25129506725337	29.398433239259873	3.126395798944412E-5
91.0	30.072807784434374	20.175025871399555	20.349243090949763	29.402891876068647	3.137714765436807E-5
92.0	30.07079080421956	20.20465156366938	20.346656054588095	29.377878902859184	2.267466378543913E-5
93.0	30.070430552452905	20.221394184971906	20.343637032332794	29.364433286650716	1.0494359168152863E-4
94.0	30.071014831823078	20.18108344558294	20.32259096047936	29.42529870471763	1.2057396991896484E-5
95.0	30.106327476955062	20.24602089402811	20.284151704561882	29.36349482888183	5.095573110668339E-6
96.0	30.075067384251362	20.199908184092525	20.362010156523393	29.36300979973858	4.475394139170884E-6
97.0	30.06551497301589	20.21257328782469	20.270750501199	29.45087050271647	2.907352439525096E-4
98.0	29.972653972773898	20.26977505414166	20.319159580060653	29.438225824114745	1.8556890904270336E-4
99.0	29.965664406067745	20.2649233335036	20.338195739463245	29.43120358456726	1.2936398153202387E-5
100.0	29.991211338524653	20.238597233026574	20.321129699022876	29.449057183756842	4.54566904790241E-6
101.0	30.089770847127934	20.27816983844458	20.273293053830724	29.357865880977545	9.00379619215572E-4
102.0	30.083983559744492	20.18189726700166	20.29800386946069	29.43601121458444	1.0408920872018542E-4
103.0	30.013572123688302	20.213586159373495	20.303251653866752	29.469478313985537	1.1174908591219766E-4
104.0	30.02020661447467	20.24841971542864	20.30611414253895	29.425254246784576	5.280773164335918E-6
105.0	30.075196083642563	20.227101610299613	20.355017630129602	29.34267871025245	5.9656757685843575E-6
106.0	30.105950011034473	20.193013116290658	20.32409607598984	29.376847602963966	9.319372106239271E-5
107.0	30.03904140524537	20.21419279739787	20.342124413456506	29.404475586237304	1.6579766295224413E-4
108.0	30.03216716853049	20.230449937550517	20.301528016883783	29.435834061772407	2.0815262803536975E-5
109.0	30.073743326928483	20.257719740556382	20.29477771906746	29.37374909679355	1.0116654127073877E-5
110.0	29.989091979454052	20.253372623348447	20.326152389207497	29.431191924514167	1.9108347583281902E-4
111.0	30.035273232690397	20.246616897039058	20.292382481365937	29.425605528888333	1.2186001628131512E-4
112.0	29.979231626319148	20.262844038356718	20.249854700849383	29.50806074422585	8.890248899409412E-6
113.0	30.02592362404763	20.213910829056832	20.273461767424337	29.48669759607255	6.1833986560163166E-6
114.0	30.103765794089366	20.285622533127448	20.257863066633778	29.352748606149408	0.0
115.0	30.150479057220753	20.213978515180116	20.25887449523833	29.36899388591308	0.007674046447722591
116.0	29.987093884733728	20.260710704829545	20.317228390583004	29.434965626368122	1.393485601130702E-6
117.0	29.989235083440235	20.262198254315262	20.377767958482092	29.369320604671223	0.0014780990911889183
118.0	30.05342991845027	20.24047252967989	20.317526947564453	29.388056870653106	5.137336522826428E-4
119.0	30.041612171051824	20.300191228716297	20.2264691903176	29.431723873304843	3.5366094389502984E-6
120.0	30.0089318537569	20.337387760622963	20.25600125410843	29.397661356253877	1.7775257830825847E-5
121.0	29.986957037130008	20.36507287738082	20.27612613889167	29.37184180237258	2.1442249286232193E-6
122.0	29.971801542353294	20.336259581231243	20.227888936667647	29.46404706530928	2.8744385386150385E-6
123.0	30.002317935666678	20.30504348316277	20.279194336155367	29.4134211299473	2.311506788422301E-5
124.0	29.925437797426575	20.332706325758245	20.264263375283008	29.477592501532175	0.0
125.0	29.959562717875176	20.33260309860345	20.27863560856162	29.428972213511567	2.263614481919069E-4
126.0	30.014099670045912	20.246734864935338	20.345287553573073	29.393852949130512	2.49623151636924E-5
127.0	30.07111391018164	20.244795386346215	20.323892889710717	29.354790302118555	0.005407511642875436
128.0	30.004637057404782	20.341875239620354	20.32388906856328	29.329598634411585	0.0
129.0	30.02717088933369	20.30564899172716	20.295181381417226	29.370669742464738	0.0013289950571917224
130.0	29.993821457268282	20.261147397903944	20.331695021095953	29.413327858926934	8.264804889632886E-6
131.0	30.023815164158172	20.306940506624983	20.27308696879989	29.39615282524621	4.535170736593134E-6
132.0	30.069091866848545	20.32059098389559	20.31321329900869	29.29708939911183	1.4451135345462263E-5
133.0	30.041079177662798	20.417710510304747	20.29008570978522	29.25112383696831	7.65278921859137E-7
134.0	29.979670389377866	20.33481530677192	20.294914264621415	29.390581558324623	1.8480904174540557E-5
135.0	29.911904239976362	20.313532124229457	20.36992851499376	29.40463512080042	0.0
136.0	29.95984060526379	20.269446243961976	20.35552059379792	29.414407587245872	7.849697304435794E-4
137.0	30.014943804847054	20.34548762637105	20.36525672962421	29.27431105354716	7.856105250818848E-7
138.0	30.046129197944925	20.373684275794748	20.28934401481439	29.29083697528417	5.53616176576101E-6
139.0	30.0153450622529	20.365627101966158	20.295789432497894	29.32245634116315	7.820621198950128E-4
140.0	29.93706041393478	20.38697327563731	20.246821402939823	29.415989354299242	0.013155553188846265
141.0	29.983313403182326	20.352880657014413	20.304394637695506	29.359411302107752	0.0
142.0	29.9227642817397	20.311786575155644	20.35504479319495	29.410370143388686	3.420652102366174E-5
143.0	29.959950571869353	20.366484016821655	20.248535411487545	29.42492902556352	1.0097425792642794E-4
144.0	30.17460250604514	20.272649352964926	20.27436090877958	29.27520886479415	0.003178367416197473
145.0	30.107647765419504	20.28785956689988	20.436428365554164	29.16806013619448	4.165931969847684E-6
146.0	30.32543494065802	20.160822281062906	20.33902029192131	29.174720803950905	1.6824068586545816E-6
147.0	30.203505666160428	20.186406704878753	20.368786229141126	29.239214452198876	0.0020869476208156094
148.0	30.124927724665373	20.41570733456537	20.345081258770566	29.114229685217364	5.3996781329003235E-5
149.0	30.085141947760036	20.329226506310796	20.50654205024057	29.079021190322003	6.830536659442697E-5
150.0	29.872778523781772	20.250062446256685	20.720092424937288	29.15706660502425	0.0
