# Position (bp)	A	C	G	T	N
0.0	25.87050838272585	24.76892039391108	23.94259465713998	25.358556870825915	0.05941969539717709
1.0	28.804695389438606	18.716555440726342	18.967327252519787	33.50575337267983	0.005668544635436283
2.0	29.862961541393567	20.084640740732425	19.120254711982973	30.9272365131513	0.004906492739729182
3.0	32.86250365663739	19.144288272330993	19.668078326585523	28.321263688807345	0.003866055638754833
4.0	32.74274990167387	18.7317802606594	20.462700101603666	28.061818192871463	9.51543191602737E-4
5.0	33.455327371306346	18.91649725703189	19.899218865688777	27.72691138881124	0.0020451171617488595
6.0	28.37725192120915	19.22382976160857	18.120318887831207	34.273358131950985	0.005241297400089679
7.0	28.57005217370131	21.38408497420144	18.997075419701744	31.02484650346679	0.023940928928716528
8.0	28.13482731337883	21.051037210858382	19.06064375701711	31.752704845160984	7.868735846931055E-4
9.0	32.33024288950481	19.013061394193777	19.47056922747924	29.18372035459179	0.002406134230382979
10.0	29.89688918001673	21.345934439412552	21.458140567700163	27.28655500869434	0.012480804176215207
11.0	28.846629195168017	21.32757478385033	20.35027142935169	29.459122707083363	0.016401884546599778
12.0	29.78025900837712	20.11913399142263	19.82631178710208	30.272343075969065	0.0019521371290988502
13.0	29.92951188387858	20.079767921361377	19.796873177100863	30.192441605577407	0.0014054120817753074
14.0	29.918640514565357	20.197124930648624	19.97457980600645	29.905459975731407	0.004194773048158461
15.0	30.097681329740432	20.209266425707675	19.91550009506039	29.776964349054445	5.878004370492183E-4
16.0	30.11169661161215	20.13737891097734	19.97662357914947	29.770768710885285	0.0035321873757501263
17.0	30.05492535941805	20.172586846579986	20.02288371712944	29.74757583566149	0.002028241211041778
18.0	30.023776990289967	20.15837320116797	20.031707329884217	29.7812210876434	0.004921391014450228
19.0	29.9838926768643	20.180715949810615	19.947855164923457	29.886815899168468	7.203092331638537E-4
20.0	29.91951421458026	20.240301353602565	19.927385761815565	29.91223277170053	5.658983010751675E-4
21.0	29.88270793024585	20.222684459776946	19.959018401885395	29.93418388887011	0.0014053192217008017
22.0	29.87056578279748	20.112446543120274	19.950400551688922	30.06590968219673	6.774401965882242E-4
23.0	29.924641806614915	20.037964265637235	20.00836156084265	30.026100186223864	0.002932180681334973
24.0	29.92886662088314	20.079039098843378	20.015972679938624	29.973643761852408	0.0024778384824440374
25.0	29.957969998817553	20.05204083272254	20.06801663335628	29.917005435546155	0.004967099557468345
26.0	29.964403837529733	20.067961187325377	20.029035338698215	29.937548121855457	0.001051514591217595
27.0	29.893894510749984	20.11223596836676	20.036535505940957	29.956434492180463	8.995227618364835E-4
28.0	29.8767150164665	20.113693508805923	20.087411774912418	29.920579740466717	0.0015999593484448777
29.0	29.874274620109976	20.114409919829136	20.039747793327667	29.969802322231054	0.0017653445021680388
30.0	29.84216579523157	20.105758642800396	20.063648167771085	29.987269900787517	0.0011574934094387467
31.0	29.884497354326268	20.076091476049893	20.044789223331104	29.99352020033708	0.0011017459556506082
32.0	29.867995093322246	20.123711678440646	20.07720311416442	29.92982219983521	0.001267914237479134
33.0	29.93562703537929	20.097604774637695	20.061789365948048	29.90195150945287	0.0030273145820887658
34.0	29.833593520805817	20.15166420995744	20.08013202440935	29.93271218500535	0.0018980598220458994
35.0	29.818889144497824	20.152369989381725	20.041749783493103	29.984299675288433	0.0026914073389160747
36.0	29.86485794799907	20.121690023865337	20.05690482707796	29.954684249423362	0.0018629516342688417
37.0	29.876012324288727	20.12191788024829	20.014883265563444	29.98681312190173	3.7340799781132225E-4
38.0	29.8929684294795	20.053950941775213	20.047156065920962	30.005081341250584	8.432215737393033E-4
39.0	29.887705158931645	20.106111965087685	20.045435441534813	29.959997377856467	7.500565893939249E-4
40.0	29.84970005130539	20.11691241308998	20.09785593057719	29.933181220481902	0.002350384545531124
41.0	29.848827145245803	20.104977782954595	20.038913725617927	30.006741052944253	5.402932374222504E-4
42.0	29.812212780325908	20.161272991795364	20.070498361229046	29.953878807241374	0.0021370594083041108
43.0	29.81040357332305	20.11426759304165	20.071097803936013	30.00168165966763	0.0025493700316604707
44.0	29.798837164250592	20.12477716341393	20.092937359836487	29.982837460479505	6.108520194853558E-4
45.0	29.797034984283048	20.137732125176104	20.097380359154446	29.964000990740054	0.0038515406463487008
46.0	29.828217650537976	20.097810321483973	20.12839715498165	29.944932154901956	6.427180944528518E-4
47.0	29.84590080290915	20.12818904269672	20.053461429130557	29.971569800332777	8.789249307971808E-4
48.0	29.8263434750061	20.103930624680416	20.060439439394102	30.003449217356813	0.005837243562561293
49.0	29.84704528931152	20.106756772952767	20.096769810985386	29.94044541121906	0.008982715531274723
50.0	29.835170506370307	20.13788175513821	20.086093009694405	29.939950850578956	9.038782181236831E-4
51.0	29.846482341513163	20.105655858906168	20.090665839419664	29.953368758207276	0.003827201953729982
52.0	29.84206507864744	20.114769928001543	20.125252156608546	29.91742224609647	4.905906459971923E-4
53.0	29.86376758157736	20.10634130277535	20.045726259806553	29.981638427148372	0.0025264286923637243
54.0	29.80639186422173	20.113195077223537	20.095199663879903	29.984312221403336	9.011732714953143E-4
55.0	29.777148879215094	20.14200905426927	20.080357685500967	29.99794823513598	0.00253614587868913
56.0	29.788122179841597	20.14022258519956	20.08351449469678	29.98734287819424	7.978620678249334E-4
57.0	29.82061482564351	20.127414451647052	20.119607414217946	29.925657693480602	0.006705615010890755
58.0	29.815149489380477	20.135572127573994	20.08443506756711	29.961777073523123	0.0030662419552949
59.0	29.840607487699046	20.135783056239877	20.085849149771413	29.93701904721928	7.412590703820345E-4
60.0	29.845185506366633	20.108393940930323	20.07246983730335	29.969948683177677	0.00400203222201057
61.0	29.854472467838555	20.14476793533229	20.097726361947764	29.90198244442605	0.001050790455339028
62.0	29.85277830102789	20.119301739354764	20.083150183895494	29.9427475731874	0.002022202534453387
63.0	29.856468482043912	20.162535575147906	20.04021204843275	29.937682432241726	0.0031014621337050697
64.0	29.848004155678197	20.11158903609007	20.07861511615398	29.96021442135189	0.001577270725866082
65.0	29.780612990394427	20.127512721500864	20.085049792593352	29.99850290380084	0.008321591710523562
66.0	29.775498693737173	20.1337855348589	20.079858103479935	29.98885036540924	0.02200730251474562
67.0	29.801196001960324	20.10796446739322	20.111736257394742	29.976900807641073	0.002202465610646037
68.0	29.787682460681875	20.201441736539746	20.05689612739909	29.949287762788902	0.004691912590391385
69.0	29.786879485024848	20.17641163383472	20.069093146922697	29.963834095526114	0.0037816386916261825
70.0	29.80593325404528	20.114982257100515	20.053658725417524	30.02503920196144	3.8656147524345066E-4
71.0	29.756370643184077	20.158128047444706	20.091334639158287	29.981494690553273	0.012671979659654052
72.0	29.80536217020863	20.111893665905193	20.11651637722578	29.959826688958692	0.006401097701705276
73.0	29.800122741260438	20.154812481774602	20.094639683553236	29.94484494923	0.0055801441817228
74.0	29.81627511618374	20.13254545727978	20.090292334527934	29.95829281064626	0.0025942813622911727
75.0	29.770712467581305	20.16999260468073	20.106970315757543	29.94702966898832	0.005294942992091614
76.0	29.770915887784533	20.164571619816765	20.07810544155607	29.985591297514098	8.157533285399863E-4
77.0	29.784261239387806	20.173977989682182	20.07807899938225	29.962378300850833	0.0013034706969293286
78.0	29.78176162045651	20.14609952961957	20.09905742727008	29.970965118472996	0.0021163041808465503
79.0	29.80983389160126	20.161675352940247	20.109560485003872	29.91641004462538	0.0025202258292453626
80.0	29.839933500535697	20.126396494494777	20.07296921968568	29.960065187501534	6.355977823085378E-4
81.0	29.76973291725239	20.168762481820167	20.11959891338003	29.92403528567768	0.017870401869738383
82.0	29.749898015978342	20.141344150242855	20.13252702885955	29.97235447232292	0.0038763325963338904
83.0	29.792408250166226	20.167392120051954	20.063394729442383	29.9721087734151	0.0046961269243373195
84.0	29.807635207448897	20.161176377194572	20.089423675729755	29.93783195811528	0.003932781511500647
85.0	29.798366333025054	20.156884739528234	20.114030754417662	29.92908082295313	0.0016373500759185274
86.0	29.75141892695658	20.189509808574783	20.081141458921863	29.97734403068379	5.857748629887615E-4
87.0	29.771330518308748	20.167433597988452	20.105752646399058	29.955257410046276	2.2582725746665363E-4
88.0	29.77417269079721	20.1758203507207	20.104275951880084	29.941504428919668	0.004226577682338304
89.0	29.73572182248866	20.18191830752244	20.114228293197357	29.967600430104063	5.31146687480056E-4
90.0	29.763192014689604	20.180466444988035	20.095375432269734	29.96078994010555	1.7616794707930026E-4
91.0	29.728541752584064	20.17984498313888	20.128495308542384	29.962850272204722	2.67683529950683E-4
92.0	29.719589568983196	20.211381749680097	20.136661167952845	29.932017418223623	3.500951602407429E-4
93.0	29.735977682913585	20.22653377340231	20.13414911150245	29.9026148316425	7.246005391638202E-4
94.0	29.764983383199183	20.184298989078123	20.118642151697244	29.931695139209484	3.803368159635198E-4
95.0	29.798573153714624	20.20046907191395	20.090271383835702	29.910410551516748	2.758390189693344E-4
96.0	29.752299181354765	20.190626016990183	20.12105959291998	29.935838580861073	1.7662787400189172E-4
97.0	29.738236978656136	20.225666932099838	20.0620667271667	29.97321940292736	8.099591499699969E-4
98.0	29.72332375237345	20.23505938698825	20.117025077248513	29.92337121753777	0.0012205658520151254
99.0	29.731553402476905	20.226761899116944	20.097393327939773	29.94401114694386	2.802235225151967E-4
100.0	29.707992416021344	20.19016505913398	20.13414426159206	29.9657593648936	0.0019388983590159887
101.0	29.72333017763164	20.210682350815347	20.129010199962725	29.934156572410597	0.0028206991796929227
102.0	29.706773541142333	20.191035310422016	20.149118270204404	29.952631195636926	4.416825943182535E-4
103.0	29.752037924497227	20.18228649624744	20.153957881034405	29.9114407506574	2.769475635284555E-4
104.0	29.69864622177283	20.25274788866823	20.147485306992078	29.900940720052205	1.7986251465781743E-4
105.0	29.74434023678229	20.225528631356	20.135141115016104	29.89478424326216	2.0577358344583269E-4
106.0	29.736309836972886	20.211174975700946	20.13217726713346	29.919913602665215	4.2431752749233807E-4
107.0	29.722042388299506	20.192862037190178	20.150605659649205	29.934023265521503	4.666493396025802E-4
108.0	29.681207655345382	20.234502426015442	20.17322865507132	29.91083036202185	2.309015460082086E-4
109.0	29.74305206276234	20.216602548742863	20.130148992667007	29.909968891675735	2.2750415204968974E-4
110.0	29.670883899775863	20.239902551934698	20.1584677443667	29.930321364729878	4.244391928578705E-4
111.0	29.713795996312108	20.20996489091318	20.13276133019524	29.94315165997598	3.261226034860597E-4
112.0	29.715432149793624	20.18349227355053	20.111491211953485	29.98911591925731	4.684454450527746E-4
113.0	29.69399246371208	20.187954134273287	20.191617416044945	29.926020294421136	4.1569154855713964E-4
114.0	29.689970179674198	20.248865648669465	20.1585001751397	29.90232343319084	3.405633257972012E-4
115.0	29.73643105580816	20.200078414710184	20.204926614443483	29.848441741609914	0.010122173428258434
116.0	29.668134659657802	20.273733864853707	20.190891101308832	29.866948433268902	2.919409107569857E-4
117.0	29.64337822805391	20.23307514574388	20.178739943713193	29.941473940409562	0.0033327420794538225
118.0	29.64693167902824	20.25550752206418	20.17651301298697	29.92006022807689	9.875578437216828E-4
119.0	29.687458753059996	20.240196206639975	20.14844627234594	29.92367557159927	2.2319635482206292E-4
120.0	29.667753773795276	20.24233113870895	20.185307548005536	29.904145768832073	4.617706581647704E-4
121.0	29.68681341824056	20.252274034766053	20.19975178904537	29.86081196944246	3.4878850556261575E-4
122.0	29.650266492308354	20.26714170342567	20.19194686700624	29.890454720749382	1.902165103635784E-4
123.0	29.63572955846587	20.235598465333776	20.21980813985433	29.908607466598664	2.5636974736074013E-4
124.0	29.60221348811773	20.21183490835371	20.206709379271896	29.978863774276306	3.7844998035865173E-4
125.0	29.58352793624731	20.254857716696037	20.204980933984675	29.955940422169647	6.929909023288104E-4
126.0	29.622600969637467	20.254602745776964	20.23062221513833	29.891772808196254	4.012612509828315E-4
127.0	29.665023268271117	20.233773359538763	20.22392475098868	29.86922217730748	0.008056443893962264
128.0	29.699365039898655	20.177185289256087	20.275544358502735	29.8466342438095	0.0012710685330196562
129.0	29.612584519981922	20.187646952602456	20.3428662095056	29.854607039335608	0.0022952785744133277
130.0	29.58253076413518	20.1571490314229	20.386807133281774	29.873042151495905	4.7091966424474426E-4
131.0	29.496262433101784	20.185663874469313	20.36417738364229	29.9528445374967	0.0010517712899187617
132.0	29.42293892213037	20.265398424874252	20.34914497030293	29.960237131807375	0.002280550885070638
133.0	29.38277156390016	20.25971946782928	20.399308622877687	29.95788564144216	3.1470395070680077E-4
134.0	29.370619533192148	20.260922270575605	20.34174068418263	30.02598023761296	7.372744366593018E-4
135.0	29.410519765762878	20.205804954246332	20.376028574733756	30.0046861281362	0.002960577120834287
136.0	29.501426512230903	20.212006584558697	20.420057742826923	29.865278820238135	0.0012303401453379276
137.0	29.7897820880267	20.101047559585115	20.324533469979723	29.784104177128228	5.327052802260826E-4
138.0	29.86455965418032	20.090835644959245	20.415461786643284	29.628054602018288	0.001088312198861385
139.0	29.081034005417727	20.665104355024486	21.531034388865237	28.716349572809314	0.006477677883238768
140.0	27.062960062010244	21.651570998502066	21.494195274322074	29.773186191322836	0.018087473842780026
141.0	28.899714720731907	19.726540570016336	19.31486482905112	32.05841755731289	4.623228877373456E-4
142.0	31.265441602873516	19.36590624842683	21.272051377101675	28.095914296529774	6.864750682062014E-4
143.0	30.693427863424432	19.284333769552227	21.5343716139444	28.477833995743314	0.010032757335630502
144.0	33.60077598198261	18.539143494689217	19.471514359110852	28.384017917102522	0.004548247114799209
145.0	27.401366131820264	20.278852601427083	19.143458437498342	33.17609503741094	2.2779184337121312E-4
146.0	27.724121551417518	20.695448467558563	19.010144441493022	32.570038371018775	2.471685121210436E-4
147.0	27.873356021714045	19.98351552592455	19.448902109145198	32.69089761816834	0.003328725047871437
148.0	30.374662132605206	19.482042308053103	20.35041558657079	29.792618206566168	2.6176620473280967E-4
149.0	32.75134978160773	19.478748957536514	19.29196947208264	28.475974579898285	0.001957208874829681
150.0	24.641054268847356	24.48951458636709	24.936026717028597	25.884360505815458	0.049043921941504795
