# Position (bp)	A	C	G	T	N
0.0	24.903428088115966	26.227363372991043	32.667043978105205	16.151859663868038	0.050304896919748224
1.0	27.665834817302382	18.44659326397242	20.078756307564298	33.808128788093825	6.868230670674916E-4
2.0	30.199179935931014	19.910935102012065	17.641697920148715	32.24793543820989	2.5160369831198515E-4
3.0	33.38618860969929	19.15563786945944	20.130386380331057	27.32689592300403	8.912175061794112E-4
4.0	34.94480458748601	18.07953795041848	20.7253192815369	26.24991432325885	4.238572997539808E-4
5.0	35.68950149385393	18.248023439362886	20.113529331941233	25.948126139221745	8.195956202066709E-4
6.0	28.204329520300263	17.682601414762466	17.183763335552253	36.92912517852369	1.8055086132272012E-4
7.0	27.212744238394393	22.728821962164286	17.91233846036961	32.1327615629328	0.013333776138907192
8.0	27.20603473682604	21.709838828917842	18.61629665808931	32.46780500838949	2.4767777319849098E-5
9.0	33.90979122214278	18.637230520062527	19.256099923994356	28.19686184528491	1.6488515432971056E-5
10.0	29.571125589695058	22.668896811276763	22.512402215576166	25.247567150625592	8.232826416714031E-6
11.0	27.949861163599543	22.56325914664758	20.72076037301595	28.757746960196435	0.008372356540490915
12.0	29.80047442889956	20.373766042244068	19.925549478631776	29.900204571725403	5.478499196190033E-6
13.0	30.172555348738587	20.152863667730518	19.87730219910463	29.79726236306029	1.642136597428927E-5
14.0	30.19633768825902	20.35717411999866	20.073143831468332	29.373229960945345	1.1439932864093115E-4
15.0	30.56791693189106	20.350501278371137	19.84642150008829	29.23512704528281	3.324436670221461E-5
16.0	30.762883106447624	20.175226503302966	20.08202454763567	28.97982852360224	3.731901149821045E-5
17.0	30.756531708548067	20.24107753831475	20.213693971845796	28.78868768481872	9.096472658977733E-6
18.0	30.92227410028215	19.9448950935135	20.434069895041244	28.69480698351528	0.00395392764782385
19.0	30.60232852150852	20.132561351147256	20.069718889828813	29.19531756149566	7.367601975399623E-5
20.0	30.270629363959223	20.464300214182405	19.972460129860824	29.292598005051374	1.228694617363745E-5
21.0	30.035584452956975	20.546964580835308	19.919782705701294	29.497567616597166	1.006439092571744E-4
22.0	29.997980460889607	20.294800299538764	19.83815193991764	29.868846263734838	2.2103591915264436E-4
23.0	30.161410204471395	20.06570581354894	20.115017693754478	29.65749821423682	3.680739883631242E-4
24.0	30.19086761906127	20.124692354197617	20.198407600752226	29.486023295526266	9.13046262853483E-6
25.0	30.25880554847528	20.0950030604469	20.18082818457302	29.46317389265673	0.0021893138480653753
26.0	30.24837959605071	20.112929519439852	20.130346619689483	29.508324595851526	1.9668968425409562E-5
27.0	30.196549209761482	20.152250522838333	20.15310400562273	29.498087104236852	9.15754060510739E-6
28.0	30.196497973125425	20.119903679188734	20.238274058089495	29.44513774890847	1.8654068787213234E-4
29.0	30.173672093757876	20.10779005210249	20.164576230243778	29.55296880400236	9.928198934974022E-4
30.0	30.18374179421834	20.10519741516515	20.213868325982876	29.49705127684032	1.4118779331361654E-4
31.0	30.180773076048517	20.043120800742273	20.168603839241534	29.607483383628676	1.8900339001090165E-5
32.0	30.239965500669726	20.0474790905732	20.247623891019103	29.464675524914785	2.559928231811316E-4
33.0	30.342040096184046	19.996855924604855	20.206626630142573	29.45441990949682	5.7439571706095215E-5
34.0	30.137441762592626	20.096528445555922	20.241370749857577	29.524594501306133	6.454068774501141E-5
35.0	30.1128680003901	20.13359889560605	20.195331184348923	29.557931919447768	2.7000020715533136E-4
36.0	30.209618204760996	20.007703440926914	20.261592230285004	29.520954968658252	1.3115536883428808E-4
37.0	30.21268874217219	20.086863458388116	20.15526107241857	29.545169413420304	1.731360082593924E-5
38.0	30.275074622206443	19.92604721447476	20.169762124238424	29.62906068014235	5.535893801815321E-5
39.0	30.28920779570615	19.97918190952501	20.165633891771893	29.565949591684404	2.6811312537551125E-5
40.0	30.184355886704395	20.03290583134728	20.271471481532657	29.509756679307635	0.0015101211080342433
41.0	30.242232844117726	19.991802059299477	20.184065651841777	29.581865400136774	3.4044604238048236E-5
42.0	30.155162065133258	20.093690672536045	20.261535590514455	29.489387906404925	2.2376541132121755E-4
43.0	30.20099949357115	20.00893553126094	20.204822155067355	29.585201464224287	4.135587626620344E-5
44.0	30.18175608767926	20.013996270235165	20.25734948373143	29.544697001292906	0.002201157061231299
45.0	30.23138277616119	20.002328247526922	20.247486241305875	29.51879126533553	1.1469670480333695E-5
46.0	30.227489067976887	19.956980915402543	20.300964726025875	29.51452647629656	3.88142981370517E-5
47.0	30.162667541102856	20.033498730940945	20.227019438231768	29.576784499492923	2.9790231508249536E-5
48.0	30.203057093639835	19.989037835516875	20.230899177858383	29.57641710955876	5.88783426149355E-4
49.0	30.284000443023366	20.000186002176708	20.225327868090154	29.485823071106093	0.004662615603674292
50.0	30.244759044962993	19.995598207253128	20.19583079952823	29.56380468153345	7.26672219443616E-6
51.0	30.25815400025747	19.942524907500072	20.21554806585589	29.58268869700739	0.0010843293791762986
52.0	30.198413696139326	19.965904223497528	20.292425756134634	29.54317983894235	7.648528616256117E-5
53.0	30.259978822079848	19.957325137120712	20.2187927149178	29.563775814562703	1.2751131893795032E-4
54.0	30.242326394692498	19.944588381367094	20.245784219078235	29.567014379863494	2.866249986758905E-4
55.0	30.203259904306893	20.01276730829598	20.181682037185876	29.60191658601773	3.7416419352411266E-4
56.0	30.211264202399253	20.013069698615826	20.18070643437082	29.594945857205357	1.3807408739931933E-5
57.0	30.21639078759793	20.014290881017	20.22929208644751	29.537664197590285	0.00236204734726875
58.0	30.24845546228544	20.045181000799893	20.14461048204994	29.561724772330688	2.8282534040225332E-5
59.0	30.281568424564053	20.0271417037175	20.15450872976264	29.536769197097744	1.194485805589223E-5
60.0	30.299302641835048	20.021691343356313	20.14998581028324	29.52797645394531	0.0010437505800902165
61.0	30.264857140958867	20.08059011566308	20.125801105061722	29.528625468113358	1.261702029729595E-4
62.0	30.245316552926553	20.032950351083716	20.135860441512087	29.58581641286988	5.624160776036166E-5
63.0	30.310798746408857	20.009410173629067	20.115016747743823	29.5642837573106	4.905749076555695E-4
64.0	30.26454344678297	19.979679117731106	20.16426533174764	29.591426220078304	8.58836599834983E-5
65.0	30.236669510736817	20.038458295045825	20.119435742968225	29.600590585458836	0.004845865790295741
66.0	30.198413415195024	20.034251210872366	20.15166879851933	29.600077969971604	0.01558860544166935
67.0	30.218462141713776	20.039893221999964	20.149552028037192	29.59104207534713	0.0010505329019382867
68.0	30.23366632043909	20.04227895742606	20.127661626410443	29.596207395594142	1.8570013026326988E-4
69.0	30.24382426776774	20.032635652276788	20.172194751464474	29.55131351126001	3.181723098682589E-5
70.0	30.27176182108264	19.98372645234813	20.114752824948084	29.629638953229016	1.1994839212706733E-4
71.0	30.143499233202537	20.045797474863846	20.192032796743405	29.61043170363845	0.008238791551761023
72.0	30.246607246562906	19.99705206517079	20.17131402091269	29.58133112646879	0.0036955408848201618
73.0	30.214887758491916	20.0419898458725	20.15903067256309	29.582686879601667	0.001404843470827492
74.0	30.262840209082597	20.019870786424754	20.101814921527158	29.615462086281102	1.1996684387664635E-5
75.0	30.206136545288487	20.03273071186001	20.162209572699556	29.596781003730836	0.002142166421104333
76.0	30.190503089800874	20.061391372330064	20.137112411196128	29.610990501153218	2.625519717689837E-6
77.0	30.23222022813447	20.033705910446375	20.149945324607145	29.583995232314596	1.3330449741027296E-4
78.0	30.210736282608945	20.026367064521647	20.16655858266488	29.59633331155104	4.758653493733866E-6
79.0	30.273595687619633	19.99834731519289	20.14937048907792	29.578334195694023	3.5231241553886853E-4
80.0	30.315986308471714	19.982582031229278	20.13301439746669	29.5678138739147	6.03388917612734E-4
81.0	30.225576160135137	20.017471209188894	20.194301292243967	29.550847131799046	0.011804206632949758
82.0	30.184301837129023	19.996286494667554	20.231668258988833	29.58472900878007	0.0030144004345199226
83.0	30.25796184540584	20.05497871618478	20.072360653848573	29.612048826463205	0.0026499580976048808
84.0	30.262420448031797	20.038807684716602	20.125248671376276	29.573502120484264	2.107539106725602E-5
85.0	30.270834504763165	20.037983913426107	20.12273310462901	29.568280881471644	1.6759571007267737E-4
86.0	30.205974945826725	20.03015106673063	20.152108712822088	29.611422846826002	3.4242779455377577E-4
87.0	30.235394247901098	20.0043081913472	20.168614276253773	29.591661424383524	2.1860114406329653E-5
88.0	30.237044135764407	20.03484336041172	20.125619007157066	29.59968895480123	0.0028045418655777378
89.0	30.197787764472327	20.06359594820587	20.129377206077848	29.609192814984265	4.626625969175556E-5
90.0	30.269531690195972	20.04833206521638	20.106459000424763	29.57563797929566	3.9264867228588945E-5
91.0	30.229953477032307	20.034784916839783	20.165061929676487	29.570169694910557	2.998154086498178E-5
92.0	30.241548989546274	20.036022055976844	20.166542794546665	29.555860517568007	2.5642362216996048E-5
93.0	30.226922123024824	20.064467625920663	20.15715073155712	29.55134589816263	1.1362133475974564E-4
94.0	30.233098869771407	20.03780925306469	20.137909034726682	29.59116991531295	1.2927124269929415E-5
95.0	30.268642430839392	20.079253659594478	20.11855503772793	29.533543792828365	5.0790098389054895E-6
96.0	30.228412223751693	20.04856990410117	20.1564909356352	29.566522403252886	4.533259048328395E-6
97.0	30.24279852202831	20.041721948795118	20.12125958502637	29.59390582255616	3.141215940448555E-4
98.0	30.173527393203255	20.09167413534181	20.12357574085915	29.61102783222469	1.9489837110171323E-4
99.0	30.174330766510582	20.08256168117891	20.144443739149136	29.598652907519124	1.0905642242369255E-5
100.0	30.168946693659116	20.0748344538426	20.146232657626843	29.609982159413534	4.035457908337883E-6
101.0	30.255686867438442	20.103254121483722	20.099122729076807	29.5409970923046	9.391896964289339E-4
102.0	30.231777852112373	20.050880299515704	20.123047187288993	29.594185309381878	1.093517010532494E-4
103.0	30.197275743194922	20.065250624345612	20.115925734468313	29.621409417459144	1.3848053200363975E-4
104.0	30.19598063742212	20.078758151487875	20.126484601117145	29.598768978812707	7.631160154242417E-6
105.0	30.23832390996308	20.07553694811127	20.14548155902779	29.54064932678474	8.256113121015983E-6
106.0	30.25393984235565	20.045799430741532	20.134960659714768	29.565185123649357	1.1494353869693026E-4
107.0	30.217962481876853	20.062962605286483	20.139533131544795	29.57933699155277	2.0478973910061088E-4
108.0	30.209953890744785	20.060034323992223	20.121267346006245	29.608708546512307	3.58927444396396E-5
109.0	30.232700487740903	20.08156596103308	20.119258457423705	29.566462469521227	1.2624281087770096E-5
110.0	30.176475201902875	20.079260178712154	20.137173827475664	29.606849694011117	2.4109789819432782E-4
111.0	30.228297142763843	20.068551529104866	20.11778876288878	29.58526295128849	9.96139540174335E-5
112.0	30.152012566295472	20.083521230676794	20.114771779516392	29.649683435273356	1.0988237988605967E-5
113.0	30.191667490019107	20.069781221092033	20.111211669671253	29.62732918797315	1.0431244458631483E-5
114.0	30.240744023007004	20.103104155675368	20.101453051360735	29.554698153182773	6.167741182780696E-7
115.0	30.26610185708077	20.06975287248553	20.08967822606028	29.56728362583358	0.007183418539844672
116.0	30.17362515526687	20.102705243452863	20.127698023593386	29.595969707902835	1.869784050412968E-6
117.0	30.192234530078593	20.082353594627918	20.17145611956649	29.552558241093347	0.0013975146336546052
118.0	30.2209476247116	20.07505574401659	20.15058882032071	29.552884724340796	5.2308661031129E-4
119.0	30.210991495966873	20.101937179203077	20.07678819364648	29.610278060823582	5.070359991249572E-6
120.0	30.181741309614402	20.125810383459726	20.101235826727994	29.591195268446086	1.721175179654353E-5
121.0	30.176562150972035	20.158547010339053	20.1233251418701	29.541565055628453	6.411903529628502E-7
122.0	30.16832729632195	20.13483075881812	20.089844729243726	29.606991410301386	5.805314819900557E-6
123.0	30.182283052188335	20.12716905350359	20.123070191149388	29.567458889133952	1.881402473438311E-5
124.0	30.11201602416511	20.150585913168573	20.099642333687047	29.637755076299943	6.526793266309998E-7
125.0	30.151388974318877	20.151590416921053	20.118496181336372	29.578295276614835	2.2915080886164657E-4
126.0	30.161386826292752	20.102724536406676	20.153537337771205	29.582324876502735	2.642302663192708E-5
127.0	30.20723513256418	20.078039038745622	20.14937362007015	29.56039473410502	0.004957474515027593
128.0	30.161370263875035	20.146555375119238	20.141479391043017	29.550594969962713	0.0
129.0	30.20672502857736	20.113075926998675	20.124370577280466	29.55453691886708	0.0012915482764247848
130.0	30.16676330721356	20.08818713910787	20.14251818011817	29.602523241591282	8.13196911871174E-6
131.0	30.182384508534117	20.12022036193071	20.105035614304352	29.59235405799897	5.457231851341075E-6
132.0	30.21655342704164	20.132749059732166	20.14880210726539	29.501874800474496	2.0605486308262208E-5
133.0	30.191492644372413	20.20359158478693	20.129307585594656	29.475606110679596	2.074566403001494E-6
134.0	30.136924037805617	20.152370265125015	20.139643871101136	29.571043026721117	1.8799247108256296E-5
135.0	30.097383594296584	20.143623803160686	20.177522480980414	29.581467316541392	2.805020920126524E-6
136.0	30.134696892942557	20.12175785814882	20.16216819055434	29.58055123316012	8.258251941690581E-4
137.0	30.16880286541479	20.159996890091268	20.1648159106051	29.506384333888843	0.0
138.0	30.181093015004805	20.163013366846005	20.128584374561626	29.52730135706052	7.88652704292274E-6
139.0	30.147637397727102	20.176559569641793	20.13577997693245	29.539151085595194	8.719701034610951E-4
140.0	30.10750003417661	20.173318871471007	20.09133067589018	29.616033100254434	0.011817318207767788
141.0	30.145068248844844	20.155795357461358	20.136863525035555	29.56227140061912	1.4680391149039501E-6
142.0	30.096547863851537	20.13256986317982	20.176773930030947	29.594076515891143	3.182704655903144E-5
143.0	30.09372175680211	20.204152844841953	20.109588021712426	29.592449285058777	8.809158472961046E-5
144.0	30.39250665717232	20.09435205262901	20.083263660731827	29.42701094053664	0.0028666889302058508
145.0	30.30502649158635	20.05933359364796	20.335011211412077	29.300625669737183	3.0336164289016703E-6
146.0	30.568736408709512	19.951267125671436	20.231333261556863	29.24866167190468	1.5321575117369776E-6
147.0	30.46152933083663	19.91176332298259	20.20583142864715	29.418595384315253	0.00228053321837218
148.0	30.341076018953128	20.211327182085693	20.16035429081367	29.287173756776774	6.875137073045394E-5
149.0	30.285900941854166	20.105496692418466	20.42302477189219	29.18552161771676	5.5976118411912424E-5
150.0	30.077579373108996	19.989421157824744	20.716879397950553	29.216120071115704	0.0
