# Position (bp)	A	C	G	T	N
0.0	26.067370818170637	24.73288796821122	24.78614890521967	24.353511196357253	0.06008111204122295
1.0	28.504778046363764	18.462835578114728	18.912109541537266	34.11457302037558	0.005703813608655198
2.0	29.879951013200063	20.05194898873909	18.970452412350205	31.09269422804652	0.004953357664125995
3.0	32.663746840579115	19.24801830323797	19.63449946980152	28.4493806649592	0.004354721422198212
4.0	32.856619602486454	18.75309448831655	20.336915260337836	28.052304862066347	0.0010657867928187687
5.0	33.47954771706881	18.86110646529507	19.873552739569902	27.783608340290648	0.002184737775565026
6.0	28.363998403623036	19.00855202555079	18.011624023223987	34.61054486067951	0.005280686922674577
7.0	28.38832296744106	21.51592303281729	18.796508021891846	31.274173931527756	0.025072046322045117
8.0	28.16481787552721	21.019249767999334	19.019611379738077	31.795616795894716	7.041808406675232E-4
9.0	32.509492877181856	18.95871982498583	19.415950060760473	29.11334866658911	0.002488570482728599
10.0	29.901759715896976	21.42190313646647	21.460209852065788	27.203955702643036	0.012171592927735954
11.0	28.802992897639513	21.38174220432542	20.320838599815875	29.476907126323905	0.01751917189529042
12.0	29.81269346569163	20.107394941699603	19.78116085193183	30.2966499603536	0.0021007803233370754
13.0	29.94335000978073	20.05434478015222	19.777167451348877	30.223667790154746	0.0014699685634302236
14.0	29.948413274968477	20.187604309576358	19.94135869215583	29.918019656008145	0.004604067291195739
15.0	30.129841030771342	20.199919779160332	19.889536995735906	29.780106837251424	5.953570809986553E-4
16.0	30.198108443293915	20.10828144448446	19.976947315499547	29.712901447517233	0.003761349204844855
17.0	30.150116433330048	20.156121665893302	20.03698560052551	29.654708009841624	0.0020682904095164255
18.0	30.145980626918018	20.094203718568135	20.073743155623166	29.681176170746376	0.004896328144301358
19.0	30.071788614391576	20.139418285931328	19.928082970909895	29.85999044199521	7.196867719962595E-4
20.0	29.951449712352158	20.24850919913573	19.91170208737554	29.887780886890162	5.581142464101244E-4
21.0	29.875334578358544	20.256245679642163	19.93049621676161	29.93629074549497	0.0016327797427101336
22.0	29.846613704916546	20.12079367503536	19.92353206153327	30.108374800777817	6.857577370085357E-4
23.0	29.93044261955955	20.040184483698482	20.006983547375324	30.01939558972383	0.0029937596428146786
24.0	29.936165701736762	20.062455894636532	20.038238621846475	29.960506604542818	0.0026331772374119777
25.0	29.957265566719073	20.047429821032427	20.080324577538217	29.909555929611482	0.005424105098803967
26.0	29.967692218541075	20.074651381810376	20.039396291323	29.917166717261544	0.001093391064001368
27.0	29.892230039260404	20.109835350921358	20.056814864492484	29.940114536416	0.001005208909754843
28.0	29.90377992070522	20.106821452144676	20.088912239653204	29.89873307802516	0.0017533094717352927
29.0	29.873982345842197	20.11749364631586	20.057316342655287	29.949547413932336	0.0016602512543169576
30.0	29.867059424147957	20.093351067396263	20.066585722628272	29.97182790247996	0.0011758833475477865
31.0	29.88925167052866	20.06688805368391	20.06596861740972	29.97674488105293	0.0011467773247791516
32.0	29.887610858008696	20.110623434159987	20.09684961529127	29.903602446289064	0.001313646250984099
33.0	29.946588234930253	20.08208485311877	20.07915677144396	29.88921315378113	0.0029569867258900334
34.0	29.84024859771542	20.147045497683273	20.0876180177491	29.923117979162082	0.001969907690125641
35.0	29.83652663074755	20.13285376975591	20.06339911365685	29.964504260314804	0.002716225524880822
36.0	29.877187916913005	20.09117188897553	20.086967067005002	29.94285152257113	0.0018216045353297073
37.0	29.889614153674366	20.11989481590925	20.03737827727916	29.952733648315977	3.7910482124369274E-4
38.0	29.91279615235612	20.052730904936883	20.055309836987824	29.978260114213523	9.029915056553423E-4
39.0	29.890638416309233	20.11776615083755	20.040971880451867	29.94993677794507	6.867744562836648E-4
40.0	29.841532260200733	20.11390083883981	20.11047413966994	29.93150549335098	0.002587267938539017
41.0	29.859438335148713	20.097714350038412	20.0480768226735	29.994173388761393	5.971033779785274E-4
42.0	29.829586035387923	20.15093884520656	20.08761467455148	29.929602289097794	0.0022581557562343264
43.0	29.825983854932975	20.108709919028552	20.076941318882483	29.985843214505476	0.0025216926505156902
44.0	29.823387573234555	20.12133540751018	20.094454528002505	29.960185889490997	6.366017617613249E-4
45.0	29.799806258953193	20.12761428245776	20.116842484386975	29.951833847811184	0.0039031263908874715
46.0	29.83518729887776	20.085841890418536	20.144904424439254	29.93330225571783	7.641305466195972E-4
47.0	29.856984838464506	20.12960119582733	20.06080918332845	29.951713894830455	8.908875492535673E-4
48.0	29.838141553467228	20.10049171619313	20.07331996967347	29.982500135119682	0.0055466255464881875
49.0	29.84132753397001	20.110640300437645	20.096619477945072	29.942425594809453	0.008987092837821207
50.0	29.854702000680433	20.11797896004339	20.095526886156033	29.930907386649828	8.84766470313993E-4
51.0	29.849878212225534	20.09766015953114	20.107222956652453	29.941461945335035	0.003776726255832491
52.0	29.843364470339584	20.108605035952607	20.149205556144135	29.898240540700847	5.843968628250967E-4
53.0	29.874320316606195	20.1074708694826	20.064559743301835	29.951161556593895	0.002487514015473575
54.0	29.822993666317068	20.114055511769223	20.10000677781835	29.96204255341548	9.01490679879616E-4
55.0	29.783704421976182	20.13400981837211	20.098872398750245	29.98068563940756	0.0027277214939040732
56.0	29.80414879428744	20.139483609210373	20.09051210872734	29.96502888762397	8.266001508818783E-4
57.0	29.815829653572422	20.131844163803695	20.133522256295553	29.91180375283915	0.007000173489181123
58.0	29.834155089867743	20.135285470136402	20.08774211880575	29.93956920729414	0.003248113895968529
59.0	29.857400734641725	20.12642927767237	20.082896754884878	29.93248075883146	7.924739695631555E-4
60.0	29.857013502789727	20.106649225512164	20.091510867605447	29.940663892272045	0.004162511820613678
61.0	29.850594196094978	20.14181832105753	20.107009322186094	29.899454942767207	0.0011232178941917065
62.0	29.86814580435827	20.109656597380283	20.09173374991827	29.928414247005264	0.002049601337910766
63.0	29.861852945714418	20.147693360304967	20.062738026862807	29.92449035519079	0.0032253119270152348
64.0	29.855565348667852	20.107502608780266	20.095679839468907	29.939645419915617	0.0016067831673642822
65.0	29.79385667547455	20.130414583300368	20.093093805676148	29.973399666504346	0.009235269044588558
66.0	29.794829053411192	20.12198119422807	20.091759179843677	29.968963646930145	0.022466925586917562
67.0	29.8206682299371	20.110162251931264	20.12126324437742	29.945545055927397	0.002361217826811692
68.0	29.791152001446342	20.186384633817053	20.080337526598726	29.937237954704948	0.004887883432932406
69.0	29.805718197493615	20.16702828856138	20.08336488489249	29.940071964906068	0.0038166641464492477
70.0	29.818041359031888	20.104867423246368	20.07186054813746	30.00479057791616	4.400916681187604E-4
71.0	29.76447596750671	20.168989119920937	20.089718822252554	29.96392454393016	0.012891546389642706
72.0	29.814463822014698	20.122992783512547	20.120050545479295	29.93524969112005	0.007243157873416397
73.0	29.784530931609304	20.15261966845031	20.11488575926617	29.942205216678275	0.005758423995942187
74.0	29.83816588955609	20.141576146935655	20.092609006208324	29.92493926321776	0.0027096940821702414
75.0	29.79315968125904	20.16467013775012	20.118096762260272	29.918416124809998	0.00565729392056751
76.0	29.786488159372926	20.1549207193375	20.087532168105874	29.970147096993223	9.118561904782898E-4
77.0	29.793929997794276	20.17804235881613	20.086296600704685	29.94024837605892	0.00148266662598471
78.0	29.78635998253436	20.155845924720136	20.104494102288665	29.951092577192256	0.0022074132645852045
79.0	29.818474758427243	20.163307309068358	20.11970972484218	29.896005516391238	0.0025026912709735665
80.0	29.858268425402223	20.133947869587463	20.068922100501098	29.93824415483104	6.174496781711512E-4
81.0	29.7819025175386	20.161541827795272	20.12074942470464	29.917500466741654	0.01830576321983418
82.0	29.761526571287234	20.140649639537084	20.154654874809054	29.939216989754442	0.003951924612186473
83.0	29.80382036949278	20.16454710325941	20.06478074957127	29.961458131507655	0.005393646168889906
84.0	29.807595035981784	20.16659632298473	20.103951044992982	29.917934701967763	0.003922894072742656
85.0	29.78949846918799	20.163445655850275	20.112606743439738	29.932684576645276	0.0017645548767185892
86.0	29.763871252379115	20.191595834396466	20.094384781130785	29.949517586176867	6.305459167669988E-4
87.0	29.767802784403873	20.170385571525976	20.119920454887946	29.941663722462003	2.2746672019716813E-4
88.0	29.78361944253441	20.178634129535098	20.10076548202378	29.932664137363158	0.004316808543548692
89.0	29.751833656996823	20.184578764565632	20.10495353160185	29.95800083120975	6.332156259468654E-4
90.0	29.772885577493437	20.180231857142306	20.098057751731655	29.94862691408929	1.9789954331327536E-4
91.0	29.741348017903775	20.187250926335246	20.122367996315692	29.948815050964562	2.1800848072659964E-4
92.0	29.758006633362406	20.199771352870467	20.1248983712958	29.91700329335322	3.2034911811173414E-4
93.0	29.75978059730066	20.218501791377772	20.135309395040963	29.885474709676153	9.335066044522107E-4
94.0	29.77532414639062	20.18476889234919	20.118973190347152	29.920544330060494	3.894408525401519E-4
95.0	29.80184805972418	20.196976860015194	20.08784076397252	29.91301346397205	3.2085231606169325E-4
96.0	29.761972781758033	20.192524245170546	20.12337676599282	29.921958791808752	1.6741526984730815E-4
97.0	29.750358356242362	20.223924108238684	20.06151312923126	29.963363931381505	8.404749061932005E-4
98.0	29.731127225923988	20.239352466709892	20.112231605552292	29.916051787200942	0.0012369146128875948
99.0	29.74756938263461	20.219094810758083	20.100929933772374	29.932178956761025	2.2691607390543068E-4
100.0	29.72961945143149	20.20544696911523	20.11516203595317	29.947808318615277	0.0019632248848352883
101.0	29.73366306320427	20.205767877241165	20.125105777979904	29.93230745592051	0.003155825654157575
102.0	29.733856054392195	20.19739276662142	20.132211092273458	29.936074791284767	4.6529542816166146E-4
103.0	29.746613740453082	20.212455103140606	20.141050140544532	29.899655402445426	2.2561341636109097E-4
104.0	29.70443849406393	20.260878018287013	20.118714704306857	29.915742634378894	2.261489633095247E-4
105.0	29.75514689920655	20.2258400717173	20.139394143628405	29.87940573110451	2.1315434323289774E-4
106.0	29.746261622750005	20.199763466782557	20.137019964985324	29.91642757516621	5.273703159087242E-4
107.0	29.728834311263007	20.19037391284706	20.1562610554271	29.924056529479813	4.74190983018813E-4
108.0	29.700291393895316	20.23141643570863	20.166288424066163	29.901809553006657	1.9419332323493985E-4
109.0	29.76609251878507	20.19620833899869	20.13165783183821	29.905803967226635	2.373431513942126E-4
110.0	29.691242908704535	20.220867582294222	20.154094561744195	29.93335330863672	4.416386203319054E-4
111.0	29.7376265508417	20.196616281726584	20.132788050698903	29.932586418496072	3.8269823674275816E-4
112.0	29.733837817403636	20.177514735898452	20.097617984121317	29.990532322644984	4.971399316107475E-4
113.0	29.709003132591473	20.183474198663813	20.167543253774262	29.939560361105094	4.1905386535630307E-4
114.0	29.717775703229815	20.25015999309693	20.144354705110736	29.887377720055504	3.3187850702241095E-4
115.0	29.74484384705713	20.199022866685603	20.187394205346738	29.858609271018267	0.010129809892267064
116.0	29.69912477389287	20.255747164321296	20.1726926321033	29.872145351111364	2.900785711681459E-4
117.0	29.654790486455184	20.22644980108965	20.16689450051901	29.948412049332894	0.0034531626032624917
118.0	29.64958072035435	20.262433264681857	20.1661914420467	29.920733249084936	0.001061323832157571
119.0	29.690591208002537	20.2533819834115	20.127284256885922	29.928504545610064	2.380060899808274E-4
120.0	29.674876269320666	20.251975360367975	20.180171664689826	29.89248374597126	4.929596502702147E-4
121.0	29.7033098386794	20.246497492705817	20.20264629291944	29.847192850460424	3.53525234921476E-4
122.0	29.654214048876977	20.253162525627356	20.195202676687998	29.89720913284416	2.1161596351120047E-4
123.0	29.641223218521855	20.241024153477614	20.219204228521466	29.898336229396033	2.1217008303523732E-4
124.0	29.631435085065505	20.2162234074286	20.187408677490414	29.96458179841961	3.510315958752653E-4
125.0	29.60823154934274	20.251759729997275	20.187321767289916	29.951917274248046	7.696791220183155E-4
126.0	29.63363616836792	20.249538259646275	20.199957639824184	29.91645976586262	4.081662989991388E-4
127.0	29.704350897696997	20.210661053032528	20.197179709332005	29.87965483470689	0.00815350523157635
128.0	29.756172047936502	20.136774277725532	20.26675599157005	29.839037742818476	0.0012599399494339321
129.0	29.63372681092481	20.14406737528318	20.366506853429435	29.853439605798886	0.0022593545636931103
130.0	29.565487304972933	20.11928804721624	20.408639058242166	29.906071830320858	5.137592478016603E-4
131.0	29.50239550788374	20.180270770446786	20.310804503939902	30.00533600612732	0.0011932116022472514
132.0	29.366166143050243	20.280155471004832	20.27894244598825	30.072516593737998	0.0022193462186809953
133.0	29.331537555181946	20.28091750528191	20.354382810064273	30.032845719495825	3.1640997604285496E-4
134.0	29.35364929675953	20.241793904674772	20.286803731276144	30.11704725251202	7.058147775327447E-4
135.0	29.44492055087837	20.142423011388328	20.368763768195294	30.04071144478624	0.003181224751772545
136.0	29.5436847865879	20.18302545657222	20.4072984023186	29.86474531215095	0.0012460423703219941
137.0	29.869673657734474	20.056648291443327	20.285521983654473	29.78766086082951	4.952063382140367E-4
138.0	29.929054140658874	20.044681038583523	20.381312523700394	29.643757350215903	0.001194946841303007
139.0	29.12655557820216	20.6281642471306	21.560798597200222	28.677404049457966	0.007077528009053009
140.0	27.021957030639104	21.618206137171367	21.54678823165483	29.79518157055378	0.017867029980920945
141.0	28.878529273099275	19.657454973822567	19.262425700041852	32.20114571744786	4.4433558844846207E-4
142.0	31.362020419968278	19.31154980709951	21.2315334267101	28.094159723529195	7.366226929160008E-4
143.0	30.938326680247837	19.082149321975415	21.6622930834206	28.306491410203215	0.010739504152934454
144.0	33.95957625822243	18.418331220455684	19.243224402752347	28.37435269456271	0.00451542400683391
145.0	27.477709027882792	20.232299507454677	19.118816579616595	33.170944210554495	2.306744914504408E-4
146.0	27.785340300751454	20.56456746154177	19.042970625231774	32.60689479765417	2.2681482082619067E-4
147.0	28.057295877748622	19.947065924772197	19.559403537184835	32.432444686534296	0.003789973760050793
148.0	30.60838588632928	19.309993693952975	20.305420638023215	29.775953695865415	2.4608582911237543E-4
149.0	33.351759727893125	19.42381119265183	19.04902336305791	28.173540914385605	0.0018648020115312432
150.0	23.673434040389512	25.317002368108128	24.896226625314245	26.062405422542202	0.05093154364591415
