# Position (bp)	A	C	G	T	N
0.0	22.975253683531893	28.677194001584894	28.420887170429666	19.922698715968462	0.00396642848508455
1.0	27.20616227428618	17.50230955170143	18.260547652316035	37.02327851829404	0.007702003402312784
2.0	29.669365437836394	20.32063018957186	18.84423621381743	31.161619748778158	0.004148409996159578
3.0	34.45305733062149	19.079641035871735	19.81360448450036	26.6502257850406	0.00347136396582003
4.0	34.325429050379626	18.30471605747532	21.053206213480355	26.31385131820393	0.0027973604607711947
5.0	35.55275376741186	18.506678868405416	20.11309528274446	25.825951031355306	0.0015210500829701565
6.0	26.247419113126387	18.771221984482096	16.733994753801557	38.24505313967217	0.0023110089177878356
7.0	26.3333698743205	23.28666279623421	18.21191012914084	32.16578985631904	0.0022673439854124493
8.0	26.22413412191575	22.230849694991356	18.77806165765666	32.764605986944204	0.002348538492026296
9.0	34.13945458011574	18.414597526376582	19.41226212483745	28.030093162710163	0.003592605960070988
10.0	29.248835029561832	23.04546730685312	23.006664355089754	24.696543279505132	0.002490028990162518
11.0	27.351888699328324	22.975881010718673	20.82673293405325	28.842593802406547	0.0029035534932029886
12.0	29.169207680460346	20.51818025409447	19.813419454872218	30.497762318648313	0.001430291924654709
13.0	29.422687943454896	20.371158036360427	19.872103914637048	30.332827746149515	0.0012223593981102324
14.0	29.45245518921696	20.589032537684254	20.269555297538545	29.68237195077632	0.006585024783921109
15.0	29.769712127741222	20.618054201598753	20.066674697269058	29.54464828652196	9.106868690130101E-4
16.0	29.814096382376388	20.5649708864172	20.219927912770356	29.398873774106406	0.0021310443296531094
17.0	29.883054699113927	20.57441887206706	20.273462479308215	29.267740337008284	0.0013236125025127955
18.0	29.7699143365361	20.485116190221017	20.459770257519637	29.267357829164283	0.01784138655896506
19.0	29.631370976741877	20.569817762475356	20.235164526302302	29.562406742251078	0.0012399922293820293
20.0	29.51058411208678	20.709990101896132	20.17269102607038	29.605536492311153	0.0011982676355555759
21.0	29.487243304090093	20.677114368774625	20.174261474829986	29.65976980631303	0.0016110459922649139
22.0	29.518448333288937	20.45488288553941	20.176590075744294	29.848777789272646	0.001300916154714861
23.0	29.579332401847118	20.309103956504217	20.32900539072874	29.781319572441223	0.0012386784787046397
24.0	29.55914415045707	20.44092809020258	20.368253986600802	29.630105118415855	0.0015686543236963608
25.0	29.632564569420598	20.426341735813732	20.349450899133707	29.590920525292773	7.222703391843422E-4
26.0	29.607864376844695	20.40219408603648	20.28914727962424	29.69920553617797	0.0015887213166166838
27.0	29.58604490540769	20.475038958756322	20.28112192966423	29.65663895578568	0.0011552503860805532
28.0	29.48977653397368	20.471972227269905	20.389838804391477	29.647443004210423	9.694301545168536E-4
29.0	29.542459478287984	20.470925050351813	20.282159887578207	29.70101149089625	0.003444092885741497
30.0	29.488121702399344	20.452214575752016	20.328415458245125	29.729944025409043	0.0013042381944706096
31.0	29.461761024613065	20.397147285842266	20.31074044511368	29.829000488142544	0.001350756288445901
32.0	29.55185678107882	20.35856881208566	20.426886507098782	29.661185953464695	0.0015019462720441907
33.0	29.71762358522807	20.321619792399602	20.35192137587198	29.60481458027595	0.0040206662243933815
34.0	29.46024038133077	20.519190039993486	20.35019786526243	29.66805934381257	0.0023123696007483667
35.0	29.449799726636094	20.557789024280837	20.32630573483701	29.664881181692003	0.0012243325540526992
36.0	29.512070053561068	20.490844675870427	20.344811431844402	29.647758657859306	0.004515180864790683
37.0	29.516366336195297	20.471756107362893	20.220837406043845	29.789656564074097	0.001383586323866481
38.0	29.56793046355846	20.315231298239464	20.27794909397189	29.83754236735584	0.0013467768743446486
39.0	29.597634332833294	20.40961184327906	20.246524572910378	29.74532750461662	9.017463606483041E-4
40.0	29.44004285795624	20.410174278669885	20.425680956677922	29.723023556347687	0.0010783503482640283
41.0	29.483169348143708	20.37328222841921	20.273495926223127	29.86849265922913	0.0015598379848279758
42.0	29.381754503873147	20.554650650573965	20.348217690249136	29.713962485570367	0.00141466973338046
43.0	29.441989052950095	20.402463140887242	20.316277259673775	29.835531889541272	0.0037386569476161686
44.0	29.505428104901043	20.44578857868567	20.337766809158172	29.70943505800624	0.0015814492488775006
45.0	29.531710520624703	20.355811557884312	20.376532917170174	29.73150944178997	0.004435562530839297
46.0	29.55122463737424	20.322675998588767	20.430602773365525	29.694387829886825	0.001108760784638962
47.0	29.565379190166656	20.41666016726127	20.28349292159043	29.73301928206454	0.0014484389171024984
48.0	29.427180554457564	20.396557488988805	20.327848806858505	29.842635170559	0.005777979136120454
49.0	29.53346962829833	20.413292495868156	20.362890971981795	29.688861195688926	0.0014857081627957965
50.0	29.55584146291242	20.376525809273442	20.27834634925821	29.788155018104028	0.001131360451892517
51.0	29.598037525232694	20.299280131717286	20.340498653118846	29.757429456502404	0.004754233428766797
52.0	29.501423302647563	20.376095833272352	20.403720344812445	29.71754851669179	0.0012120025758484932
53.0	29.57633308480856	20.37615753113974	20.267482545215532	29.77883134502021	0.001195493815963383
54.0	29.481855200356534	20.36301619384534	20.387171966913296	29.766153624244353	0.0018030146404788808
55.0	29.4324417687226	20.470457672106498	20.292319873464745	29.80287447410644	0.0019062115997160209
56.0	29.511229194620125	20.396923313598457	20.339385658698603	29.751246084177986	0.0012157489048323447
57.0	29.56228162820783	20.34570737233283	20.386956520716645	29.703502344310923	0.0015521344317741674
58.0	29.550369824917134	20.41697525819383	20.31400759921666	29.716660346996044	0.0019869706763340675
59.0	29.502984529755103	20.4404233981802	20.337639058715347	29.717858297068872	0.0010947162804777343
60.0	29.557899797772	20.424836836048783	20.324800298050462	29.690020816602715	0.002442251526048049
61.0	29.49430108832446	20.45896282505671	20.32978813616487	29.716201136698718	7.46813755249378E-4
62.0	29.531636415472946	20.39707616105406	20.307133518277386	29.762893253598737	0.001260651596869802
63.0	29.602943573058948	20.393445758489218	20.265291424857597	29.734781764367778	0.003537479226458198
64.0	29.519765445318246	20.35134095261199	20.342845441360225	29.78570441169935	3.437490101870019E-4
65.0	29.516061614943922	20.417532529970384	20.300590002365546	29.764283314839883	0.0015325378802578716
66.0	29.413581368310144	20.427074939564868	20.31912039693825	29.80150101110951	0.03872228407722757
67.0	29.405303011320644	20.426090094063053	20.37695380035781	29.7881200920084	0.003533002250096468
68.0	29.503818690960156	20.414044951332535	20.29538812740458	29.782913265974205	0.003834964328524238
69.0	29.519106661923878	20.377356572996597	20.32974236495757	29.77321002083439	5.84379287565425E-4
70.0	29.575695284561913	20.335894570165973	20.33535712247435	29.752131683897836	9.213388999264719E-4
71.0	29.44070020572901	20.374571698712074	20.374133373968615	29.79092167575159	0.01967304583871248
72.0	29.477600212582967	20.33453244604707	20.429342787699383	29.757979069513123	5.454841574516643E-4
73.0	29.479107445181192	20.393968805393357	20.30732875371296	29.812239752654428	0.007355243058064015
74.0	29.5097571328811	20.312786488569213	20.32143968000076	29.855832026780572	1.846717683561759E-4
75.0	29.46749867947843	20.376193057327924	20.395847950385622	29.759768801008967	6.915117990530543E-4
76.0	29.445177789947557	20.403376381101747	20.2906032784388	29.86038663071516	4.559197967348633E-4
77.0	29.509837964841	20.41349308600228	20.30639995067225	29.769944473831956	3.2452465251522834E-4
78.0	29.48188292524835	20.373586406587847	20.36679362886554	29.777600638139184	1.3640115908248942E-4
79.0	29.54485777527982	20.342844340269195	20.354514512574887	29.757535655954513	2.4771592158304785E-4
80.0	29.552085754939938	20.341662132446984	20.365881670337092	29.739926047085337	4.4439519064414803E-4
81.0	29.47047888224359	20.302964028454223	20.473386551817924	29.724290116446976	0.028880421037283784
82.0	29.418875299864737	20.358416566971254	20.468680731033007	29.739759587320442	0.014267814810557956
83.0	29.544574867745588	20.321098216159136	20.270672023353846	29.86322609858492	4.2879415650758025E-4
84.0	29.526672716715375	20.338847000851494	20.37860638870129	29.755383037091725	4.90856640120947E-4
85.0	29.501150468705152	20.343256223148924	20.402267333456237	29.752946763402495	3.7921128719479324E-4
86.0	29.540142409717674	20.33114179487648	20.36736613940448	29.761025434854243	3.242211471179982E-4
87.0	29.538402041045565	20.278972290774504	20.404496712022905	29.777890599791025	2.3835636600692605E-4
88.0	29.52510003895215	20.324950737424828	20.397552973272436	29.74522640299302	0.007169847357564806
89.0	29.454633084065566	20.381706877925822	20.331682718877023	29.831824992216095	1.5232691549572967E-4
90.0	29.483434179218072	20.290136523410947	20.37592411235431	29.85038188269695	1.2330231971736643E-4
91.0	29.461451600828486	20.34696054700172	20.442442542360194	29.748833379083173	3.119307264242757E-4
92.0	29.521896569804834	20.30658735443244	20.396704364405014	29.774527430569155	2.8428078855700337E-4
93.0	29.474644966183373	20.309236365776886	20.51554963499283	29.700153143374123	4.1588967278760293E-4
94.0	29.479315044296545	20.30792865233815	20.41429870148811	29.79826314109264	1.9446078455203527E-4
95.0	29.555717387998097	20.324041545169152	20.379522261432097	29.740554564085482	1.6424131516561602E-4
96.0	29.45702207233845	20.36416961017789	20.43086477962291	29.747677156754627	2.663811061209051E-4
97.0	29.490877792368686	20.34445953059741	20.34780242099551	29.816623890050646	2.363659877447612E-4
98.0	29.377971609606735	20.318922497269103	20.48250236769356	29.818273523086898	0.0023300023437082397
99.0	29.41533260761448	20.326643040228706	20.42555411416508	29.832400680274475	6.955771725483513E-5
100.0	29.442367732189005	20.22590971594038	20.432328987955696	29.894342578990518	0.005050984924399472
101.0	29.416121758858694	20.373098414997433	20.463640255699058	29.746780704647346	3.588657974697808E-4
102.0	29.404418610760057	20.284266196562363	20.479636272360842	29.831460018271024	2.1890204571258455E-4
103.0	29.367037701122307	20.300047821559176	20.488477378621724	29.844177400547668	2.5969814913129113E-4
104.0	29.42860951087808	20.30483322188235	20.49192738707423	29.77429005221645	3.3982794888534547E-4
105.0	29.54383464005702	20.28112820347214	20.46170134732093	29.71325892043633	7.688871358262192E-5
106.0	29.51920425849223	20.182369177940558	20.458472494626754	29.839640760212298	3.133087281545489E-4
107.0	29.428127461002155	20.271612812837905	20.536687567431212	29.763372584301234	1.995744274908186E-4
108.0	29.424076905914674	20.292802365934968	20.472104017757538	29.810650290123426	3.66420269392182E-4
109.0	29.509181165157077	20.251258682990585	20.474632057299946	29.764554074018662	3.7402053372730164E-4
110.0	29.4142246446556	20.222544791926268	20.543043596583328	29.819889776262198	2.9719057260556736E-4
111.0	29.475206841120325	20.219739395812137	20.472193192904733	29.83216618117303	6.943889897681782E-4
112.0	29.425739286248636	20.23957460656568	20.459827677832934	29.87463644480199	2.2198455076320508E-4
113.0	29.367175151593123	20.286089254355957	20.54293043513442	29.803486948604036	3.182103124688893E-4
114.0	29.393182414181634	20.345346219576328	20.518853093941978	29.74229221911333	3.2605318672739947E-4
115.0	29.450927066441274	20.246771775287083	20.529387762512748	29.75523496545061	0.017678430308283158
116.0	29.33705167165797	20.2963388102789	20.6067562894123	29.759607955674266	2.452729765592616E-4
117.0	29.40203265216771	20.2481371054101	20.62432252073484	29.717134594985307	0.008373126702052374
118.0	29.372525208492267	20.288593773515384	20.58647693481341	29.752040811031016	3.6327214792441863E-4
119.0	29.37027176945144	20.27013798957897	20.575676026978496	29.78380723288556	1.0698110553204646E-4
120.0	29.28059349435482	20.328263865575913	20.625375461596903	29.76543588882803	3.3128964432743783E-4
121.0	29.34041069865782	20.334512767440774	20.63123495993309	29.693613370013317	2.2820395500274413E-4
122.0	29.36384304231008	20.23951105730904	20.591632466267086	29.804836280964892	1.7715314889722166E-4
123.0	29.262540087327476	20.267920160184033	20.75028418464258	29.71894949930247	3.060685434381659E-4
124.0	29.22002713103885	20.246505957004803	20.669554372051216	29.86378540289084	1.2713701428892902E-4
125.0	29.226994368018705	20.30243964364726	20.710325210885237	29.760108540273496	1.322371753081457E-4
126.0	29.32453537081427	20.254289971618437	20.725983533456198	29.69512220336857	6.892074252451167E-5
127.0	29.377964942590793	20.256415793830758	20.740524781341108	29.613504661123706	0.011589821113630638
128.0	29.348599077388787	20.263585966716917	20.68710930989677	29.700403991194698	3.0165480283465016E-4
129.0	29.371789743813142	20.315709018617014	20.743017135887147	29.569325692742098	1.584089406006075E-4
130.0	29.285020494265613	20.280227372862118	20.724241979198656	29.710510153673614	0.0
131.0	29.134745440444544	20.279974483606246	20.85232872385386	29.73215727345157	7.940786437842612E-4
132.0	29.130792190817882	20.355012190143775	20.670158303341708	29.82971249236946	0.014324823327178965
133.0	29.576145796101905	20.103073227517875	20.453406388463467	29.86727474945538	9.983846136950414E-5
134.0	29.669775783985546	20.20351948085303	20.596154340065237	29.53033636682733	2.140282688537502E-4
135.0	29.434662343607133	20.289823322614083	20.501517951958235	29.773765777649153	2.306041713988564E-4
136.0	29.159393304627795	20.559995695421005	20.260427029252366	30.01980857136779	3.7539933103839207E-4
137.0	28.409452953330046	20.756515211389708	20.43613869035329	30.397893144926964	0.0
138.0	28.743662295072063	20.938055823139155	20.73618538862701	29.581492542721943	6.039504398269079E-4
139.0	28.521670127809013	21.341910212902462	21.723480052001555	28.41209542622702	8.44181059953739E-4
140.0	27.736848660196777	22.150582960500476	21.903794751918454	28.18903823492781	0.019735392456481544
141.0	28.316667036207622	21.377353052038757	20.765836677678987	29.540143234074634	0.0
142.0	28.40696696570032	21.610036564179758	23.1820063110776	26.80099015904232	0.0
143.0	30.911089002035336	19.397462658421283	22.050551751493987	27.638945787245667	0.001950800803729931
144.0	33.567637778229695	18.756273083306546	19.60416434330248	28.0686447516023	0.003280043558978463
145.0	27.098866550839745	20.575163398692812	19.372549019607842	32.9534210308596	0.0
146.0	27.309726765730936	21.031052538368748	19.337581490775797	32.32163920512452	0.0
147.0	27.645977089062473	20.342820508494594	19.950399001231588	32.0591162924097	0.001687108801646618
148.0	30.15718297570685	19.917114267797256	20.44503367232871	29.48066908416719	0.0
149.0	32.98105106716756	19.821725907883692	19.240322558449957	27.955524363896572	0.0013761026022100207
150.0	23.023081469947957	25.753283450831134	25.512160662024424	25.696336663639112	0.015137753557372086
