# Position (bp)	A	C	G	T	N
0.0	23.25307097292559	28.15299724005072	30.420244267436093	18.118940693391945	0.05474682619565406
1.0	27.41175614286131	17.646738251846813	18.77116524120436	36.169715276015815	6.25088071705664E-4
2.0	30.37380596794162	19.922653814140386	18.056045598208055	31.647247807613642	2.4681209629602655E-4
3.0	35.186628854170046	18.718823814752227	19.58922129886646	26.504394401402447	9.316308088175887E-4
4.0	35.689536589339276	17.7176605915929	20.62105119806154	25.97141804163198	3.335793742996329E-4
5.0	36.75394414039898	17.957151892567342	19.874939678483585	25.41308794089621	8.76347653876817E-4
6.0	27.152008724712346	18.004151616672768	16.372438164220913	38.47121178624718	1.8970814679545073E-4
7.0	27.01795566547005	23.078892035747728	17.681299440833147	32.20680832452387	0.015044533425204494
8.0	26.73978442405833	22.035286402862848	18.28074366838375	32.94416872357906	1.6781116016670044E-5
9.0	34.89747580947916	18.17961481225687	18.933016367531152	27.989884138103715	8.872629105958844E-6
10.0	29.882052423439227	22.865701148225	22.746171390761628	24.506070114642814	4.922931337607163E-6
11.0	27.803284283578193	22.782429815144713	20.61448140501672	28.79047614910994	0.009328347150435156
12.0	29.82630653400372	20.323332436728272	19.5868698288603	30.26348775986642	3.440541287974888E-6
13.0	30.162522181611383	20.13672016564981	19.599562641002173	30.101179786642607	1.5225094027479488E-5
14.0	30.20328001372533	20.353764342743755	19.905866855631103	29.536969528522334	1.1925937747527623E-4
15.0	30.57027412232659	20.343069063371058	19.735813607148355	29.350816723885732	2.6483268268357073E-5
16.0	30.689520246980994	20.21532380434079	19.941386942439642	29.153737145135565	3.18611030017796E-5
17.0	30.667184466597803	20.29766274707522	20.012544542554465	29.022603834546295	4.409226223567258E-6
18.0	30.72180351325632	20.125037698888445	20.131912029254533	29.01702001739976	0.00422674120094527
19.0	30.505825107131777	20.266640403790255	19.856688600072943	29.370779725376337	6.616362868197224E-5
20.0	30.262576785662286	20.469562529625023	19.76229322137119	29.50555618042216	1.1282919339802836E-5
21.0	30.135067755455815	20.449445613786132	19.768857616258614	29.646520975538387	1.0803896104942054E-4
22.0	30.12060688202202	20.206448488232258	19.721000645752223	29.951765034446215	1.7894954727927666E-4
23.0	30.271813970756963	20.00457512956752	19.94409904136226	29.779131409599252	3.80448714009767E-4
24.0	30.281142763042475	20.048675026841725	20.002785037436883	29.66739076621562	6.406463297497433E-6
25.0	30.371390378165735	20.027937443079157	19.977364551256493	29.6209271926127	0.0023804348859127727
26.0	30.317649239818866	20.06319412187215	19.94916317168578	29.6699796312138	1.3835409404044387E-5
27.0	30.26410076211745	20.10757203705165	19.983063671838835	29.64526006536838	3.4636236905071728E-6
28.0	30.239872356271015	20.09560000958842	20.063579478396022	29.60076334377823	1.8481196631023523E-4
29.0	30.22080339196179	20.089862814801172	19.98121602322487	29.70706889585007	0.001048874162091445
30.0	30.263068388820578	20.065955163028686	20.00854292578238	29.662298736680608	1.347856877474284E-4
31.0	30.302904036275972	19.99577865675815	19.989106188474036	29.712198654975168	1.2463516669370254E-5
32.0	30.34329397176252	20.007515330786568	20.04799241426733	29.600938423885697	2.5985929788386426E-4
33.0	30.425175733591907	19.956058154538773	20.009492341955614	29.60922918423094	4.458568275877008E-5
34.0	30.220722584013387	20.045797975789707	20.05090232915988	29.682514342303996	6.2768733032105E-5
35.0	30.215178842722466	20.096263152657315	19.98556916578732	29.702727563891628	2.612749412668783E-4
36.0	30.285778606830167	19.995792579361087	20.037029965206184	29.68127165995534	1.2718864722614104E-4
37.0	30.286021465182312	20.044602244229555	19.955552478858667	29.713817740189054	6.07154041426262E-6
38.0	30.353782721999234	19.907346569479724	19.96962679845396	29.769201303792574	4.260627450431404E-5
39.0	30.356770264438143	19.963159535605815	19.974869223638176	29.705179110911175	2.186540669582722E-5
40.0	30.26606161254778	19.99087526931776	20.083074343380268	29.65836358248778	0.0016251922664135064
41.0	30.314910281886526	19.955188981533475	19.986636162024297	29.743236467057095	2.810749861046748E-5
42.0	30.227444844218365	20.05839825185902	20.063278665409467	29.65066562339416	2.1261511898323742E-4
43.0	30.289051555693746	19.968839120610983	20.0089200002521	29.733162613472242	2.670997092614528E-5
44.0	30.257922214013927	19.98235824549255	20.057804065034517	29.699842731519126	0.0020727439398824953
45.0	30.293892267920313	19.96945529711033	20.06757544323919	29.669073378108752	3.613621417909365E-6
46.0	30.291490105220507	19.918950603203434	20.121790420681034	29.667736266814572	3.260408045345631E-5
47.0	30.25897824488731	19.9951546350567	20.028831451964788	29.717002981723134	3.268636807237074E-5
48.0	30.28314387476717	19.95986029988232	20.037456160354477	29.718879053346626	6.606116494026822E-4
49.0	30.360317038894408	19.966837861306185	20.030431975860676	29.637230121990733	0.005183001948003566
50.0	30.323472275013046	19.962117332482322	20.02424418365104	29.69016411763892	2.0912146748814945E-6
51.0	30.33071682358876	19.903537257273257	20.048910169667078	29.71564745931299	0.0011882901579173147
52.0	30.273151937571747	19.927693707447112	20.118358161745352	29.68071473740377	8.145583202289731E-5
53.0	30.351729945608653	19.913921995293638	20.044798722202493	29.689448700183075	1.0063671214402806E-4
54.0	30.3012619508351	19.922746646118096	20.070827320075797	29.704920012235025	2.4407073598901768E-4
55.0	30.285349601567006	19.973501981192072	20.030141378505654	29.710658936920158	3.481018151077714E-4
56.0	30.279577309453288	19.967922931735664	20.04491373935528	29.707580706923757	5.312532008005349E-6
57.0	30.2909878128284	19.96310829946771	20.088039729159807	29.65528612216866	0.0025780363754221154
58.0	30.324108370915614	19.99054874059941	20.014797860143936	29.670533276630977	1.1751710062108481E-5
59.0	30.357908620968516	19.9736089111023	20.020383740220282	29.648089621607472	9.106101428096496E-6
60.0	30.36044335860579	19.971919631280695	20.009169034226588	29.657471178276484	9.967976104441145E-4
61.0	30.33657387593584	20.01660861914568	20.00518591218934	29.64150611581995	1.2547690918987282E-4
62.0	30.330935998718626	19.970138301901528	20.02221393192567	29.67666965123102	4.211622315187965E-5
63.0	30.39413949239175	19.96202554322892	19.996861151593002	29.64648654847587	4.872643104560592E-4
64.0	30.34593253606233	19.917438612247405	20.056146208233613	29.680417499071666	6.51443849834245E-5
65.0	30.324913212102018	19.974725471386158	20.022866056724418	29.67230345191041	0.005191807876999805
66.0	30.29778131681118	19.970829123607032	20.024862326507428	29.68962309146905	0.01690414160531457
67.0	30.307235826986194	19.97322592508257	20.031011142998572	29.68743283099992	0.0010942739327411946
68.0	30.308411714768972	19.9877846714077	20.02378107734403	29.679860608092472	1.6192838682511343E-4
69.0	30.31538248723043	19.974761589392052	20.042588242309765	29.667237407700842	3.0273366906937575E-5
70.0	30.349546105848447	19.920165865737157	20.00812523637618	29.72205406258176	1.0872945645228521E-4
71.0	30.244367287861223	19.97747763156907	20.077297881720334	29.691903250506872	0.008953948342493308
72.0	30.337406647696508	19.93131207210651	20.055210181314855	29.672296073163405	0.0037750257187156903
73.0	30.289578802354157	19.972612071796128	20.055879452321154	29.680456096862496	0.0014735766660632444
74.0	30.33343774844387	19.95903304380423	20.005349408995478	29.7021703088419	9.489914526349489E-6
75.0	30.276573853843825	19.98134836645136	20.064228652372083	29.675564268910335	0.0022848584223954557
76.0	30.27223770513967	19.99684479972058	20.034175384847295	29.696740987365455	1.1229269981565132E-6
77.0	30.323253648254312	19.987729174030928	20.032109034825144	29.656771866702424	1.3627618718689842E-4
78.0	30.31168804116563	19.97359992163128	20.051452968443442	29.66325511507943	3.9536802188432035E-6
79.0	30.373016850509703	19.943158756530696	20.05136493644245	29.632133715161117	3.257413560268216E-4
80.0	30.409760307642824	19.922089499778345	20.019005064423485	29.648586466578454	5.5866157689408E-4
81.0	30.310658942065693	19.9649458906734	20.07417552826642	29.637345620731733	0.012874018262761713
82.0	30.291994614046768	19.95196368853559	20.09886621363945	29.65392536719084	0.0032501165873542533
83.0	30.3424342511878	19.997925438454487	19.968020293025564	29.688942775120857	0.002677242211290319
84.0	30.354977919612292	19.981204149918096	20.02990983388741	29.6338902569371	1.7839645104315398E-5
85.0	30.361759937097077	19.978071975100033	20.030536491182584	29.629440520580264	1.9107604004362676E-4
86.0	30.299940240607686	19.977234136675985	20.053685530531656	29.668821018711956	3.1907347271269474E-4
87.0	30.337077417914525	19.96181693025609	20.068088423469078	29.6329928271143	2.4401246001986562E-5
88.0	30.332804435779835	19.985387727235516	20.022866466973184	29.655834608120895	0.003106761890570112
89.0	30.299913259381466	20.01944046318089	20.0200726800224	29.660520961415482	5.263599975572218E-5
90.0	30.360014441288186	19.995372618878882	20.0042779742932	29.640305036503417	2.9929036318304596E-5
91.0	30.318444347832163	19.986943270140884	20.062490673964152	29.632089324716137	3.238334666261321E-5
92.0	30.316999129197796	19.99418141881481	20.056787348486164	29.63200433745772	2.7766043506459972E-5
93.0	30.335552102602946	19.997076564496062	20.057957265950336	29.609305589579876	1.0847737078168182E-4
94.0	30.347614970601413	19.97670431836218	20.05187961744448	29.62378562738176	1.546621016759364E-5
95.0	30.363380656047084	20.03609853399036	20.030212903448454	29.570300744201305	7.16231279818275E-6
96.0	30.32771697964447	20.00003162347822	20.054733652572345	29.617513551798385	4.192506582055655E-6
97.0	30.326991118917192	19.99772975591943	20.017467872938887	29.657491499537088	3.1975268740413505E-4
98.0	30.272261054161888	20.042611655873003	20.02522405514511	29.659735541740993	1.6769307900622957E-4
99.0	30.292409284680073	20.027050878398693	20.054120280069696	29.626397159430766	2.2397420766294097E-5
100.0	30.285449824976062	20.0262823719344	20.047824592630494	29.640434097587544	9.11287149782552E-6
101.0	30.365611653353476	20.035643210681826	20.007203006292343	29.5905884929066	9.536367657557866E-4
102.0	30.318133692510397	19.99827318562128	20.03450788884077	29.64896955715119	1.1567587636579472E-4
103.0	30.305688076938615	20.00320007439153	20.029135863923262	29.661861713928584	1.1427081800507037E-4
104.0	30.30857833172177	20.01840642745362	20.04122451659616	29.631780240241547	1.0483986903329555E-5
105.0	30.35693296827165	20.012397863449888	20.06503665691337	29.565625701529175	6.8098359140320865E-6
106.0	30.35479091666312	19.988634632707658	20.05003441486565	29.60642443806045	1.155977031134147E-4
107.0	30.31014754201192	20.008989678928373	20.067594743247277	29.613098317982118	1.697178303175234E-4
108.0	30.31919135331254	20.003394376415017	20.041492934479134	29.6358824942338	3.884155950891213E-5
109.0	30.356249283602267	20.01327701782987	20.031544334418808	29.59892244471095	6.919438101870811E-6
110.0	30.281941860216378	20.008631462491973	20.059408524711447	29.649821041069963	1.9711151023945648E-4
111.0	30.328785487722453	20.01809257292876	20.034879149561	29.618113345008616	1.2944477917129946E-4
112.0	30.27237278566738	20.021982917442035	20.033568669221673	29.672067344394808	8.283274109622582E-6
113.0	30.308154124415402	20.008094197025773	20.02412901314339	29.65961370670262	8.958712812143151E-6
114.0	30.331936832007006	20.046642870105842	20.02460864459855	29.596811010647787	6.426408115987927E-7
115.0	30.369885437010772	20.017670102895043	20.012557406665962	29.5919921262671	0.007894927161116753
116.0	30.28058219827141	20.04713709521137	20.052441621189416	29.61983778885317	1.2964746371865967E-6
117.0	30.303021837228826	20.03411926382771	20.07128673715827	29.59007306370889	0.001499098076303558
118.0	30.323150289581235	20.042198921272554	20.06541485772039	29.568709887604715	5.260438210990916E-4
119.0	30.32202137930236	20.06144546568326	20.006843153248603	29.60968474275735	5.25900843328676E-6
120.0	30.312368609691102	20.06532043063367	20.035625902931393	29.58667118511769	1.3871626145565952E-5
121.0	30.29815749187269	20.08647578657996	20.053425110910634	29.56193895553745	2.655099266494975E-6
122.0	30.294389606377592	20.065492760981805	20.02479902782805	29.615316603481418	2.001331138709186E-6
123.0	30.300351878910693	20.052547231001014	20.04733630541542	29.599743135017775	2.1449655098930232E-5
124.0	30.238385824623258	20.079563220153247	20.033687377311963	29.648362904217873	6.736936507472408E-7
125.0	30.256542745374936	20.102389036441856	20.0591978700591	29.58164894871027	2.2139941383184916E-4
126.0	30.27659115878882	20.05199207387011	20.083492420597807	29.58789712732979	2.7219413473628723E-5
127.0	30.32263108173237	20.02395119634855	20.08924278755086	29.558668290988493	0.005506643379724712
128.0	30.29444705954273	20.069712273450346	20.07848518345259	29.55735548355434	0.0
129.0	30.31715444942694	20.062225405520746	20.06318115119054	29.55611256825058	0.001326425611195552
130.0	30.296350649970314	20.04048674333844	20.066487933599085	29.596667025478784	7.647613381830047E-6
131.0	30.329815274838722	20.066156986640177	20.031941399357535	29.572082843639546	3.495524016452173E-6
132.0	30.33752617521755	20.074581031459086	20.06533063172348	29.522546692704005	1.546889587893918E-5
133.0	30.316025149081888	20.123059286915723	20.0669445994268	29.493969550305856	1.4142697369774378E-6
134.0	30.251286874933225	20.08780865799695	20.07704401395256	29.583846229221862	1.4223895407486794E-5
135.0	30.230996259414166	20.07998942735597	20.100793713160478	29.588219169090547	1.4309788358158635E-6
136.0	30.26101263187437	20.05990714677347	20.10870474142786	29.569605143154163	7.703367701416374E-4
137.0	30.289412849639135	20.10584683499308	20.09516796882061	29.50957089758297	1.4489642025062226E-6
138.0	30.294791818059014	20.104764420019027	20.075316562464025	29.525122096601148	5.102856789906077E-6
139.0	30.27269339163051	20.114010300804544	20.07178795908882	29.54061324774468	8.95100731444769E-4
140.0	30.23973970511382	20.10688838884551	20.05050926956945	29.588785394131513	0.014077242339704726
141.0	30.26760759550644	20.10601684514233	20.085047356269236	29.54132820308199	0.0
142.0	30.23480080723231	20.07396628468734	20.10418199479233	29.587017956959606	3.29563284157448E-5
143.0	30.253612056213797	20.122707746615966	20.04338677787171	29.580199856396032	9.356290249025211E-5
144.0	30.420811719124302	20.04461490276464	20.05209971720574	29.47915779619047	0.0033158647148466493
145.0	30.36925855618445	20.02662372577241	20.206606177795123	29.3975054193588	6.120889214629012E-6
146.0	30.54154599053078	19.961133443729548	20.13128589783628	29.366032351780095	2.3161232993797122E-6
147.0	30.472983623061296	19.94502202449947	20.12765916253266	29.45211794665581	0.00221724325076645
148.0	30.377600834341152	20.147542612244386	20.116291908229357	29.35851121174601	5.343343910037325E-5
149.0	30.36349289319738	20.070037668935843	20.26289189451709	29.303531584170283	4.595917940550788E-5
150.0	30.08695465703871	20.0424945307398	20.463761837926917	29.406788974294575	0.0
