# Position (bp)	A	C	G	T	N
0.0	23.174587378063162	27.744578601711567	28.886095648530556	20.19149321293073	0.00324515876398393
1.0	27.33641233863635	18.405393134227786	19.16263978695614	35.08892019624404	0.006634543935680692
2.0	29.690080249842154	20.577306436041663	18.652519695299695	31.075846071774905	0.004247547041583486
3.0	34.08808643258082	19.070888271305268	19.948875458409248	26.888844433598884	0.003305404105771782
4.0	34.2112938306581	18.261459750157414	21.04871510120652	26.47590598674509	0.002625331232877066
5.0	35.22923287402519	18.55445010098002	20.32287832784822	25.892049819195297	0.0013888779512761568
6.0	26.935823948556383	18.744608265737856	17.198756027654895	37.11856564918412	0.0022461088667508075
7.0	26.843037286054045	23.108800173125	18.43559719906845	31.610478465076476	0.0020868766760228307
8.0	26.568481961188173	22.200526960639046	18.844005626359515	32.38487178238459	0.002113669428670869
9.0	33.65019982653065	18.7318642760737	19.544227691793083	28.07072572007047	0.002982485532091116
10.0	29.21229723089576	22.911664665153104	22.874918758322014	24.999151578790666	0.0019677668384517613
11.0	27.552065332416436	22.806087145519264	20.918259655023746	28.720822926205297	0.0027649408352544208
12.0	29.260278070600304	20.648351804894727	20.043291831676115	30.046853186700478	0.001225106128379726
13.0	29.48214500304413	20.541219895445995	20.09648948451424	29.878807225491634	0.0013383915040046383
14.0	29.472521848628514	20.733995509588805	20.400061025872237	29.387956612426507	0.005465003483939721
15.0	29.78002313000457	20.73863806094884	20.25477145251023	29.225400898741505	0.0011664577948542142
16.0	29.87089221071618	20.625876930598217	20.414723916260602	29.08651614021561	0.001990802209392292
17.0	29.867157791400018	20.719779573849028	20.44158864787696	28.970066684795746	0.0014073020782440055
18.0	29.842962515805638	20.612853745733652	20.545581199838683	28.981180455549104	0.01742208307292577
19.0	29.661136496495015	20.712688043424986	20.347706756316178	29.276906040616456	0.001562663147359845
20.0	29.434474554756346	20.891908930465114	20.287173156724716	29.385364005318937	0.001079352734888103
21.0	29.37845582934864	20.850133132358113	20.28599780973737	29.483425436721415	0.0019877918344635113
22.0	29.38616881482574	20.63801296859037	20.296671516272347	29.678224002382546	9.226979289974007E-4
23.0	29.542944453543253	20.458474770873313	20.42224197151844	29.574990540869262	0.0013482631957357416
24.0	29.527174433577745	20.5234177956091	20.47521647670636	29.472531136817537	0.0016601572892611235
25.0	29.563683019450377	20.504738887363043	20.484097403968157	29.446317389123315	0.001163300095106876
26.0	29.543889460586325	20.511605773206405	20.437181877561557	29.50543640529889	0.0018864833468200345
27.0	29.465016455828508	20.58652722384139	20.416856407065872	29.53055046153894	0.0010494517252915454
28.0	29.45857126975808	20.561932667678533	20.520059827256453	29.45830185425926	0.0011343810476689604
29.0	29.45665929512818	20.58479674771389	20.41694514333384	29.537572303507005	0.0040265103170820165
30.0	29.457486639422235	20.530485390817972	20.42615288908135	29.584751237259137	0.0011238434193064067
31.0	29.454562582427933	20.50321718725914	20.412453683351128	29.628738874013006	0.0010276729487933409
32.0	29.496849608530006	20.472210005666795	20.4887793305334	29.54034229618764	0.0018187590821596487
33.0	29.567774949659313	20.418854035797533	20.45733611741662	29.55202574821999	0.004009148906544153
34.0	29.398788649187836	20.558358727213637	20.489364849717347	29.55144030667022	0.002047467210966119
35.0	29.429198944904165	20.562384892880274	20.41830424824422	29.588664594587748	0.0014473193835866744
36.0	29.450450374539727	20.50596639849423	20.467162798752124	29.572294549394467	0.004125878819452414
37.0	29.44837163087432	20.539649223192853	20.386348235740844	29.624785151866845	8.457583251418724E-4
38.0	29.513602879447298	20.42626956963312	20.377230666265962	29.681433036791915	0.0014638478617061937
39.0	29.489184970945352	20.450398417499212	20.38238380346892	29.676945279685853	0.0010875284006572198
40.0	29.398213937356477	20.51488528182031	20.496395440018393	29.589516658122676	9.886826821456007E-4
41.0	29.47453772202227	20.455321710857866	20.388389220801795	29.68052145996105	0.0012298863570188207
42.0	29.35757536797859	20.58744137847704	20.460645085256036	29.592790601747442	0.0015475665408971244
43.0	29.441472733380436	20.473709472456033	20.400906038142306	29.679772480301832	0.004139275719397153
44.0	29.47017020194176	20.457593581804307	20.444267361791116	29.626363104979248	0.0016057494835714572
45.0	29.437445022364855	20.460527942053346	20.493522059484068	29.60457100412449	0.003933971973238138
46.0	29.439401330437363	20.44199237976541	20.530182530144376	29.58742452361422	9.992360386286484E-4
47.0	29.431869250768212	20.492948268035015	20.422487979699895	29.651006374580152	0.0016881269167274367
48.0	29.43912346281692	20.471042476941776	20.416404055405437	29.6673947205778	0.006035284258068755
49.0	29.47506131356562	20.476013715571373	20.43152530466425	29.61589522718257	0.0015044390161828513
50.0	29.45282597136475	20.476023218071333	20.423838244166134	29.645985960498923	0.0013266058988611088
51.0	29.505158241195772	20.39114679545438	20.435991631237492	29.662370935462036	0.0053323966503248344
52.0	29.423936715446953	20.45718665391338	20.500711920065555	29.617136554680755	0.0010281558933584243
53.0	29.469149413511175	20.434942027456213	20.407622335077512	29.68706505718974	0.0012211667653515537
54.0	29.386517673972946	20.435059630804993	20.475391012191785	29.700844378304264	0.002187304726010185
55.0	29.422013993133945	20.507802025645905	20.445251036860945	29.623271878647916	0.0016610657112849485
56.0	29.409193879907402	20.463717693520795	20.439416465163678	29.686781340473566	8.90620934553993E-4
57.0	29.43888454288377	20.426854814929477	20.484630386656576	29.648143090246304	0.0014871652838694697
58.0	29.417576918797337	20.496028721582157	20.432643915026414	29.652029953903714	0.0017204906903766362
59.0	29.476800615273756	20.455475286363946	20.43975708588444	29.62704526615344	9.21746324415249E-4
60.0	29.44496523836134	20.487508644058643	20.466642553293916	29.598622935590623	0.0022606286954773764
61.0	29.462395458422364	20.471059122366032	20.45133105560861	29.614232867744416	9.814958585782248E-4
62.0	29.450547606031712	20.47576246368574	20.42254378692519	29.650306887786922	8.392555704354288E-4
63.0	29.481261951869662	20.46910105383412	20.408602862653876	29.637739347831488	0.0032947838108562297
64.0	29.440799364959314	20.42413787646193	20.47256555937139	29.661864157600704	6.330416066595977E-4
65.0	29.459519449903215	20.45461175131779	20.447084400546263	29.637275575138215	0.0015088230945156963
66.0	29.356715476017726	20.486715509764682	20.436938745895525	29.678914562825025	0.04071570549704208
67.0	29.34472634454936	20.49899568346008	20.483097826511578	29.669664273269213	0.0035158722097647487
68.0	29.413040950869902	20.480119542619544	20.423682158879526	29.67985761571288	0.0032997319181529705
69.0	29.45714885199039	20.431512469295154	20.46282190062879	29.64791434262845	6.02435457216669E-4
70.0	29.420847721103698	20.42790411977696	20.461632294606076	29.68916523113939	4.506333738730049E-4
71.0	29.327234762621114	20.485639684861017	20.469056730113632	29.695795295817216	0.022273526587014952
72.0	29.409312545174544	20.41269688893202	20.519296069157427	29.65793847418122	7.560225547900973E-4
73.0	29.37071533880587	20.457822929337645	20.494455282401255	29.670151168683663	0.0068552807715751354
74.0	29.390617539569565	20.431309376659424	20.461974395244958	29.715938045238932	1.6064328711863952E-4
75.0	29.362848393794483	20.44964507338616	20.490537599085215	29.696321273846255	6.476598878864754E-4
76.0	29.35410202596679	20.458931135120313	20.4979422584593	29.688643718719465	3.8086173413239336E-4
77.0	29.41839084873737	20.478939972040045	20.457855714556093	29.64450259530203	3.108693644641572E-4
78.0	29.391142768202133	20.46285586565145	20.50165678448081	29.644178608153503	1.6597351210278848E-4
79.0	29.3756679851837	20.452669355285718	20.508991224725374	29.66237382915427	2.976056509361E-4
80.0	29.437830041186473	20.423345996230594	20.4458843644715	29.692658103087606	2.814950238248005E-4
81.0	29.402057505375584	20.385939931691745	20.546359970825144	29.634903309520332	0.03073928258719075
82.0	29.362280922803834	20.39222336897355	20.51382404687821	29.718651211398956	0.01302044994545177
83.0	29.415088555437496	20.428908547283108	20.470935314685317	29.68481661889347	2.5096370061034376E-4
84.0	29.40096920102324	20.436288620563143	20.51547629769732	29.646759017199436	5.068635168608149E-4
85.0	29.384336294060375	20.421080450064117	20.51974071845156	29.67436991338377	4.7262404017934503E-4
86.0	29.368538634582837	20.471965448918528	20.490489737623648	29.66880720692327	1.9897195171985388E-4
87.0	29.425496381070065	20.395809651606093	20.53349551545517	29.644896773814665	3.016780540076119E-4
88.0	29.358470079796025	20.391772134525784	20.517144097442845	29.72443990797381	0.008173780261540635
89.0	29.334977040874033	20.447975422528113	20.47104764764065	29.745732563710803	2.67325246401905E-4
90.0	29.363903155568828	20.425694380147576	20.48434699293526	29.725805797225078	2.4967412325371157E-4
91.0	29.29167313277552	20.459407119759636	20.54893947743172	29.699727591695392	2.5267833773871E-4
92.0	29.346377807083858	20.43872990128172	20.534493410609283	29.680228331587333	1.7054943780509695E-4
93.0	29.33159750334104	20.45617353118341	20.567577545614117	29.644327570982277	3.238488791590292E-4
94.0	29.337168972183964	20.432935486418106	20.532872951681146	29.69673824148995	2.843482268372669E-4
95.0	29.405638586052945	20.46494615456234	20.496513014679476	29.63274707053331	1.551741719241154E-4
96.0	29.310609129091812	20.429194176952635	20.545041944803955	29.714997408372597	1.5734077899869227E-4
97.0	29.298888547452158	20.43560386733329	20.51461556908942	29.750458887927394	4.331281977398915E-4
98.0	29.295347648864894	20.414541115804614	20.565269881057056	29.722643804749342	0.0021975495240917358
99.0	29.233348159705862	20.465748496187803	20.560836113473886	29.739996777964663	7.045266778420254E-5
100.0	29.273727959547536	20.415615701567653	20.566215273429815	29.740505536573586	0.00393552888141536
101.0	29.30340246597098	20.44111929524849	20.55470288414086	29.700314815120045	4.605395196233465E-4
102.0	29.263048107769606	20.418329074267447	20.58500317550761	29.733422482495275	1.971599600652501E-4
103.0	29.259652167677412	20.378903197125794	20.592377556257667	29.768941712272973	1.2536666615684222E-4
104.0	29.24610410294316	20.39934986707395	20.621990787061048	29.732453149183453	1.0209373838683727E-4
105.0	29.31564335493626	20.409265764853515	20.63362283107421	29.641286067738154	1.8198139786151061E-4
106.0	29.33460682998687	20.303307691186774	20.625002483848363	29.73689753430029	1.854606776998107E-4
107.0	29.273924833660292	20.39069400004485	20.61861324271319	29.7165247664949	2.431570867727678E-4
108.0	29.19522197944596	20.41943466063785	20.650119588367875	29.734975634300838	2.4813724746865543E-4
109.0	29.21640706664744	20.444177360054788	20.62347371409004	29.71557577587139	3.6608333633709404E-4
110.0	29.207068465615226	20.364953083545885	20.635267381479903	29.792452037344358	2.590320146301282E-4
111.0	29.182799529520526	20.398141046684344	20.67080127247327	29.74755154885788	7.066024639816755E-4
112.0	29.202073788280686	20.35784904750422	20.660567880395465	29.779298287918976	2.1099590065107307E-4
113.0	29.191033996421233	20.347040815412477	20.658862325629382	29.802846641578856	2.1622095805035415E-4
114.0	29.215511239599284	20.41066992682702	20.6548967526103	29.718446746541865	4.7533442153226905E-4
115.0	29.254717739298435	20.391234224177172	20.60470747397146	29.73050181668631	0.018838745866619728
116.0	29.174137851468945	20.44126194079812	20.689959597081035	29.69433964535587	3.0096529602612114E-4
117.0	29.203456677954904	20.338234079458164	20.69938878334848	29.751521158558408	0.0073993006800473545
118.0	29.169638287042222	20.352752015857465	20.75361946906419	29.723706653924737	2.835741113850752E-4
119.0	29.226583185827764	20.430484647230067	20.638906362000615	29.703952661683175	7.314325838587457E-5
120.0	29.123765878078125	20.394752752401736	20.781842310505983	29.699298976426984	3.4008258716694583E-4
121.0	29.145775991492556	20.394290316526963	20.75839797322657	29.701222945076942	3.1277367696734646E-4
122.0	29.14873722850504	20.416964055200175	20.740433613760082	29.693540862907025	3.242396276756355E-4
123.0	29.121961421461634	20.377386120765074	20.736416738098274	29.763983236821762	2.524828532582281E-4
124.0	29.062795199244988	20.420499423499678	20.711463557913113	29.804804081814893	4.3773752732576514E-4
125.0	29.06548422701491	20.424552170602023	20.772421584512326	29.737405133264012	1.3688460673280626E-4
126.0	29.057762551854566	20.45476642569546	20.84176923194241	29.645511148731092	1.9064177647632992E-4
127.0	29.154159313682666	20.344207013436304	20.82100486482574	29.668398101994104	0.012230706061188475
128.0	29.1470791044737	20.412105703356257	20.846182686736217	29.594527630588846	1.0487484498186977E-4
129.0	29.18364640883978	20.344972375690606	20.832154696132594	29.639060773480665	1.6574585635359117E-4
130.0	29.074230861306877	20.428638993828205	20.839585900048462	29.657369075632218	1.7516918423710902E-4
131.0	29.018042453853027	20.513641810019564	20.832522759066762	29.63529733929255	4.956377680935664E-4
132.0	29.003991114421634	20.506760593886277	20.642659228560635	29.834768919493598	0.011820143637857213
133.0	29.339642994825653	20.30190174046212	20.506258377808667	29.85205541467279	1.4147223076950283E-4
134.0	29.495385548419932	20.24400631768059	20.64545179568566	29.614927768004286	2.2857020953031109E-4
135.0	29.149147081904918	20.458386683738798	20.603031679814958	29.788938912064765	4.956424765602412E-4
136.0	28.88600790685119	20.686735033814923	20.326421684886974	30.10047424856475	3.6112588216281904E-4
137.0	28.07531826689098	21.194717282581955	20.407628643970384	30.322335806556683	0.0
138.0	28.410934561875816	21.189133047993	20.792258670020473	29.607117717900046	5.560022106647896E-4
139.0	28.492035625427103	21.424463347013155	21.64558061215629	28.43741701810091	5.033973025455543E-4
140.0	27.743769161616207	22.237423226456716	22.028288391128616	27.96495829648058	0.025560924317879142
141.0	28.07896904386025	21.770025396389595	21.034902875969525	29.116102683780632	0.0
142.0	28.18407949764469	22.061099762161437	23.049157497787302	26.705453508223677	2.0973418289659687E-4
143.0	30.458578923505407	19.624004145346202	21.9940842455254	27.921713409763154	0.0016192758598354816
144.0	32.929276974234256	18.997094171185182	19.684471109198704	28.386162045572767	0.0029956998090922213
145.0	27.142908172658153	20.67715760868072	19.526945893887063	32.65271354892247	2.747758515990581E-4
146.0	27.531294389204547	20.98666104403409	19.327337091619317	32.15470747514205	0.0
147.0	27.817061213055048	20.540131671102397	19.887659336041462	31.754587477237706	5.603025633842274E-4
148.0	30.29169613806762	19.694440514924317	20.522280379120104	29.491582967887965	0.0
149.0	32.137614312071236	20.234593217531373	19.73935990952139	27.887861357521892	5.712033541060953E-4
150.0	23.274434179448082	26.027446407749572	24.781295781385477	25.906359314736747	0.010464316680120787
