# Position (bp)	A	C	G	T	N
0.0	26.175514843005164	24.664414358122826	24.749547319794154	24.351313249554046	0.05921022952380293
1.0	28.581972863054883	18.114341283925057	18.63995935110805	34.65778564475068	0.00594085716132197
2.0	30.003626414316592	19.736592121118782	18.913796055457276	31.341110658458582	0.004874750648773834
3.0	32.87657093459301	19.13493702847309	19.46357153127643	28.520983221732244	0.003937283925229891
4.0	33.09133202043348	18.631742431858957	20.15166241180046	28.124240406819222	0.0010227290878824962
5.0	33.715849838610595	18.723086833675538	19.636309707010206	27.922590716367964	0.0021629043356957193
6.0	28.23820950495412	18.87113695124019	17.67877084222717	35.20676186391948	0.005120837659039171
7.0	28.290416815810797	21.46822492970496	18.54499694546477	31.67252576052383	0.02383554849564297
8.0	28.209648019992017	20.922237758702792	18.873855419429855	31.99354715717211	7.116447032257851E-4
9.0	32.7947509231415	18.71684285437538	19.27724758581281	29.20868000781485	0.002478628855470023
10.0	30.071300365231036	21.30064525992237	21.364520475757093	27.2512412571268	0.01229264196270298
11.0	28.860360905464873	21.276601109533864	20.144520556408935	29.70210991979384	0.016407508798493065
12.0	29.90546499589346	19.88674344298382	19.556579673496934	30.649099325640545	0.0021125619852406267
13.0	30.09287096564211	19.83279181885485	19.53243652790791	30.540507333721617	0.0013933538735130503
14.0	30.099426169860354	19.978244415690853	19.72901256468554	30.18906029134678	0.004256558416470282
15.0	30.276070041646452	20.009976702230205	19.66513051912188	30.0481999069574	6.22830044064958E-4
16.0	30.33462776355614	19.911286981871942	19.77169752380168	29.979008955164666	0.003378775605575508
17.0	30.304560629876885	19.93408273415774	19.85695218599711	29.902332275341365	0.002072174626899341
18.0	30.304286519017126	19.880745425764037	19.885761754681194	29.92430584275752	0.00490045778012293
19.0	30.221494801852973	19.924948330017784	19.7487210468927	30.104041482001385	7.943392351548484E-4
20.0	30.11177468782585	20.052222592724103	19.726616085563116	30.108855756626557	5.308772603730423E-4
21.0	30.025918495140907	20.057845955361273	19.74922058255993	30.165606168225565	0.0014087987123257554
22.0	30.027563860106422	19.919121605077464	19.735800565812802	30.31680045527196	7.135137313566301E-4
23.0	30.085176156493382	19.831531094400635	19.819693816130783	30.26068494804695	0.0029139849282523228
24.0	30.103468990774502	19.88637732861159	19.849116593818895	30.158436622365738	0.0026004644292793445
25.0	30.11634619635315	19.863290354999545	19.900998043170585	30.114256528940654	0.005108876536072181
26.0	30.128681181870153	19.874102265910555	19.875352787344607	30.120750385762403	0.0011133791122824427
27.0	30.06090391012651	19.936096346934924	19.855912196882482	30.146120470146393	9.670759096926079E-4
28.0	30.055923043460748	19.9322307338185	19.91007553607892	30.100066858505762	0.001703828136069055
29.0	30.03917193171174	19.934210584788897	19.867023409328066	30.157918067850574	0.0016760063207204607
30.0	30.018517250718773	19.911967824515344	19.884636082427267	30.183818739508638	0.0010601028299745076
31.0	30.055337419591527	19.89642223482045	19.86397341657495	30.183204318158886	0.0010626108541889395
32.0	30.039747781802223	19.948049296405966	19.89141655853271	30.11945271060426	0.001333652654842965
33.0	30.119260668464825	19.92896297555194	19.882435180477884	30.066255316468123	0.0030858590372266313
34.0	29.988668886506304	19.993786015524314	19.9083542844964	30.107329371742303	0.0018614417306782028
35.0	29.985445301240414	19.976145545809853	19.865583054511813	30.17013201066873	0.0026940877691838095
36.0	30.000222273850426	19.946469816271755	19.90498853537304	30.14636594705584	0.001953427448939039
37.0	30.04925766831284	19.944152899671792	19.832700163611676	30.17351764218733	3.7162621635479276E-4
38.0	30.06035016683082	19.87543353183839	19.87451999449728	30.18882353586462	8.727709688876978E-4
39.0	30.037568145208343	19.954513181966792	19.85589891349345	30.151276832362967	7.429269684402581E-4
40.0	29.988112599784145	19.95628912799383	19.93198338407517	30.12118729240007	0.0024275957467777857
41.0	30.03114332773044	19.911122648233924	19.847183543742254	30.20995712122406	5.933590693189121E-4
42.0	29.970270255004284	20.008789458814054	19.893793696435203	30.125141589140288	0.002005000606176023
43.0	29.97982957783657	19.93967808313686	19.888208730030176	30.18949773230387	0.002785876692523202
44.0	29.945916641514554	19.97346725063042	19.914855290013648	30.16514826056375	6.125572776286022E-4
45.0	29.95057241622351	19.980539004641194	19.927237073843955	30.137599014386	0.004052490905340403
46.0	30.01400663948004	19.917428506763212	19.952402640512183	30.115456351390264	7.058618543043758E-4
47.0	30.020933594783056	19.98858580266566	19.86697207176194	30.12263272730822	8.758034811240043E-4
48.0	30.006750240111025	19.94324057294168	19.861120203891645	30.183043691854827	0.005845291200823217
49.0	29.99868717311884	19.93614089255048	19.92523994438844	30.13113103266567	0.008800957276569142
50.0	30.017372326184024	19.961372522915838	19.895253641086306	30.125009088465184	9.924213486556587E-4
51.0	30.034474798354783	19.93649024531431	19.90462482225576	30.120488529583707	0.003921604491447609
52.0	29.989075355513105	19.95408342412644	19.966358004538264	30.08993780649612	5.454093260631482E-4
53.0	30.028152286463396	19.953398879106476	19.854072280264234	30.161877325464697	0.00249922870119611
54.0	29.980393756873937	19.95630476861625	19.914328051017947	30.14809494384987	8.784796420032065E-4
55.0	29.93306783209783	19.974676533838572	19.919336258988942	30.170325239463192	0.0025941356114649386
56.0	29.946316795748412	19.97394252501611	19.91338345578845	30.165515052160245	8.421712867842213E-4
57.0	29.985577649631594	19.964531890613006	19.94794820111884	30.095249541547915	0.006692717088645996
58.0	29.97183870780355	19.990037955258487	19.90205878440967	30.132869897438567	0.0031946550897231306
59.0	29.992600178805016	19.986841952184736	19.888655608749687	30.131157142078397	7.451181821637695E-4
60.0	30.023262424666967	19.94135171246928	19.888108647906346	30.14321384122359	0.0040633737338101415
61.0	30.010418344102803	19.986104965940555	19.922084231657383	30.08030000766083	0.0010924506384289347
62.0	30.01724185851671	19.94878544957705	19.909068866580544	30.122872652244503	0.0020311730811941753
63.0	30.032567692348223	19.994280866351186	19.85682849520748	30.113217409801347	0.00310553629176431
64.0	29.990951180541902	19.943501685575015	19.909008164201204	30.155014274588932	0.001524695092950823
65.0	29.95940481585925	19.950107405068078	19.903166857350936	30.17928816701095	0.008032754710784748
66.0	29.927161253189666	19.97109057538727	19.92232457147939	30.15680828411429	0.022615315829387164
67.0	29.964682244975265	19.947197654852268	19.950257586858793	30.135709667947268	0.0021528453664053687
68.0	29.93732301930568	20.048367892724627	19.887949322727646	30.121680038552373	0.004679726689672081
69.0	29.957448973535598	20.017374528432935	19.898375895100283	30.123037454386743	0.0037631485444411927
70.0	29.972920257735332	19.940937945576053	19.877690488540015	30.208066613080437	3.846950681653748E-4
71.0	29.912375867710267	19.993997747837053	19.907088140839747	30.17352417517523	0.013014068437699937
72.0	29.95561180155261	19.95221928081883	19.941140395774603	30.14487758892877	0.006150932925187341
73.0	29.938566280136364	20.01157195706737	19.912430178787798	30.131874894157097	0.005556689851369981
74.0	29.989419389501425	19.971768689473716	19.897845528313105	30.138405465252376	0.0025609274593778406
75.0	29.939094771314384	20.024569757275586	19.946983170729617	30.084043808378052	0.005308492302363825
76.0	29.925485309790318	19.981538909583822	19.909797602775903	30.182279695312253	8.984825376991158E-4
77.0	29.955081988104055	20.01323840086447	19.921723346559123	30.108564154333457	0.0013921101388979914
78.0	29.946612343409214	19.980414845422242	19.92378192474297	30.147254111519622	0.0019367749059518331
79.0	29.970851794446183	20.012905976457365	19.94159748898512	30.072191433826827	0.002453306284496698
80.0	30.024536544555442	19.962915374926034	19.882713186122757	30.129185030334494	6.498640612726877E-4
81.0	29.928348512495468	19.99932335298727	19.94716395471553	30.106720750513837	0.018443429287896194
82.0	29.89427974218516	19.969833791813016	19.982233890956515	30.149682906342605	0.003969668702704288
83.0	29.976631608165427	19.99823538811012	19.87655428231456	30.143867757310574	0.004710964099315655
84.0	29.97852414108436	19.996092906273148	19.926712493097675	30.09482627072591	0.0038441888189075213
85.0	29.953926489133693	19.99995219628305	19.92983733075089	30.114705636971035	0.0015783468613387872
86.0	29.910048923731804	20.024847959693087	19.91240679097985	30.152095345154528	6.009804407301421E-4
87.0	29.93853184456637	19.987868263418505	19.933283729850658	30.14010499541851	2.1116674595770952E-4
88.0	29.943428065467177	20.008264395757568	19.926803200455108	30.11713019293073	0.0043741453894131695
89.0	29.8934696017528	20.000306145142037	19.93711379462765	30.1685676331917	5.42825285816751E-4
90.0	29.934181199653253	20.00613086188366	19.910951586598145	30.148527904228484	2.0844763646331982E-4
91.0	29.90098429038992	20.02606213184486	19.934860757865618	30.137879713051213	2.1310684838914416E-4
92.0	29.890892372882316	20.044719350922954	19.953105264769274	30.110985644683346	2.973667421098656E-4
93.0	29.903781560879235	20.061895489062266	19.964123460530793	30.069492167680362	7.073218473500387E-4
94.0	29.92024694300356	20.017896542733993	19.94311792682194	30.11838092588394	3.5766155656665773E-4
95.0	29.94934884619375	20.046954435682167	19.903090312953655	30.10032593539832	2.804697721067118E-4
96.0	29.914542813564253	20.034734552181515	19.953113744508588	30.09744824799029	1.606417553578253E-4
97.0	29.89870133738061	20.0672758469656	19.857336973646454	30.175940206100965	7.456359063682114E-4
98.0	29.875643881336355	20.079014455911512	19.929005848320745	30.115125571033175	0.0012102433982071922
99.0	29.894619090851375	20.06995343425384	19.926225978659918	30.108916314266526	2.851819683357353E-4
100.0	29.8703439415731	20.043320868063365	19.93203003670635	30.15227431464143	0.002030839015753871
101.0	29.902238204913356	20.040924238286507	19.944376083905592	30.109589874114068	0.0028715987804749754
102.0	29.885283061896097	20.02493110296554	19.95626340378999	30.133050900858997	4.715304893757751E-4
103.0	29.903572114501326	20.020412672185863	19.97274242422387	30.103014961092573	2.578279963690083E-4
104.0	29.859546803272043	20.090886446996276	19.950845085943126	30.098510576465692	2.1108732286219593E-4
105.0	29.896499036507347	20.054117106464428	19.974150671076305	30.075023731027056	2.0945492486830253E-4
106.0	29.907974477377635	20.031968218810857	19.96742783122651	30.09214241616352	4.8705642148174255E-4
107.0	29.871070258269377	20.03345696972501	19.982859015303223	30.11214939602625	4.6436067614125917E-4
108.0	29.839690200560547	20.07839297511383	20.00028798076393	30.081380884293658	2.479592680355512E-4
109.0	29.924294707943126	20.02882995611551	19.938171307601856	30.10848161198997	2.2241634953802162E-4
110.0	29.82120106511481	20.063423449076268	19.983161386039754	30.13182274815021	3.913516189571511E-4
111.0	29.875167476496294	20.041459284018302	19.950785871319297	30.1322146866507	3.7268151540897763E-4
112.0	29.875660454726088	20.015932914285717	19.904122950915333	30.203795762869866	4.879172030001282E-4
113.0	29.866443076087297	20.026107702558978	19.996355517042673	30.110723482315144	3.702219959068873E-4
114.0	29.853345913153774	20.095947236332496	19.96294185847914	30.08746453972352	3.004523110714445E-4
115.0	29.897607589071544	20.051202186148213	20.02168418807718	30.01906199040973	0.010444046293329335
116.0	29.845890780964734	20.10787780800996	20.0017859637683	30.0441101071314	3.353401256068629E-4
117.0	29.81171801085437	20.048069580841858	20.00560769466029	30.13135571574444	0.0032489978990407416
118.0	29.806820002199174	20.093814241372016	19.987528347835408	30.110933180321535	9.042282718690678E-4
119.0	29.855500655142148	20.079365740368836	19.951444881504393	30.11342901247587	2.5971050875587116E-4
120.0	29.82609916034696	20.079065386246995	19.995422433389695	30.09897753162757	4.354883887796103E-4
121.0	29.85417472920235	20.096101673579813	20.014962325410274	30.034430366434258	3.309053733089835E-4
122.0	29.798671305657265	20.10147863423178	20.005168363726387	30.094390476448908	2.912199356616149E-4
123.0	29.804414776584252	20.071098601120465	20.029432507992716	30.094791493850337	2.626204522287964E-4
124.0	29.76729061094886	20.030947778088183	20.005613616132244	30.19575062292588	3.9737190483901116E-4
125.0	29.76942483140743	20.075368169147666	19.996270805471404	30.15837599499082	5.601989826786475E-4
126.0	29.796176718682748	20.094475213783284	20.026622586364553	30.082302943937943	4.225372314684534E-4
127.0	29.88157918910663	20.058186882235134	19.998415692360993	30.053500392113854	0.008317844183389518
128.0	29.928886395894512	19.979068528373432	20.07765756116095	30.013178904525045	0.0012086100460586124
129.0	29.82152274928554	19.984007323108152	20.172815136857544	30.019619518395558	0.0020352723532084016
130.0	29.750671801640465	19.957955762240314	20.19020327223823	30.10056335911988	6.058047611028579E-4
131.0	29.676475099777573	20.019496821311126	20.10062107816211	30.202312168896	0.0010948318531956668
132.0	29.5466114710153	20.134428869280317	20.058716352060763	30.258009419561414	0.0022338880822070813
133.0	29.52963386373809	20.098552926971745	20.14414824489072	30.227340500712828	3.244636866194327E-4
134.0	29.556158336798365	20.07241867722198	20.08138061966715	30.289314076764434	7.282895480661267E-4
135.0	29.64727636949103	19.97126200820145	20.15504832155782	30.22319215333188	0.0032211474178203883
136.0	29.75181748405385	20.00901943502238	20.188184577841145	30.049787950861834	0.0011905522207912805
137.0	30.101940360681695	19.866654450449175	20.08177248326344	29.949164306871477	4.683987342162933E-4
138.0	30.19123462848051	19.84468536709447	20.18584579826736	29.777092343896626	0.001141862261024965
139.0	29.295888111808132	20.495641549103816	21.454319660397285	28.747669710815398	0.006480967875367175
140.0	27.057203614310005	21.56728685422575	21.39182362695277	29.9652670730561	0.018418831455374693
141.0	28.92584674801027	19.545494748981632	19.02311262675461	32.50511360373852	4.322725149679762E-4
142.0	31.51843042125671	19.192369683191007	21.12850850721271	28.159992047774317	6.993405652543106E-4
143.0	31.30858994435985	18.85608221446239	21.604287854847687	28.22116677655466	0.009873209775412449
144.0	34.485766922578726	18.134576678819737	19.100315961688853	28.27473933671903	0.004601100193655195
145.0	27.578759368221906	20.056715060077035	18.932046085234383	33.43220525937207	2.7422709460653576E-4
146.0	27.78184869872492	20.434540926818876	18.892633281344946	32.89072064851682	2.564445944426139E-4
147.0	28.06163564287205	19.81601345842606	19.388477390796087	32.730636065353345	0.0032374425524632653
148.0	30.72851889703216	19.274032132877736	19.976191554073672	30.020974940387017	2.824756294150722E-4
149.0	33.76295648319164	19.19583928468065	18.702289279414273	28.337098701171353	0.001816251542084347
150.0	23.558953454148465	25.35333693782001	24.790863274559456	26.248071664456003	0.0487746690160659
