# Position (bp)	A	C	G	T	N
0.0	25.36777516918482	25.614985133262476	32.2399077724111	16.769351985146717	0.007979939994887457
1.0	27.342814522313557	19.50296493871675	20.613917217162	32.50967010642162	0.030633215386064283
2.0	29.11278523955304	21.025719031841795	17.612691386728372	32.24820831767721	5.960241995898682E-4
3.0	31.50432801593293	19.99935484033136	20.345788824996667	28.15043615307209	9.216566694847018E-5
4.0	33.40220331529382	18.800150146206875	20.85834585248704	26.939292322252967	8.363759295691176E-6
5.0	34.2794415919306	18.73130415831161	20.626177821853947	26.362734198583652	3.42229320188166E-4
6.0	28.73588045796337	18.051564078810905	18.163858242316543	35.04863884295563	5.8377953549162746E-5
7.0	27.36952660956979	22.305241797475265	18.593047595655715	31.73215067097554	3.3326323696582484E-5
8.0	26.94700763183792	21.673432515846287	18.980901718684674	32.398608191950515	4.994168060247646E-5
9.0	32.19324986159978	19.306607642519374	19.62428156420976	28.8757777709586	8.316071248439385E-5
10.0	28.973909445393957	22.613641934328676	22.304952311474743	26.107346749876818	1.4955892580132427E-4
11.0	27.847038572680212	22.577180278459092	20.87800468458052	28.697701728887065	7.473539311273495E-5
12.0	29.258756663971354	20.838306993371987	20.373093593997798	29.52979295327226	4.9795386606817035E-5
13.0	29.56053664658181	20.60987678754937	20.316944351795637	29.51223576668958	4.0644738360280105E-4
14.0	29.57240222733738	20.7626236179873	20.421578748566958	29.243362243441172	3.316266719373199E-5
15.0	29.874257223665328	20.779415782469794	20.24311778245637	29.10318435172279	2.4859685718881203E-5
16.0	30.04096191712143	20.659108234437916	20.408711317760055	28.89117711400842	4.141667218198685E-5
17.0	30.018570646455235	20.719494144466847	20.534996576999625	28.726880671259153	5.796081914866487E-5
18.0	30.165033421693053	20.428054920203937	20.76502809130589	28.64185873580102	2.483099610203023E-5
19.0	29.832361187359886	20.63059928569094	20.384219338306387	29.152762269455778	5.7919187013194405E-5
20.0	29.524365681672492	20.942691122645215	20.31922909903017	29.21365619636469	5.790028743356976E-5
21.0	29.276521758113667	21.08674468612225	20.260476842405044	29.376008637025624	2.4807633341856133E-4
22.0	29.28455081169128	20.814410321686307	20.15857425201694	29.742431546268016	3.306833745543938E-5
23.0	29.4169070354473	20.595659997336995	20.451409801227644	29.53582480440515	1.9836158291551358E-4
24.0	29.44243277303182	20.66200143994192	20.52515489952509	29.37032825569125	8.263180992502237E-5
25.0	29.488709542838308	20.602975594966157	20.511579606542046	29.39666916436655	6.609128693780067E-5
26.0	29.493586876482382	20.619824454243332	20.467984354266587	29.41858779538632	1.6519621386797434E-5
27.0	29.455982006182484	20.629491269668762	20.44950189312983	29.46498353958131	4.1291437609298436E-5
28.0	29.41850907362981	20.625396585555762	20.55875576274678	29.39726426665577	7.431141187967002E-5
29.0	29.44046885591466	20.635856775124655	20.437998746989965	29.485642600227802	3.302174291896192E-5
30.0	29.375577063780327	20.628419664033242	20.51759528389428	29.478259041914008	1.4894637814539584E-4
31.0	29.30870532674111	20.582923724602917	20.44699760630016	29.66110791025807	2.654320977413885E-4
32.0	29.406913952522345	20.5886826533298	20.51357962679675	29.490283218494422	5.405488566767972E-4
33.0	29.536837483619816	20.49228145848339	20.49090576043127	29.479808546186476	1.66751279044842E-4
34.0	29.36742387445854	20.631129849351527	20.50290450714837	29.497605451508196	9.363175333650901E-4
35.0	29.354113487785487	20.637517651754777	20.47817387775091	29.530002113179194	1.928695296331454E-4
36.0	29.44049075728941	20.53249218574847	20.528041921656005	29.498764820367906	2.10314938207368E-4
37.0	29.39845117765536	20.595665188301613	20.42757221168927	29.57808350539657	2.2791695719044235E-4
38.0	29.444891023772453	20.461801710815333	20.446011185350866	29.64705888332691	2.371967344447864E-4
39.0	29.442902150912825	20.50644192372126	20.393558620417586	29.65674021383296	3.5709111536899753E-4
40.0	29.34241535303344	20.516491788225768	20.507102952763148	29.633725311523694	2.645944539466098E-4
41.0	29.410652721896856	20.47156317204209	20.430722208092508	29.686830528680535	2.313692880064331E-4
42.0	29.332542576604848	20.624379998306505	20.472894782313574	29.569184444351126	9.981984239479504E-4
43.0	29.377342238061914	20.501349459261316	20.4242770093435	29.696772022925384	2.5927040788679837E-4
44.0	29.364916424126818	20.5319663423822	20.47488010022733	29.628037470312073	1.9966295157574436E-4
45.0	29.40750227553651	20.486413590491345	20.471891672949322	29.63234342407453	0.0018490369482936004
46.0	29.386711610202	20.487546335532926	20.487984506959435	29.63754722502092	2.103222847239682E-4
47.0	29.383844142824106	20.525157211103295	20.421741252443613	29.66903722851219	2.201651167923105E-4
48.0	29.38899921529819	20.50733428429928	20.441105982543593	29.662268412277815	2.921055811197115E-4
49.0	29.445340144828506	20.4744650349249	20.45948050485053	29.62034949013891	3.648252571550909E-4
50.0	29.419590593311728	20.49614442297139	20.390900419526716	29.693096175878082	2.68388312082645E-4
51.0	29.45650175192006	20.424613460258925	20.408321341398246	29.710302556612188	2.608898105796036E-4
52.0	29.38228890175224	20.473885033602844	20.511784472792474	29.631878739165547	1.6285268689743377E-4
53.0	29.428699492392717	20.48272519811701	20.36385726929579	29.72450871760335	2.0932259114064884E-4
54.0	29.387984138669726	20.43301237556207	20.471309773765192	29.707428202907177	2.6550909583807167E-4
55.0	29.351510082418386	20.520726399221054	20.441315296260814	29.6860151878917	4.330342080440066E-4
56.0	29.40379275649819	20.474276285851932	20.410923367167296	29.710664540871672	3.4304961090756835E-4
57.0	29.389181898981633	20.44945516796266	20.449371178234045	29.7116557959072	3.3595891446448707E-4
58.0	29.36280384536062	20.483361998617866	20.448258965672597	29.705274521972513	3.0066837640486125E-4
59.0	29.415038551972366	20.46574180783595	20.441504328215963	29.677459881862628	2.5543011309120953E-4
60.0	29.452844422772	20.490427378473125	20.430678884285715	29.625725371110462	3.239433586942872E-4
61.0	29.39943920317375	20.51915496068943	20.429472760591036	29.651510861036446	4.222145093440389E-4
62.0	29.408291322722313	20.493141478538917	20.405788280441275	29.6922665544751	5.123638223965247E-4
63.0	29.466760210329067	20.434315613225664	20.374444811804427	29.724167639023293	3.117256175528019E-4
64.0	29.400081152502988	20.415372008041423	20.423039574559034	29.75927866361679	0.0022286012797669216
65.0	29.407407781286853	20.484929782635394	20.377480127949905	29.729845816623808	3.364915040348795E-4
66.0	29.342264186901357	20.47289089155708	20.44481318195583	29.739742381526586	2.893580591457851E-4
67.0	29.367939112556147	20.47257293116658	20.433896988578827	29.72529918769453	2.917800039138766E-4
68.0	29.346824315835768	20.47544591257043	20.36859900351989	29.80880603627701	3.2473179690542775E-4
69.0	29.41378010302274	20.454572674477227	20.402427660565237	29.72890222871311	3.1733322168663427E-4
70.0	29.42842304965535	20.404892656058145	20.36624272240961	29.80010072532147	3.4084655542536825E-4
71.0	29.311068757195173	20.478324519484353	20.410276574036125	29.799871492789293	4.5865649505547453E-4
72.0	29.37347455777565	20.435080272697558	20.434406799886602	29.756691110222032	3.4725941814895577E-4
73.0	29.331690889035855	20.45874017607425	20.384188281845056	29.824913043159434	4.676098854005073E-4
74.0	29.405422509277173	20.400844377768355	20.37106983247149	29.82225540999946	4.0787048351865145E-4
75.0	29.360669548614162	20.402540190590194	20.409425204354797	29.826963882410467	4.0117403037863235E-4
76.0	29.316263185498276	20.512148259348244	20.35868652886044	29.812551431920543	3.5059437250016626E-4
77.0	29.40767905639007	20.467085233813933	20.348039882296813	29.776619980217433	5.758472817572024E-4
78.0	29.321162639997457	20.472566566666085	20.40544794931632	29.800419796443062	4.030475770794904E-4
79.0	29.323419453081982	20.43000355415075	20.40226328863452	29.84379286649448	5.208376382639938E-4
80.0	29.385211041263048	20.42816473696786	20.37928941908357	29.806853723859376	4.8107882614017403E-4
81.0	29.349041404408	20.424772988601998	20.42818046309433	29.797495181726756	5.099621689201007E-4
82.0	29.279622497679853	20.408648795511247	20.445426272069568	29.865610290842387	6.921438969508011E-4
83.0	29.41124209190024	20.40893118789208	20.325716788831645	29.853670460527443	4.39470848592078E-4
84.0	29.361973363722825	20.415343952575835	20.386535038195568	29.835618379437822	5.292660679464561E-4
85.0	29.348274445572713	20.42929173225175	20.379427366494923	29.842616509516333	3.8994616427627635E-4
86.0	29.33238572336252	20.42630099295282	20.37945975117211	29.859247810915996	0.002605721596554026
87.0	29.36001327110936	20.39310027512512	20.397945482032355	29.848440175153602	5.007965795593616E-4
88.0	29.357541807238675	20.435938901673357	20.370620050462463	29.835429503503097	4.6973712241070106E-4
89.0	29.31346866652757	20.455790040362984	20.35817962171616	29.87195635543123	6.053159620531287E-4
90.0	29.326180985608257	20.478372395210474	20.34556959345169	29.84907976454394	7.972611856397838E-4
91.0	29.323920734820653	20.438818198126857	20.399860729704166	29.83675016161511	6.501757332124625E-4
92.0	29.3191776904423	20.403578137116458	20.390990831212314	29.88561993290184	6.334083270823568E-4
93.0	29.313143512869917	20.41575090822697	20.419941144975347	29.850630384146115	5.340497816558008E-4
94.0	29.305938358522937	20.409855665844255	20.407962722375622	29.875547318158425	6.959350987629337E-4
95.0	29.352780348642792	20.441757251620352	20.3407704970912	29.86387098719188	8.209154537758786E-4
96.0	29.304291828559563	20.45119481781451	20.399210530029492	29.84456841953077	7.344040656609075E-4
97.0	29.30398297101699	20.446974161775046	20.342426430745153	29.906059473925435	5.56962537380614E-4
98.0	29.23204480086927	20.476098789976522	20.406903417528994	29.88440074210395	5.522495212593677E-4
99.0	29.239567312832264	20.46229073452158	20.36955337181219	29.927889020538025	6.995602959383377E-4
100.0	29.227048946001204	20.46045357326459	20.389836615148585	29.92187020370551	7.906618801133344E-4
101.0	29.27679088060733	20.50764290285612	20.334386587089366	29.880578703927004	6.009255201840603E-4
102.0	29.241453934701383	20.440797859264976	20.39047205699373	29.926630532589993	6.456164499197741E-4
103.0	29.22630373765299	20.42802694933211	20.36187511199079	29.982871075459418	9.231255646932166E-4
104.0	29.203338271358703	20.443307100143763	20.438775616778685	29.913820956880834	7.580548380238959E-4
105.0	29.272838110908367	20.424432562303295	20.428084365613724	29.87297408890522	0.0016708722693942193
106.0	29.269372061594684	20.37771968820563	20.40151244378741	29.950637963086336	7.578433259381925E-4
107.0	29.202197794662577	20.41829123251428	20.425130243459765	29.95356870959412	8.120197692528535E-4
108.0	29.180770658052314	20.420872286297143	20.420742856540613	29.97408261575319	0.0035315833567385476
109.0	29.197543295547508	20.515962548682957	20.368012627891726	29.917419595608607	0.0010619322692013474
110.0	29.147526661691142	20.43802142279001	20.440844001708342	29.97242048405866	0.001187429751850541
111.0	29.175982800921386	20.483657095869745	20.43158472967863	29.907675534766604	0.0010998387636372508
112.0	29.178640917632165	20.451414097612837	20.39992918768779	29.96902886588654	9.869311806719398E-4
113.0	29.14568099808468	20.452524311912043	20.40219680215024	29.998539697992616	0.0010581898604247574
114.0	29.18128851389106	20.44436311704559	20.42724219711348	29.94544860517937	0.001657566770497231
115.0	29.208116158023078	20.388649870426043	20.429733746782023	29.97235275615212	0.0011474686167333322
116.0	29.10395887854898	20.500185802288236	20.46874233812484	29.925858031248715	0.001254949789226535
117.0	29.189935641961757	20.430931368649542	20.46510633051514	29.912752908536795	0.0012737503367627658
118.0	29.10488843583194	20.473124851921387	20.515532575303574	29.905607973448383	8.461634947149624E-4
119.0	29.15311451167724	20.46719288126364	20.370027704333978	30.00803903123867	0.0016258714864723623
120.0	29.06913348072317	20.476313267015055	20.46288413743709	29.99014124978288	0.0015278650418045318
121.0	29.02832125891846	20.512114714052924	20.49791936315584	29.960110785092148	0.0015338787806277246
122.0	29.043075697257496	20.573916128450666	20.418630755227795	29.96280711753707	0.0015703015269728368
123.0	28.980975978562018	20.60322572120357	20.399586768449694	30.014723120584698	0.0014884112000208985
124.0	28.90521913176918	20.595574229192884	20.40633187300626	30.090997929754153	0.0018768362775274624
125.0	28.966581309821983	20.625578545488654	20.43787360310369	29.968564512850094	0.0014020287355803848
126.0	28.99256313605913	20.584796759677232	20.490790864987723	29.930268422661182	0.0015808166147339134
127.0	29.12500648719983	20.5604940651389	20.478236371319905	29.834224242109713	0.002038834231656052
128.0	29.096922489955425	20.63506518179149	20.49992071105696	29.766325279356142	0.0017663378399807822
129.0	29.08738157293172	20.620451049032727	20.485171379276974	29.80474342331399	0.0022525754445916497
130.0	28.980971239880414	20.71149661489872	20.546681283289647	29.759026009488345	0.001824852442876555
131.0	28.893417203098547	20.743548981177014	20.475937380125842	29.88447232469508	0.002624110903514782
132.0	28.935453366017256	20.833481172034368	20.361065816761258	29.867120004401738	0.0028796407853808863
133.0	29.173090094572196	20.732984702016157	20.191520405863965	29.899671819538675	0.0027329780090087877
134.0	29.21860347786985	20.721470018163792	20.286721054462742	29.76991512798437	0.003290321519251123
135.0	28.793628695328486	21.00264866310376	20.21013264816589	29.990499214539025	0.0030907788628352657
136.0	28.520714754672717	21.245003881606873	19.94307475667902	30.287313770833222	0.0038928362081679193
137.0	27.56674352412564	21.711809866470723	20.353459852535032	30.36258139711658	0.0054053597520291215
138.0	27.75958318548207	21.937345968071885	20.700049057533047	29.597883351657195	0.005138437255803041
139.0	27.814779972347058	22.316537323496117	21.366223779250273	28.496536549031575	0.00592237587497409
140.0	27.298563160908046	23.05895661890999	21.66460878382573	27.970559629167212	0.007311807189024011
141.0	26.357610340236842	23.87737915948886	21.323244217860598	28.432157046365436	0.009609236048262824
142.0	24.94434778463665	24.91407869962104	22.791905998998978	27.346807445718234	0.0028600710250971232
143.0	30.287029667081462	19.79350007286914	21.67763440619126	28.24146216596974	3.7368788840184904E-4
144.0	31.83726320716966	19.800750488874797	19.286960067045687	29.074271217921133	7.550189887275665E-4
145.0	27.38117932333407	20.98739543856706	19.733420769694153	31.89266678358738	0.0053376848173368
146.0	27.61374151758174	21.08305058605799	19.87045033929673	31.43237199259716	3.8556446637877856E-4
147.0	28.462342036126074	20.953357292649272	20.50821295206318	30.07569792551823	3.89793643245266E-4
148.0	30.935447392166054	19.28224970743874	20.758255743854242	29.023653134641226	3.940218997371874E-4
149.0	30.58786031594255	21.561385684973803	20.06773043287715	27.712504233152053	0.07051933305444331
150.0	20.860062565172054	29.279666319082377	22.520542231491135	27.31470281543274	0.025026068821689257
