# Position (bp)	A	C	G	T	N
0.0	25.986578032131906	24.970395598097568	24.93914879785375	24.049633758913792	0.05424381300298449
1.0	28.54242224045201	18.34177584147127	18.891835703563093	34.21839253649141	0.005573678022220019
2.0	29.935339617956625	20.097066904244898	18.894674541306085	31.06828772185931	0.004631214633077388
3.0	32.925670241666296	19.208904038812193	19.584522159798055	28.276930478999386	0.003973080724065144
4.0	32.96874208781443	18.70919351357965	20.426737197340316	27.89415301168582	0.0011741895797896655
5.0	33.654601854493684	18.83428627890438	19.91208705475583	27.597079460605737	0.0019453512403620457
6.0	28.226659590737512	19.069031612696094	17.914855557373432	34.78458128797396	0.0048719512189971635
7.0	28.282520153519087	21.60751216946514	18.751220453394453	31.336717945013937	0.022029278607385416
8.0	27.958547932879362	21.138730026598356	18.975480698210646	31.926429461633838	8.118806777957204E-4
9.0	32.5851143318582	18.918161609966134	19.425984384255734	29.06833648017642	0.0024031937435105987
10.0	29.836486803445194	21.53382153718113	21.59595553289595	27.022524027445833	0.011212099031890401
11.0	28.70106440795172	21.484565473818392	20.354673023779732	29.444677976206673	0.015019118243482779
12.0	29.74403489516309	20.120414448087708	19.792673497206607	30.3409287600478	0.0019483994947934481
13.0	29.913470226146398	20.077867949134916	19.75742828065373	30.24979480314356	0.0014387409213894962
14.0	29.917277267185575	20.207325763120252	19.948449209903302	29.922576489057434	0.004371270733436303
15.0	30.107510181261315	20.229197234379516	19.88777755695719	29.77490115026654	6.138771354433185E-4
16.0	30.13860297929607	20.14060794197271	19.98542537333753	29.731886290615833	0.0034774147778525496
17.0	30.09617524055543	20.176409129729766	20.04948338942529	29.675959475009783	0.00197276527973334
18.0	30.08393085995981	20.131726287967957	20.07798039150242	29.700570161910917	0.005792298658894364
19.0	30.016572217534538	20.155949302302716	19.946497285856335	29.88018778368728	7.934106191318541E-4
20.0	29.923615153103878	20.259274547150337	19.927541367148706	29.888969420871675	5.995117254081802E-4
21.0	29.84950489156391	20.258725651994848	19.94478721480519	29.945356358108327	0.0016258835277233737
22.0	29.821647315223466	20.140750216092353	19.948785964573226	30.088126288000076	6.902161108729492E-4
23.0	29.90537219802445	20.043148093243303	20.01727508135672	30.03160552741924	0.0025990999562939938
24.0	29.923087682499467	20.0802483616968	20.04517643538555	29.94913296354807	0.0023545568701184402
25.0	29.954888026818143	20.055720758581312	20.0884640694645	29.896263775596154	0.00466336953988769
26.0	29.928492502935043	20.096458782730682	20.058898981569122	29.91513922346846	0.0010105092966855296
27.0	29.876079979548802	20.13970745170315	20.04100782513137	29.94225717567016	9.475679465122813E-4
28.0	29.86493009785548	20.131590832251064	20.096234858725403	29.905702861832477	0.0015413493355723414
29.0	29.848029328380328	20.133376502971963	20.0541479191404	29.96253030636985	0.00191594313745974
30.0	29.830609339092334	20.11320375295143	20.057551958404304	29.997372150073748	0.001262799478179217
31.0	29.86569111707022	20.08815680535179	20.05677325594802	29.988333443507987	0.0010453781219782038
32.0	29.848708800888357	20.134138376579898	20.085002392766096	29.930780737893077	0.0013696918725754422
33.0	29.92476615673257	20.10341757331597	20.083857838121524	29.885178158862054	0.0027802729678864744
34.0	29.820984183416538	20.164458915943378	20.0880394882508	29.924485776882797	0.002031635506492925
35.0	29.79548493963604	20.16624093492126	20.05609871071983	29.97973532067009	0.0024400940527785965
36.0	29.83944324875365	20.115562777638573	20.094433068326953	29.948564438146096	0.001996467134728447
37.0	29.86415379929761	20.13080880241647	20.02619031295922	29.97840181916695	4.4526615975280077E-4
38.0	29.89942648768015	20.04822788667992	20.047727777532838	30.003711400278	9.064478290913109E-4
39.0	29.875226880786897	20.117971046983033	20.040050072163233	29.966047077023543	7.049230432902814E-4
40.0	29.81809836726592	20.13285368046842	20.116326700483267	29.93046717618429	0.0022540755981016007
41.0	29.846801989899763	20.09945651712982	20.042220275157494	30.010854968441024	6.662493718938418E-4
42.0	29.797125588683393	20.165122772801887	20.082998738515233	29.95268796697089	0.0020649330285950275
43.0	29.805972905036338	20.10815346821776	20.07370175354255	30.00964690181618	0.002524971387171838
44.0	29.789711099905077	20.127198227173544	20.105862850265456	29.9764740219859	7.538006700231226E-4
45.0	29.79394935732285	20.118610992593204	20.11361903065808	29.969967206093344	0.0038534133325241696
46.0	29.8152298485737	20.091286706720336	20.150196651927857	29.942582619358106	7.04173420008235E-4
47.0	29.84925112541027	20.13172994154292	20.060206552227708	29.957891981150002	9.203996691030185E-4
48.0	29.82292987697459	20.09719409059929	20.059276395995123	30.015204408905273	0.005395227525721992
49.0	29.835919337982048	20.099456087936037	20.112115483338712	29.944497176085207	0.008011914657997452
50.0	29.825270308417135	20.146210739506227	20.084410596385403	29.94319913602339	9.092196678468718E-4
51.0	29.84033497975225	20.10904697660282	20.092294264574026	29.95440418879397	0.003919590276937944
52.0	29.825417336978756	20.118976383517065	20.13839761188535	29.91663967229603	5.689953228045985E-4
53.0	29.857739650204625	20.116419742004854	20.043833947003915	29.979709118147902	0.0022975426387120677
54.0	29.79382939353506	20.113957919087667	20.10022524648795	29.99104067094646	9.467699428567533E-4
55.0	29.759744037104724	20.152966297249627	20.098092928018247	29.986717780555562	0.0024789570718407187
56.0	29.776792757570153	20.146983968672274	20.093320565567215	29.982099814219758	8.028939706015752E-4
57.0	29.800804729764913	20.12970242177971	20.140721065106213	29.92260025303093	0.006171530318237677
58.0	29.79554163935022	20.15638937226642	20.09099019347465	29.954137152414656	0.002941642494045815
59.0	29.817471094894042	20.1455916661642	20.090691622225904	29.945524328927537	7.212877883128808E-4
60.0	29.826013852974896	20.114548032467074	20.07990378905373	29.975664830572406	0.0038694949318859983
61.0	29.822218237582526	20.159080215653496	20.101015876387475	29.916698481192928	9.871891835772969E-4
62.0	29.822920047451856	20.13300976507948	20.08987857177608	29.952240052892687	0.0019515627999021827
63.0	29.852881149700806	20.15346154701397	20.042104812104434	29.948534178819724	0.0030183123610714336
64.0	29.830174032175734	20.10281089944206	20.086540907247887	29.979036236117047	0.0014379250172745065
65.0	29.77929491927023	20.11496160986199	20.091896808571857	30.006168894077888	0.007677768218034091
66.0	29.762025997511426	20.12707506349175	20.094309742258705	29.993671488065456	0.02291770867266534
67.0	29.77696544493525	20.12311337044053	20.118635647234502	29.978971271300274	0.002314266089436945
68.0	29.769413911200704	20.20441953575461	20.06795745788564	29.95375640496437	0.00445269019467419
69.0	29.774875574866854	20.180664195221762	20.0712183049575	29.969867164061025	0.0033747608928592176
70.0	29.782155772692565	20.107466728385052	20.058781362652418	30.051187330718403	4.0880555156438817E-4
71.0	29.729263169846664	20.156695378957306	20.098758223664113	30.002458851366757	0.012824376165158113
72.0	29.780195738607517	20.11846532499373	20.128391481586462	29.966993268245655	0.005954186566635327
73.0	29.761578982632447	20.167408152163965	20.102386144475457	29.963007045146433	0.00561967558170112
74.0	29.818808321805147	20.13342086298378	20.077816686857563	29.96760430942779	0.002349818925718077
75.0	29.764265689945834	20.162470376172354	20.108696539434252	29.959658327415937	0.004909067031620808
76.0	29.759232072417397	20.143342214011213	20.095438661023852	30.001237221397524	7.498311500147025E-4
77.0	29.77092655089626	20.166714456561923	20.094309378712726	29.966740789496953	0.0013088243321356572
78.0	29.75796777127365	20.14326003855547	20.116982129108646	29.979919216231554	0.0018708448306759176
79.0	29.798089408988126	20.158619705837552	20.121874620375262	29.91910902862749	0.0023072361715713754
80.0	29.824006399123977	20.12868975836715	20.065548099406257	29.981148075545693	6.076675569252775E-4
81.0	29.73991694201308	20.171146344054574	20.125562590704284	29.944920434736588	0.01845368849148086
82.0	29.737229568997993	20.14172960087475	20.12764119442314	29.988887788742257	0.004511846961862599
83.0	29.785096831390987	20.1540061776612	20.062196457565612	29.994240401091695	0.004460132290508788
84.0	29.783273767571057	20.157646395997805	20.105815601364625	29.94977334377569	0.003490891290826834
85.0	29.78593099432822	20.158370982515	20.10594553007771	29.948275060913865	0.0014774321652029564
86.0	29.733239524278797	20.17644860856439	20.087399325076714	30.00234770201759	5.648400625068821E-4
87.0	29.769309205638823	20.145423995527707	20.10058542027907	29.984434398861225	2.469796931728148E-4
88.0	29.755868595172842	20.166741414155393	20.101579792891798	29.971580097962192	0.004230099817775477
89.0	29.703489359205776	20.169772354434002	20.11381065983843	30.01239933267025	5.282938515485997E-4
90.0	29.738090338502023	20.177932045776718	20.09066308948354	29.993138592717656	1.7593352006007833E-4
91.0	29.706526395321525	20.18262445119608	20.117685066046786	29.992936104735968	2.279826996418729E-4
92.0	29.70830950712134	20.202420856466404	20.132191313442764	29.956736350843677	3.4197212581226085E-4
93.0	29.716649261817103	20.208251635422116	20.126695128429365	29.947688146596573	7.158277348393019E-4
94.0	29.724045204776345	20.175212987365395	20.117042253160573	29.983347562357043	3.5199234064666753E-4
95.0	29.775820270113645	20.18780209136418	20.077626089388414	29.958456676629613	2.9487250414997947E-4
96.0	29.742152414489247	20.173308119172923	20.120445299939256	29.963931195843728	1.629705548423079E-4
97.0	29.723056246183134	20.20737296596901	20.062779368208705	30.00610941243788	6.820072012696472E-4
98.0	29.69193163396599	20.232670188000807	20.113191580548932	29.96088701805448	0.0013195794297967754
99.0	29.704892946028778	20.21072477446308	20.109357631510377	29.974781035541735	2.436124560266829E-4
100.0	29.684429316203854	20.183799325827213	20.12550240795779	30.004275283801135	0.0019936662100173193
101.0	29.71237721222273	20.2044904514709	20.118581011206977	29.961644507201935	0.0029068178974595983
102.0	29.696996796920004	20.18059867660237	20.135400132529934	29.986524866412644	4.795275350448559E-4
103.0	29.708435317785437	20.173790758229774	20.159505910386635	29.958054193192908	2.1382040525134692E-4
104.0	29.659565897196376	20.24738755510573	20.11969145165734	29.973196257212624	1.5883882793282694E-4
105.0	29.7245744886397	20.198375167379822	20.134545488038118	29.942304088119275	2.0076782308587804E-4
106.0	29.72052656508895	20.18414775548844	20.128075048043925	29.966793742651358	4.568887273256508E-4
107.0	29.686490392090587	20.181468911645357	20.15386640721243	29.97771379584715	4.6049320447469377E-4
108.0	29.65822702849752	20.219583589155494	20.166076537809236	29.955926773050635	1.860714871182396E-4
109.0	29.739790577014663	20.17583390504004	20.133426904412737	29.9506968527808	2.5176075175760475E-4
110.0	29.652479622373214	20.209211551041108	20.166258643169883	29.97168801369406	3.621697217437394E-4
111.0	29.69294402212436	20.178716361204543	20.12326470250947	30.004730415157653	3.444990039751804E-4
112.0	29.69517779262725	20.163358652850548	20.088685902124038	30.05230465073897	4.7300165919649277E-4
113.0	29.67802120593927	20.16298311035587	20.17566350607023	29.98300005175628	3.321258783478688E-4
114.0	29.679079624389637	20.228238316941933	20.1373479539978	29.955002902718014	3.3120195261286396E-4
115.0	29.706796286593622	20.18224627849038	20.19434752815782	29.90634464959611	0.010265257162065203
116.0	29.661380510012236	20.24640541433618	20.1770580870093	29.91485887808124	2.9711056104033133E-4
117.0	29.643325140475092	20.200400739229046	20.15681750577936	29.995950762272138	0.003505852244365769
118.0	29.62948658711872	20.241019719844573	20.173024221199526	29.955614591932083	8.548799051039911E-4
119.0	29.676505885290805	20.225986679629752	20.118145650155842	29.979130866613108	2.3091831049097393E-4
120.0	29.645087388992756	20.21903697183884	20.175467796165634	29.959935429873642	4.72413129130717E-4
121.0	29.672284703208984	20.2445161012201	20.1819918030823	29.900871393836827	3.359986517889392E-4
122.0	29.61197545085327	20.2462624516671	20.186886072576048	29.954648875629843	2.2714927374753582E-4
123.0	29.60561638779732	20.21388011591291	20.206042296540875	29.974279594439913	1.8160530898759137E-4
124.0	29.58262766624271	20.184923703429863	20.1868366228875	30.045271685722458	3.4032171746357557E-4
125.0	29.586165544906816	20.221093168716965	20.167180428232108	30.024899626223018	6.612319210871528E-4
126.0	29.611908150123607	20.231000129825272	20.198151149913993	29.95851425140877	4.263187283567518E-4
127.0	29.681155973588822	20.20070477190182	20.187443334909723	29.92251006998113	0.008185849618504925
128.0	29.71639503445658	20.125094480046847	20.253820996785553	29.903500846856378	0.0011886418546471686
129.0	29.610365699659912	20.135799320248204	20.333819333931316	29.917909292257583	0.002106353902986207
130.0	29.569567974551305	20.119651641841877	20.34326112351469	29.967023315105184	4.959449869480764E-4
131.0	29.47792603329256	20.168333177756324	20.287919657505533	30.064757926189444	0.0010632052561377428
132.0	29.35634437274358	20.271227247743635	20.26788141252395	30.102144888048354	0.0024020789404824374
133.0	29.35726424627495	20.227876681202545	20.333199180838914	30.081360778845312	2.991128382777806E-4
134.0	29.360944648172577	20.208145068825644	20.276049613611445	30.154161631457605	6.990379327341895E-4
135.0	29.42230452720771	20.133549248091406	20.325892239682055	30.115279802004657	0.0029741830141738323
136.0	29.521562660221022	20.156935978444636	20.36059705680599	29.95970845835183	0.0011958461765172533
137.0	29.798569098026302	20.04851076678721	20.273551030723645	29.878879264037238	4.898404256074376E-4
138.0	29.89860121784926	20.040348355104634	20.35534357943275	29.70458159278655	0.0011252548268019904
139.0	29.10574450570244	20.62367550725554	21.52699546700178	28.73729546703048	0.006289053009755616
140.0	27.031733275498905	21.634946141686896	21.505537995524566	29.809951106570644	0.017831480718989743
141.0	28.880066512950343	19.668365600885316	19.266191402670643	32.18496261696086	4.1386653283529947E-4
142.0	31.317178457073975	19.330203484951557	21.23548115428403	28.116394183227627	7.427204628107933E-4
143.0	30.9522313714492	19.08311569949491	21.59118958697734	28.36318951229422	0.010273829784325042
144.0	33.84597588580404	18.417948599498004	19.291985032568025	28.439685252767898	0.00440522936203631
145.0	27.43460394086853	20.244807969076575	19.08444823100787	33.235879565864686	2.602931823414725E-4
146.0	27.688125328456426	20.604570609895344	19.022712488484515	32.68435930286743	2.3227029629048352E-4
147.0	27.980989933146333	19.876927331081674	19.500925621043056	32.63788928465942	0.0032678300695157267
148.0	30.497632683749764	19.274030618400033	20.26256179982779	29.965508834830985	2.6606319142696757E-4
149.0	33.163247529124575	19.440112603325442	18.976168720927785	28.41845352243259	0.00201762418961525
150.0	23.713904616518796	25.132764266563328	24.761864932874975	26.3423954183246	0.04907076571830144
