# Position (bp)	A	C	G	T	N
0.0	26.12733647050706	25.022541716785902	24.083941435249606	24.754868077082225	0.011312300375208532
1.0	28.500204459277413	18.578648892899302	18.808014775980798	34.09275468403821	0.020377187804273125
2.0	29.792205649582332	20.130124869355825	19.121838891437488	30.949532024184794	0.006298565439564243
3.0	33.0845106037833	19.090718391487176	19.621126004711908	28.203245987553288	3.9901246432282446E-4
4.0	32.73556347115542	18.77934083113419	20.464363821758557	28.020068278752703	6.635971991309567E-4
5.0	33.57243762009129	18.86919964138739	19.897220664137375	27.659050012446862	0.0020920619370775042
6.0	28.052956093244592	19.19196126584352	17.91486131022387	34.8299894541353	0.010231876552712573
7.0	28.357349488590305	21.430517520859144	18.910011997657907	31.298965771019983	0.0031552218726622785
8.0	27.866534210624522	21.104857373895307	19.020564252920952	32.00424799681741	0.003796165741816292
9.0	32.52532217955475	18.854139223385058	19.403477349336292	29.215143966510578	0.0019172812133210866
10.0	29.95499593686995	21.382512630890666	21.581714800983022	27.08033569104632	4.4094021003741093E-4
11.0	28.75129132159086	21.391412159843465	20.380989219677172	29.475833944372166	4.733545163375316E-4
12.0	29.745329412492378	20.085419152962704	19.78230632423662	30.386129308206	8.158021022976798E-4
13.0	29.90717441843069	20.04717871695871	19.734379673387284	30.304584159985033	0.006683031238281372
14.0	29.89493615510105	20.16843608309068	19.92446308164447	30.01191033138572	2.543487780817221E-4
15.0	30.082617250209694	20.176677609718823	19.8723401756447	29.867447652864648	9.173115621352143E-4
16.0	30.10369255866624	20.11561440348732	19.94492501424898	29.832715165131773	0.0030528584656861115
17.0	30.051101972577687	20.151290148600253	19.981622940366076	29.81168590706288	0.004299031393102264
18.0	30.011340487793962	20.153606587112783	19.98219233267591	29.848269069792092	0.004591522625249831
19.0	29.98313493397498	20.15931637605524	19.895008821546593	29.962045458507543	4.944099156402508E-4
20.0	29.91371530297901	20.216256381073077	19.879886501867315	29.98958856294336	5.532511372449366E-4
21.0	29.907544994977897	20.182439944117302	19.900539055334846	30.008879846581404	5.961589885496464E-4
22.0	29.881196576437684	20.076614587304388	19.91562847070839	30.12335857558171	0.0032017899678242296
23.0	29.93019915482928	20.00619612630183	19.964124242255565	30.09888156947681	5.98907136514961E-4
24.0	29.945692656362784	20.043291404475898	19.983580234669365	30.024610979397583	0.0028247250943817383
25.0	29.978453274520962	20.009601930192016	20.026160036280157	29.983904790816595	0.0018799681902727451
26.0	29.975647763245906	20.03514532666017	19.998754843220876	29.9879729241555	0.0024791427175437446
27.0	29.917412035923093	20.0780330587328	19.983291518141268	30.015890708330605	0.005372678872236637
28.0	29.908815160803528	20.071187463865797	20.034633533774638	29.985116805765742	2.4703579029482426E-4
29.0	29.877645254173906	20.08617008729912	20.01142320927517	30.024277085744988	4.8436350681617965E-4
30.0	29.865715587288637	20.068929909233034	20.00995367185963	30.055163367882354	2.3746373634379674E-4
31.0	29.907908265989754	20.047651655921424	20.004802980214727	30.03942092971055	2.1616816355141116E-4
32.0	29.897925066428773	20.088240961956835	20.02503088565185	29.988167751669316	6.353342932270378E-4
33.0	29.96596463499271	20.050415644483316	20.02003578026663	29.950787334535583	0.012796605721756575
34.0	29.865215532559457	20.11545832755061	20.031444750086305	29.98772805500093	1.5333480270088388E-4
35.0	29.852430090185223	20.12079540087333	19.98519383276941	30.04127593455554	3.0474161649350314E-4
36.0	29.88856367652811	20.08147912832994	20.022755535432356	30.00679924888226	4.0241082732946835E-4
37.0	29.915963086262252	20.090299367333287	19.968295146901045	30.024726476706388	7.159227970208651E-4
38.0	29.935541576044816	20.020497207629322	19.99162090370106	30.051043792868683	0.0012965197561171367
39.0	29.91148414367522	20.08196624037513	19.99082242576083	30.014650609585473	0.0010765806033444121
40.0	29.870644891744362	20.090495901911396	20.048565516595808	29.97807269022821	0.012220999520225805
41.0	29.883152710580745	20.06562020547921	19.975219823903643	30.07574589864543	2.6136139097457096E-4
42.0	29.85573146543601	20.130038921867865	20.015495574912705	29.998466666079892	2.6737170352592884E-4
43.0	29.85766801783491	20.078612807685218	20.015017213821444	30.04787674478932	8.252158691069625E-4
44.0	29.84254572867578	20.09951771617754	20.026945935253636	30.02947924467985	0.0015113752131918287
45.0	29.84672920640084	20.089835920206703	20.045971280463807	30.00904239612173	0.008421196806923138
46.0	29.87865637983111	20.042516326116587	20.09789369001562	29.980571014154012	3.625898826722529E-4
47.0	29.893196408908896	20.0942075939207	20.009097363070282	30.003183670670175	3.149634299517522E-4
48.0	29.883308950449205	20.068297858249085	20.008793765886097	30.039429463156136	1.6996225947318874E-4
49.0	29.87524148968908	20.081751234967026	20.033607225866515	30.00785668474082	0.001543364736558241
50.0	29.874369742745966	20.100493952964655	20.02278938460717	29.99739053003918	0.004956389643035886
51.0	29.879637269663466	20.06732622751708	20.054872293238475	29.99797854371613	1.8566586484586864E-4
52.0	29.860442937185766	20.074882663024088	20.0935302907438	29.97103856127027	1.0554777607531036E-4
53.0	29.902892379635208	20.077912139839654	20.0042760417732	30.01474698045932	1.7245829261722218E-4
54.0	29.859027287988948	20.07673306143379	20.035688820432583	30.028407911997956	1.429181467263087E-4
55.0	29.827683111180576	20.096191419654726	20.03381119534958	30.040593638999574	0.0017206348155422552
56.0	29.834223320714564	20.092330472391083	20.03508417380501	30.038063759711875	2.98273377468814E-4
57.0	29.864193112445598	20.078077142182853	20.068782859688927	29.98879904559401	1.4784008861307464E-4
58.0	29.87331580124939	20.085066979317208	20.032718594836737	30.008707001273514	1.9162332315414703E-4
59.0	29.896057253405438	20.080926847887984	20.033250853880997	29.989552840216277	2.1220460930306356E-4
60.0	29.896653382050996	20.060029681971592	20.028033163728278	30.01212138308756	0.0031623891615729896
61.0	29.897611059385433	20.0813060073334	20.05053906471889	29.969888410912116	6.554576501627705E-4
62.0	29.899328653939904	20.061676980325053	20.038637937016865	29.999962135316157	3.942934020235555E-4
63.0	29.92415478700107	20.08883903396479	19.99439247037958	29.99242824683232	1.854618222450516E-4
64.0	29.906536069640055	20.049644184458735	20.030320447634143	30.012291466592288	0.0012078316747775686
65.0	29.854299270972923	20.061720895845628	20.039273397637675	30.044479973779083	2.2646176469103468E-4
66.0	29.845761517656765	20.07166955488407	20.037302007743197	30.04494917825046	3.1774146551281663E-4
67.0	29.87164052763044	20.051560942812046	20.055019011301024	30.021589595432136	1.8992282436052418E-4
68.0	29.853282818221277	20.134076809026862	20.008992773526728	30.00342624513258	2.2135409255257319E-4
69.0	29.856786848503685	20.11056669937481	20.021142006609594	30.011030807283728	4.7363822818306816E-4
70.0	29.867954145507543	20.05410350027161	20.007227165063703	30.070619447601377	9.57415557733044E-5
71.0	29.81534218371572	20.10892850884914	20.03307281234849	30.041712684077527	9.438110091214062E-4
72.0	29.867991559498684	20.05460320537441	20.062326768897098	30.014951067243867	1.2739898594122995E-4
73.0	29.848376791187476	20.095435702298634	20.053102846118996	30.0029825651017	1.0209529319428522E-4
74.0	29.896618972232545	20.06440041221557	20.026841327013738	30.012018363902786	1.2092463536175035E-4
75.0	29.852038692332773	20.098027332507503	20.057539503580777	29.992097253476885	2.972181020637037E-4
76.0	29.843603282477865	20.083165294331298	20.028011272609668	30.044635361864717	5.847887164514692E-4
77.0	29.858212246094517	20.10309399796136	20.027856377165456	30.01066442365468	1.729551239925993E-4
78.0	29.851279744151753	20.08052375794453	20.0418411758917	30.025811365804035	5.439562079847138E-4
79.0	29.8921894768287	20.09309344138957	20.056045493257493	29.958189043634505	4.8254488973247433E-4
80.0	29.91962575703923	20.06353561169038	20.0115201572416	30.005215111744672	1.033622841221497E-4
81.0	29.847693948795488	20.100985130626594	20.06772309909132	29.982888064648105	7.097568384936557E-4
82.0	29.83611116170114	20.07195506614279	20.074600214770292	30.01688027313364	4.532842521395219E-4
83.0	29.879817821245247	20.09152343269565	20.00666237031278	30.021886508876012	1.0986687030824829E-4
84.0	29.88558792399828	20.086348251739334	20.036498693875224	29.991333632570914	2.3149781624369107E-4
85.0	29.868095223856656	20.088149074479258	20.049587350994273	29.993999970723618	1.6837994619826188E-4
86.0	29.8339805901956	20.10515358209999	20.023780929558416	30.035439846360546	0.0016450517854465887
87.0	29.847226689009474	20.085680495963583	20.04491660776341	30.022018638800724	1.5756846280193246E-4
88.0	29.849718511952076	20.100973905662787	20.043531010535627	30.005665686665594	1.1088518391446647E-4
89.0	29.81241146638211	20.106274299585618	20.05144055730368	30.029018293334346	8.553833942478865E-4
90.0	29.847595482211247	20.097862806154108	20.030186635975895	30.019558820043475	0.004796255615277812
91.0	29.808922545876626	20.112515207866753	20.062030312287025	30.012620756905118	0.003911177064479706
92.0	29.813045239263463	20.120542975036418	20.073007224533594	29.993296128818773	1.0843234775374576E-4
93.0	29.828172395986012	20.147143911883795	20.06795337529354	29.954833246920142	0.001897069916506258
94.0	29.847981041075688	20.106191463349898	20.057414174201625	29.98822818210398	1.8513926880433994E-4
95.0	29.883061312808596	20.123414724711868	20.02301371650773	29.969711193202077	7.990527697328601E-4
96.0	29.843503172382047	20.11050431485171	20.056285913982776	29.98947357079189	2.3302799157756942E-4
97.0	29.82567325393231	20.14840233603743	20.003294679723165	30.02175088963857	8.788406685214782E-4
98.0	29.81189766850885	20.162151824196187	20.049579698688962	29.974775739330482	0.0015950692755183097
99.0	29.825496190756212	20.144608373701086	20.03699507477771	29.992530340812877	3.700199521120513E-4
100.0	29.810694627666194	20.117871234565204	20.063616935208653	30.00378738808436	0.004029814475584601
101.0	29.831195796368746	20.123459674809734	20.059834224965993	29.98464122466762	8.690791879068555E-4
102.0	29.8109695525763	20.10972431963884	20.07242760325134	30.006518039582215	3.604849513086463E-4
103.0	29.837990074046484	20.11174872064919	20.083956456009023	29.96618544020524	1.1930909006389958E-4
104.0	29.792763631141543	20.17282113542855	20.049737531641203	29.984475231039852	2.0247074885633776E-4
105.0	29.839135515312748	20.128924546126775	20.071430396083496	29.95511566875105	0.005393873725934699
106.0	29.836763211543975	20.117478406293692	20.06654263470753	29.979040194737117	1.7555271767980603E-4
107.0	29.820241847681604	20.11085639274326	20.08431967994367	29.984443042942004	1.3903668946128737E-4
108.0	29.78365501329632	20.13744658224747	20.108100860854275	29.970714507915996	8.30356859453178E-5
109.0	29.857768990968523	20.11234957737579	20.056997421543045	29.9728053492659	7.866084673681862E-5
110.0	29.768499764378603	20.142668484151496	20.087017389595992	29.99620103700836	0.005613324865549558
111.0	29.82153888339712	20.11447158580134	20.056380438534653	30.00744074698398	1.6834528290905778E-4
112.0	29.82427808164892	20.091971326144304	20.02602754152478	30.056323850085814	0.0013992005961811235
113.0	29.80571054974435	20.101918540263192	20.09910016198888	29.992888253809202	3.824941943708266E-4
114.0	29.804427766274678	20.15721927693806	20.07018559383499	29.968073966800457	9.339615181565232E-5
115.0	29.842869680762785	20.112359047452127	20.124419884567825	29.920251433932428	9.995328483904242E-5
116.0	29.780759886019514	20.178445640900613	20.103823377417765	29.936909710095716	6.138556639671631E-5
117.0	29.76002853477484	20.139521533967077	20.08474918692263	30.015602632825278	9.81115101753247E-5
118.0	29.75751462535913	20.16730689875178	20.09170102281283	29.983274372589676	2.030804865866648E-4
119.0	29.79406298968012	20.162034546397155	20.050290244277694	29.993542803101285	6.941654374153712E-5
120.0	29.77978305955866	20.15572473578098	20.1093414390032	29.954915664784593	2.351008725733796E-4
121.0	29.806855806419673	20.171154221068758	20.118425419716477	29.903138951770238	4.2560102485664745E-4
122.0	29.75076860402356	20.18544037556267	20.106959726602643	29.956720211337874	1.110824732527951E-4
123.0	29.761459684091456	20.147648089498844	20.119790726622107	29.97008081157489	0.0010206882126994488
124.0	29.740063236244595	20.125379959950994	20.10110822829073	30.033309143921453	1.3943159222583323E-4
125.0	29.738341758551623	20.159014557140193	20.086982509150886	30.015090234914073	5.709402432264662E-4
126.0	29.76424168413602	20.158085865592064	20.11572355383536	29.96004924120082	0.0018996552357267637
127.0	29.8171029156114	20.137566976497695	20.106673747022274	29.9385807720016	7.558886703358812E-5
128.0	29.834554165561627	20.087471642425527	20.15410572874116	29.92372345218478	1.450110869032109E-4
129.0	29.755023424148035	20.086074998681763	20.226633769371215	29.932114023585974	1.53784213008153E-4
130.0	29.745033745715432	20.04664909430215	20.26676647511779	29.94080244549826	7.482393663695435E-4
131.0	29.65955741053396	20.097112074454433	20.24598551333405	29.99705012890664	2.948727709145539E-4
132.0	29.588078481995474	20.16833273911816	20.23484507404958	29.996912729383396	0.01183097545339133
133.0	29.55417706210407	20.16755546203214	20.265955470519003	30.012192113883618	1.1989146117028017E-4
134.0	29.54355692264935	20.166705354562726	20.202575168395597	30.087069630560354	9.292383197476262E-5
135.0	29.596885896742936	20.092023050271866	20.240520814235616	30.069504574648004	0.0010656641015784442
136.0	29.696910205543	20.10831820371702	20.288032777801956	29.906571910140585	1.6690279744311517E-4
137.0	29.995672425094156	19.98153084621923	20.184240142948497	29.838233897920862	3.2268781725396296E-4
138.0	30.05384660073177	19.99108477399529	20.27224710412768	29.681580935222257	0.0012405859230056543
139.0	29.16907160922869	20.63603359397625	21.462237822183607	28.7325198185153	1.3715609614827685E-4
140.0	27.010354739337494	21.68008867305198	21.38353699510274	29.9257982075383	2.2138496948608175E-4
141.0	29.061946466465333	19.594247277786568	19.084320874603367	32.258391927787514	0.0010934533572129772
142.0	31.60386428115402	19.263856672091286	21.195698575142767	27.92741592990425	0.009164541707681224
143.0	31.05241706696803	19.134474171062138	21.448344147740723	28.360258406363087	0.00450620786602315
144.0	34.1477352209573	18.282501907961706	19.331636149671873	28.237711022894846	4.156985142746146E-4
145.0	27.464138116023225	20.195493014042384	18.92348057965539	33.416112386837455	7.759034415421637E-4
146.0	27.795837998297245	20.62175281973018	18.85835338972996	32.72384536544742	2.1042679519119972E-4
147.0	27.903516454120187	19.79343046006502	19.281567611214665	33.020896298710795	5.891758893301723E-4
148.0	30.51203067216706	19.385997810406458	20.214470581596373	29.887082763096572	4.181727335383108E-4
149.0	33.5771362728034	19.078514492904787	18.901281274069316	28.427602630699955	0.015465329522539048
150.0	24.23252320164634	24.44599244847808	25.232267020424743	26.086136677626225	0.003080651824610835
