# Position (bp)	A	C	G	T	N
0.0	23.267980350633138	27.828778083462197	28.13130215352258	20.767819918065538	0.0041194943165469115
1.0	27.509525546432872	18.302152858367762	18.869586854394008	35.31124099353013	0.007493747275236228
2.0	29.721482385267407	20.546202197853066	18.69030673061503	31.037110882960274	0.004897803304219303
3.0	34.05262611825911	19.086234483191074	19.9257887038683	26.932009144297016	0.003341550384494876
4.0	34.145995949075385	18.282118876126827	21.035775754946446	26.53328855641593	0.0028208634354122135
5.0	35.14623911637927	18.54809837975189	20.32963555001667	25.97448558283759	0.0015413710145797256
6.0	26.974497245193206	18.795832161111534	17.237246055687553	36.98985762895638	0.0025669090513320207
7.0	26.962063650733466	22.920677870955352	18.491651770838978	31.62314458719271	0.002462120279499894
8.0	26.6497357864249	22.10560260703848	18.87290195396681	32.369894084961636	0.00186556760817012
9.0	33.61845562004726	18.672324456420988	19.50313052758582	28.202484142518124	0.0036052534278073604
10.0	29.268207811836678	22.81824958888194	22.807012157304392	25.104012766049777	0.0025176759272109188
11.0	27.63553001326785	22.730190036120877	20.89161588500242	28.73969746846968	0.002966597139177393
12.0	29.273175197744468	20.616181150886202	20.016327121569777	30.092537397063367	0.0017791327361854946
13.0	29.50685936738267	20.502921478307883	20.05707026367402	29.931820249110064	0.0013286415253622337
14.0	29.52112868287504	20.676160350053184	20.3509685265149	29.446246298276662	0.005496142280208453
15.0	29.80662951831589	20.673151153377052	20.24614390479217	29.273054265947007	0.0010211575678804282
16.0	29.824607609367842	20.644860574411254	20.355517335788218	29.17280949385554	0.0022049865771442117
17.0	29.83469335313919	20.683771464423035	20.40007257793096	29.079972675102933	0.0014899294038792457
18.0	29.85702124950622	20.58572440608136	20.48384740445231	29.0532478216726	0.020159118287503306
19.0	29.668342093952983	20.689551775435493	20.3005610889781	29.340178372729774	0.001366668903652086
20.0	29.510241320847136	20.82148358749874	20.24302973920839	29.42414415707777	0.0011011953679644323
21.0	29.4528007685426	20.812955618785256	20.218321879406336	29.514290700585622	0.0016310326801862968
22.0	29.431376226079724	20.59065855667077	20.23176270108523	29.745122179914713	0.0010803362495617503
23.0	29.553777809660726	20.429062463443874	20.40309869614607	29.612675209574885	0.0013858211744508379
24.0	29.54039949598434	20.50090224019639	20.40505450117609	29.551932195874965	0.0017115667682196282
25.0	29.596153748211073	20.466133936347386	20.454195887892354	29.48276265998462	7.537675645668128E-4
26.0	29.544851348959384	20.524616703578467	20.37802190102315	29.55057500319282	0.0019350432461796646
27.0	29.493562637329962	20.51382000964123	20.399078401266923	29.59256138747329	9.775642885989733E-4
28.0	29.487910215832496	20.536210095342938	20.45437005261262	29.520511835243102	9.978009688443774E-4
29.0	29.480060544632934	20.55369752686495	20.365829176013932	29.59695143032012	0.003461322168058186
30.0	29.470295562967003	20.52450061167951	20.40425032914962	29.600012922662565	9.405735412982328E-4
31.0	29.481380008147067	20.44312410480808	20.386086418049697	29.688300745062485	0.0011087239326684276
32.0	29.510945290249047	20.47476668039802	20.45870553340533	29.55413926065943	0.0014432352881749136
33.0	29.582730714560064	20.471859558163537	20.435334907647917	29.506223580968673	0.0038512386598103573
34.0	29.420170798145435	20.559442624102903	20.442071658872777	29.57602779643862	0.0022871224402681587
35.0	29.42059228418546	20.578499157129063	20.377968767720812	29.62147774250528	0.0014620484593873223
36.0	29.447350712468733	20.500978544209065	20.440925075218964	29.60596153430528	0.0047841337979538595
37.0	29.459750349173053	20.51986629191078	20.367865877076753	29.651526770496027	9.907113433919343E-4
38.0	29.501778748994894	20.44050376323103	20.351772787713365	29.704398790463387	0.0015459095973244328
39.0	29.540798827571475	20.433222382695444	20.33424340657891	29.690671550650766	0.0010638325034021364
40.0	29.439601813901877	20.44468817949162	20.45779428334413	29.656953611234048	9.621120283245781E-4
41.0	29.446667319779525	20.455129428062197	20.364552987217895	29.73210341870206	0.0015468462383277561
42.0	29.382597869201742	20.566980852435883	20.421168258105133	29.627590661689958	0.0016623585672887128
43.0	29.436046273237555	20.4650580563253	20.38372431310519	29.711005958906174	0.004165398425783122
44.0	29.43049654558689	20.46068579000229	20.4312331876545	29.676080235777786	0.0015042409785327373
45.0	29.459430206071996	20.4717710377394	20.439387419380566	29.62494160869897	0.004469728109068377
46.0	29.48389777895919	20.38959114094297	20.464447292262065	29.660632293326877	0.001431494508897179
47.0	29.457157391284717	20.48555354999577	20.39191648725097	29.663977976917028	0.001394594551518315
48.0	29.451587793618206	20.452035962069015	20.401166395110113	29.688867842823274	0.006342006379390837
49.0	29.480211199856814	20.460903416336667	20.44309461485111	29.61391144819563	0.0018793207597825358
50.0	29.489814395145007	20.43263937234226	20.38951939330617	29.686609750693645	0.0014170885129230599
51.0	29.53771948791205	20.37581523435415	20.401960633532877	29.67918961928137	0.005315024919550878
52.0	29.42106881422878	20.456238691595416	20.445026940042375	29.676801362330153	8.641918032771973E-4
53.0	29.503344992116315	20.450564892618377	20.35959665718033	29.685007049009194	0.0014864090757851383
54.0	29.401118770157698	20.463720456936546	20.427708245899474	29.705129900368515	0.002322626637767979
55.0	29.40031262533579	20.501662354460137	20.41547990394566	29.680555934630863	0.001989181627548408
56.0	29.451892123500766	20.44635054163188	20.44665294084397	29.653941320130738	0.0011630738926431622
57.0	29.500974707219292	20.44575627382218	20.43290993452579	29.618440323372074	0.0019187610606630349
58.0	29.43216152318685	20.46765854838907	20.4293378426855	29.668747157724066	0.002094928014507259
59.0	29.466723720220045	20.509418453951316	20.413489865929673	29.609207628915733	0.0011603309832289548
60.0	29.530399606432866	20.48245326688116	20.396521266800157	29.588386434322295	0.002239425563519281
61.0	29.46468295975821	20.501852533713812	20.381514551786566	29.65108697319771	8.629815437013853E-4
62.0	29.452802084149965	20.45981558649886	20.43340188031817	29.652798465834053	0.0011819831989531005
63.0	29.48320424726657	20.452422633316925	20.390015661212914	29.67110481943971	0.0032526387638807577
64.0	29.48720391604483	20.390676186106912	20.46266805227191	29.65849911982798	9.527257483660752E-4
65.0	29.459442446131618	20.497722513526725	20.40492145597827	29.636290672387183	0.0016229119762051598
66.0	29.394241940303274	20.517689161225128	20.394306057927178	29.654326788467046	0.039436052077373884
67.0	29.406182094321707	20.434701015013488	20.42690031225241	29.72765578414633	0.0045607942660597905
68.0	29.421714689431376	20.489370061553235	20.387207845415922	29.697367014750796	0.004340388848662935
69.0	29.436470965954143	20.458457962351236	20.42155236414332	29.682634589866648	8.841176846523991E-4
70.0	29.48578231604011	20.387202303727786	20.4442358471847	29.68211812710187	6.614059455306764E-4
71.0	29.373829687578468	20.44063703942089	20.480864527145098	29.6841962855424	0.020472460313149213
72.0	29.44593743281875	20.396853601198934	20.482097172509707	29.67407947653273	0.0010323169398822488
73.0	29.393015521064303	20.44115536456405	20.459745489489688	29.697451566874527	0.00863205800742981
74.0	29.428486250116574	20.408304944257512	20.40958860902086	29.7534106186845	2.0957792054691454E-4
75.0	29.383635259116186	20.472730316037975	20.458869811848277	29.684236593790338	5.28019207226682E-4
76.0	29.382228984752906	20.46478915965622	20.425672212757874	29.726857269977717	4.52372855286988E-4
77.0	29.420103155010978	20.446969278306597	20.45024216693127	29.6821756875883	5.09712162858938E-4
78.0	29.394910815666236	20.442072783158164	20.47417838597805	29.688486395284613	3.5161991293890954E-4
79.0	29.40937227988907	20.4314752313228	20.443504753570735	29.715211289965772	4.364452516256904E-4
80.0	29.417825040691568	20.406048906934284	20.47184335912186	29.703787377426533	4.95315825753396E-4
81.0	29.37673463993345	20.409888683178533	20.504207560392402	29.679321370541857	0.029847745953756263
82.0	29.324809276230333	20.36395822289268	20.54058855108214	29.75464523193378	0.01599871786106949
83.0	29.423882220420417	20.44004444619157	20.36750405335353	29.768258190630497	3.1108940398381094E-4
84.0	29.377212113667916	20.467945282760837	20.472456231661777	29.681815365719473	5.710061899926026E-4
85.0	29.431663065522564	20.423604094205352	20.461513403030725	29.6827870116654	4.324255759548317E-4
86.0	29.374252539473485	20.48347522710573	20.445046876764938	29.696963345176254	2.6201147959629273E-4
87.0	29.40869549360572	20.415965806968313	20.468642416994633	29.70637275216317	3.235302681683569E-4
88.0	29.373021840368274	20.486408093031827	20.47520409406604	29.65841176627923	0.006954206254624992
89.0	29.352711026515454	20.46599110303607	20.462566420810532	29.718641326421487	9.012321646154623E-5
90.0	29.347020569122385	20.45088424993956	20.466768797524562	29.735113779526124	2.1260388737096462E-4
91.0	29.327363736666083	20.433510422630736	20.535949045462477	29.702869632953355	3.0716228735154846E-4
92.0	29.313813475998046	20.42947332308262	20.52434626853798	29.732118329838396	2.486025429554119E-4
93.0	29.447307897816383	20.418073627075533	20.50858454200628	29.625656542212585	3.7739088921784797E-4
94.0	29.381845153301196	20.385533040573126	20.51305722194014	29.719437251003946	1.2733318159462528E-4
95.0	29.391300255579043	20.425791016987997	20.51652818638156	29.666316074145964	6.446690543059541E-5
96.0	29.321823925123542	20.453460495837113	20.520137219521846	29.704349790925043	2.2856859245501607E-4
97.0	29.360858717879147	20.437432581778715	20.502948202952837	29.69836343301855	3.9706437075223846E-4
98.0	29.28055649943127	20.473217726913965	20.510316794506387	29.733124871905908	0.002784107242469242
99.0	29.30206613186578	20.441253250386477	20.507442938604473	29.74916965274223	6.802640104624605E-5
100.0	29.31320670332454	20.428975776679163	20.518802975789104	29.733734651213027	0.0052798929941686515
101.0	29.345261860233805	20.454306667507197	20.494021727710184	29.706059523559365	3.5022098944433933E-4
102.0	29.336232460382135	20.377880082705506	20.52396279319248	29.761568971705053	3.5569201482097486E-4
103.0	29.28738468477161	20.398295826408187	20.537937160676798	29.776201632835086	1.8069530831859763E-4
104.0	29.29816808155705	20.42853380032247	20.53980740739108	29.733233558121448	2.571526079499096E-4
105.0	29.37239759920646	20.315809333804076	20.576175505255705	29.73531867676151	2.988849722503984E-4
106.0	29.302631453904414	20.33557927147975	20.60372337898068	29.75798986952018	7.602611497049236E-5
107.0	29.244604330467176	20.38866699457405	20.61145568045361	29.75484730828931	4.2568621585464437E-4
108.0	29.28839825443753	20.37801070692599	20.635098358400136	29.6982167082136	2.7597202274482564E-4
109.0	29.327732038244882	20.3831723182078	20.580659372816807	29.708235286551183	2.0098417932933992E-4
110.0	29.188783762060517	20.38046598450874	20.65887073227543	29.77126439798305	6.151231722640141E-4
111.0	29.297157964641418	20.404753669891107	20.62207051450077	29.675682873171542	3.3497779515940336E-4
112.0	29.252952821585072	20.359240710353994	20.589503474260017	29.798046338295908	2.5665550500392686E-4
113.0	29.25207950113845	20.302798987753746	20.695886491936808	29.748885063680962	3.49955490036111E-4
114.0	29.238293278526516	20.378718437146418	20.652498890018762	29.730176093152487	3.133011558127211E-4
115.0	29.254801257109747	20.37307152103679	20.62331080461625	29.730251311934108	0.018565105303110868
116.0	29.178928076317582	20.40550764820602	20.676284687140207	29.739138607580067	1.409807561267887E-4
117.0	29.268827855132244	20.36782609156928	20.68673344447429	29.667787560346692	0.00882504847748624
118.0	29.244948494453247	20.37925911251981	20.634607765451666	29.740639857369256	5.44770206022187E-4
119.0	29.188729549853498	20.40982065569878	20.654730759374168	29.74651524052088	2.037945526735043E-4
120.0	29.15564811633281	20.42134971449255	20.674726099079084	29.74817115233796	1.0491775759276697E-4
121.0	29.169763434020197	20.445912862105413	20.695817930634576	29.68801894518424	4.868280555762909E-4
122.0	29.160279072677785	20.432050898136687	20.684798494688057	29.72236872097649	5.028135209907884E-4
123.0	29.139083943533077	20.358042908298447	20.759809897310806	29.74283215106531	2.3109979235683657E-4
124.0	29.083576874529054	20.360622515834915	20.722418099235533	29.832963557698466	4.1895270203545174E-4
125.0	29.152362347782066	20.397901791676112	20.715738736416462	29.733748668432774	2.484556925857716E-4
126.0	29.118299794088237	20.380355449685965	20.84016906983173	29.66091732784924	2.5835854482133213E-4
127.0	29.187262130383328	20.343776890157304	20.790098838042454	29.66769400102666	0.0111681403902525
128.0	29.199874371064872	20.422079496135222	20.822574423550787	29.555401446981143	7.026226796764281E-5
129.0	29.238013919011447	20.429234483788242	20.7731280562291	29.55918227462505	4.412663461602105E-4
130.0	29.15729360933174	20.397240015908135	20.78312811067737	29.66202936826945	3.0889581330337045E-4
131.0	29.016757504270725	20.516066053851787	20.82485967623851	29.64199137720654	3.2538843244122673E-4
132.0	29.079850288769336	20.397854242205117	20.64419163931734	29.86426078575181	0.01384304395639355
133.0	29.29823569018654	20.292208680864107	20.576589365968836	29.832875027598703	9.123538181094934E-5
134.0	29.384874145658536	20.371292182350253	20.6339869916486	29.609652235628104	1.9444471450654792E-4
135.0	29.140136678056507	20.523689474122843	20.5571297608134	29.778939911659304	1.0417534794566213E-4
136.0	28.998698587759986	20.666740776423218	20.27002900386381	30.06441934444306	1.1228750992340869E-4
137.0	28.413716638948284	20.922443360077004	20.45823662359657	30.20560337737815	0.0
138.0	28.729996386314934	21.00231089159345	20.7165497441751	29.550876285291768	2.666926247488089E-4
139.0	28.467964275241552	21.314318637614143	21.84052352302349	28.37645678886821	7.367752526033953E-4
140.0	27.53080699231742	22.055712299876163	22.11540522758341	28.272021660947466	0.026053819275538927
141.0	28.33528977164052	21.237356595572322	20.695054398985903	29.73211171575264	1.8751804861217891E-4
142.0	28.869752937310533	21.532297902807066	22.700040694726443	26.897690846297976	2.176188579797571E-4
143.0	30.539537968158243	19.641275120844277	21.82657486128165	27.99105778247512	0.0015542672407093676
144.0	33.134496048076294	19.07270233196159	19.501208439480045	28.289764190998756	0.001828989483310471
145.0	27.062048605619694	20.581475038220255	19.425641836680903	32.93083451947915	0.0
146.0	27.462434729844098	20.98385611556743	19.340990988593358	32.21245202876411	2.6613723100179376E-4
147.0	27.67483658813763	20.584118489383936	19.949277172847168	31.790693113462776	0.001074636168492205
148.0	30.213845006441115	19.74832192013018	20.47569326734016	29.561868601261104	2.7120482744592855E-4
149.0	32.28923117358141	20.080326782712493	19.502652919306353	28.12696778715319	8.213372465490146E-4
150.0	23.470640896152787	25.857072353319253	24.975036727573226	25.686920392985037	0.010329629969699753
