# Position (bp)	A	C	G	T	N
0.0	25.424246024533137	25.0516756091125	23.800549722620477	25.664162634639435	0.05936600909445368
1.0	28.385949317434207	18.377789331007843	18.232551114718554	34.998010323061216	0.005699913778181064
2.0	29.858223543340205	19.96568386521648	19.47723758414221	30.69413057192092	0.004724435380186417
3.0	33.58706048959657	18.966578799533806	19.65145997810252	27.790889136722303	0.004011596044806196
4.0	33.106812039955415	18.575531210770443	20.561843353349293	27.754789153962413	0.0010242419624346124
5.0	33.89699324825475	18.70721426621501	20.067278183754336	27.326342206633665	0.002172095142237893
6.0	27.718137507545997	19.2805122545158	17.848000612367716	35.148028389630234	0.0053212359402556395
7.0	28.20995574996331	21.47269921591043	19.106639269141255	31.18713687763892	0.02356888734607971
8.0	27.732928960524255	21.21940266518132	19.22654114386741	31.820443779303243	6.834511237685349E-4
9.0	32.83966989656836	18.710406837529252	19.4706806611006	28.9768254719536	0.0024171328481949325
10.0	30.10528263191618	21.42605939757101	21.863668973834773	26.592577037937698	0.012411958740340625
11.0	28.69392734871062	21.518135951716516	20.54523807757469	29.22643897040393	0.016259651594249053
12.0	29.71221473623692	20.153322013200537	19.805034599650032	30.32741288081762	0.002015770094896063
13.0	29.85894590405923	20.099755291470874	19.78248260432028	30.257408278071175	0.0014079220784431446
14.0	29.875961933709412	20.239830184393824	19.981550380013346	29.898292583252186	0.004364918631237353
15.0	30.053465555213187	20.223837785166403	19.982620972158173	29.739492576878355	5.831105838754792E-4
16.0	30.06268175160543	20.16915993465074	20.06372899294498	29.700885080696164	0.0035442401026803665
17.0	29.993683579148772	20.229239965788906	20.066615621497277	29.70843718956496	0.0020236440000812954
18.0	29.91593580559842	20.261718473953582	20.051739318357296	29.765600517664087	0.00500588442661053
19.0	29.90164390349621	20.260820014377355	19.99115165744963	29.84561723577668	7.671889001243005E-4
20.0	29.84764686874483	20.288520506930492	19.98325161216707	29.88002159327668	5.594188809247407E-4
21.0	29.87201825168112	20.238560783990696	20.021010053348416	29.867040238539722	0.0013706724400501594
22.0	29.847541167629473	20.13705357837459	20.033850829731524	29.98088488540791	6.69538856504403E-4
23.0	29.88410261384111	20.0593298125852	20.0838884284342	29.96969900838921	0.002980136750273124
24.0	29.889422038714265	20.092177158735	20.091637731102114	29.924245252551785	0.0025178188968290414
25.0	29.916648071787744	20.08317892405994	20.127889086522615	29.867170356599836	0.005113561029865007
26.0	29.912863505559283	20.10145535559626	20.104324142673676	29.88028765394398	0.001069342226799433
27.0	29.86457323373985	20.140081155406744	20.097287371767518	29.89705791481534	0.001000324270553051
28.0	29.840981312386848	20.148984809546366	20.159148940050073	29.84905844361718	0.0018264943995300491
29.0	29.812414658512754	20.153456160818312	20.112953708576775	29.91951468471167	0.0016607873804833637
30.0	29.802836915274543	20.141521731698507	20.117744023615693	29.936789972249183	0.0011073571620739834
31.0	29.85685379264238	20.111356645956437	20.124819110699402	29.905865089537752	0.001105361164023366
32.0	29.842011369522254	20.16608975399877	20.1289538812862	29.861668463565337	0.0012765316274371825
33.0	29.913322790000514	20.11276268043286	20.130267226796185	29.840778514587274	0.0028687881831666634
34.0	29.795205262341852	20.187924238311016	20.136851510792027	29.8780990739817	0.0019199145734010567
35.0	29.792408911333563	20.19609804977661	20.09500831965517	29.9137078675335	0.0027768517011599408
36.0	29.813036908636438	20.170072172045046	20.11825647619726	29.8968277423529	0.0018067007683571384
37.0	29.844402954234628	20.178212487169848	20.06256120783779	29.914454871060727	3.6847969701787116E-4
38.0	29.870120946968083	20.11936849221109	20.081710567818785	29.92790254698811	8.97446013930723E-4
39.0	29.848446495470533	20.168848211354195	20.082197976213678	29.899765627714743	7.416892468573421E-4
40.0	29.819643795652752	20.17106372403878	20.14035278347408	29.866627597611554	0.002312099222833678
41.0	29.819914821736848	20.15022129407829	20.08213901155921	29.94717643624823	5.4843637741929E-4
42.0	29.78633116402147	20.216896678708626	20.111622282912993	29.883044294827677	0.0021055795292351702
43.0	29.777513994441247	20.175074482506464	20.112050411176856	29.932811562235162	0.0025495496402671157
44.0	29.768001201540418	20.18449099103113	20.134197267434164	29.912694003633298	6.165363609910574E-4
45.0	29.76089882815035	20.18856209838903	20.14587103169837	29.900816655300773	0.0038513864614729107
46.0	29.79188410316648	20.144079714989243	20.193601562866025	29.86974925409969	6.853648785584259E-4
47.0	29.819855028278948	20.194269743143696	20.10362363860872	29.881399612279154	8.519776894825007E-4
48.0	29.812055665473796	20.151817881654445	20.097697424927723	29.93274117475902	0.005687853185016026
49.0	29.812086872111383	20.163719179536862	20.137862483461085	29.877682076030688	0.008649388859980936
50.0	29.80879555101727	20.18759273705474	20.12171803255438	29.880961424197533	9.322551760788419E-4
51.0	29.80038081503087	20.16370726775765	20.144756675564103	29.887461666899384	0.0036935747479948846
52.0	29.799756450846974	20.161100829187045	20.186717375796892	29.851883797826112	5.415463429765621E-4
53.0	29.821604568066682	20.168545876367627	20.11265013729553	29.894656285701704	0.0025431325684489373
54.0	29.759937825524652	20.197621756727976	20.140976541504997	29.900564223395527	8.996528468495568E-4
55.0	29.733034788996765	20.20126475730367	20.1392396446833	29.92381783180583	0.002642977210434034
56.0	29.747019470502618	20.195995470799158	20.13452653035278	29.921611354199527	8.471741459205186E-4
57.0	29.76982368892503	20.204781698810557	20.16811479500968	29.850645530033788	0.006634287220955157
58.0	29.785674067662725	20.19874164922323	20.13289265476503	29.879700217967986	0.0029914103810229483
59.0	29.816786502363936	20.189703087243487	20.13546356345157	29.857333356756953	7.134901840557331E-4
60.0	29.808878338935997	20.151591115960045	20.128566190155095	29.90689673987325	0.004067615075611085
61.0	29.793905280388337	20.19053029371699	20.16869327997711	29.845778737879524	0.0010924080380338898
62.0	29.80025583176154	20.172760166692157	20.154945842411514	29.86984867128089	0.0021894878538959222
63.0	29.806610438860055	20.20913165606471	20.111542981660406	29.869679570525392	0.0030353528894392543
64.0	29.800330941172675	20.164792363829964	20.148093217965634	29.88521612917613	0.001567347855596492
65.0	29.733516746169812	20.182550729980807	20.15994934257072	29.91570098452787	0.008282196750786772
66.0	29.747171656909483	20.192388926003236	20.13922528711238	29.89899166131921	0.022222468655688398
67.0	29.779065864171482	20.15814309621471	20.165875442577637	29.89471395899166	0.0022016380445118635
68.0	29.761537134834576	20.240987232583514	20.119596189129616	29.873207262782834	0.0046721806694609465
69.0	29.75952745854613	20.2141239496901	20.126547413950377	29.89595646489368	0.0038447129197075433
70.0	29.775005877030676	20.160441720319422	20.11926112376746	29.944848249923638	4.4302895880697266E-4
71.0	29.72295126351398	20.210772756413224	20.134582739891023	29.918927688450808	0.012765551730967346
72.0	29.769262369624204	20.161354694591008	20.180680278475453	29.882403634689208	0.006299022620122614
73.0	29.74983664915239	20.199426088552137	20.163672348790477	29.88146762529643	0.005597288208566193
74.0	29.764860071258507	20.184873785427104	20.15547763372169	29.89221340146801	0.002575108124683725
75.0	29.732818699833345	20.223631811133934	20.161750139075547	29.876557835926576	0.00524151403059198
76.0	29.716333895403878	20.216959932199284	20.153059950350798	29.912754090039158	8.921320068836445E-4
77.0	29.75242144339042	20.22516420984715	20.129015231531913	29.891930563516382	0.0014685517141348843
78.0	29.731956133176503	20.199265806373052	20.16066693516812	29.90610148925909	0.0020096360232372003
79.0	29.775145386723363	20.21316441420065	20.175592081300557	29.83349055851902	0.002607559256412066
80.0	29.801512720559515	20.19853533514162	20.122062143710476	29.877273361939398	6.164386489931718E-4
81.0	29.730219223648724	20.215726774361496	20.17570460972137	29.860321150802307	0.01802824146610788
82.0	29.699785204854173	20.202855296188165	20.195027196074555	29.89826182395498	0.004070478928124079
83.0	29.757984732932393	20.221943171636582	20.116724363447723	29.898684534739832	0.0046631972434700315
84.0	29.755489562459758	20.210497582593334	20.16287824842155	29.867121196621316	0.004013409904045905
85.0	29.750430136022132	20.21467413784906	20.174062140293316	29.859193424719738	0.0016401611157572105
86.0	29.70220292347014	20.24545397428625	20.15057318173495	29.901052983711295	7.169367973704571E-4
87.0	29.73222315869973	20.224172855496438	20.16639660660046	29.877018886926177	1.8849227720212837E-4
88.0	29.731580020275945	20.241272827179525	20.15068449112102	29.872212221882528	0.004250439540988962
89.0	29.68830405380803	20.238927201267213	20.163639746299296	29.908567782696384	5.612159290796163E-4
90.0	29.714087626881415	20.22758885580282	20.150840029917557	29.907283589783056	1.9989761515199527E-4
91.0	29.68167502238734	20.243729949699972	20.182895680646354	29.891471840580703	2.2750668564049787E-4
92.0	29.69699837656037	20.258808679101882	20.19692341284388	29.84689688244357	3.726490503038953E-4
93.0	29.700108135569657	20.287538775636328	20.205420748182455	29.806173488525232	7.588520863248305E-4
94.0	29.728714351856787	20.239035805597922	20.192995856541323	29.838912139040374	3.4184696359220443E-4
95.0	29.762852582939825	20.257836248065335	20.155591246943956	29.823428698959813	2.912230910720388E-4
96.0	29.723182400659926	20.254587877263365	20.18081902314111	29.841226989318898	1.837096166988127E-4
97.0	29.686437022711313	20.287387853772348	20.127209311007917	29.89820192695293	7.638855554918984E-4
98.0	29.68034483308625	20.296898217939923	20.177089498739292	29.84449145181058	0.0011759984239551914
99.0	29.701882860554395	20.28061011546513	20.1566697181542	29.860584983466836	2.5232235944218785E-4
100.0	29.685634964243796	20.247661765347285	20.1747851210326	29.88998334055119	0.0019348088251255348
101.0	29.696687180628313	20.25420211638755	20.197521565213716	29.848847986459443	0.0027411513109794846
102.0	29.678573193419496	20.237578377896824	20.20530502391096	29.877988347627937	5.550571447860472E-4
103.0	29.704027565961884	20.231189647004623	20.218541446176307	29.845944844147205	2.964967099853011E-4
104.0	29.65361053889107	20.306848059546407	20.187582227128665	29.851759867727484	1.9930670637695444E-4
105.0	29.701913600881134	20.274124283971236	20.196354751184636	29.827407577440145	1.997865228428024E-4
106.0	29.695418791519884	20.255668564848964	20.206824433702156	29.841631460033362	4.567498956326489E-4
107.0	29.67585614468317	20.233559810173734	20.223151757091006	29.866949830507732	4.8245754435237485E-4
108.0	29.650753573825096	20.284910991589168	20.239870539894905	29.824254878870466	2.1001582036820962E-4
109.0	29.711465419142346	20.254304830903337	20.183639242760833	29.850335754422293	2.54752771192684E-4
110.0	29.632266913993714	20.284323704525153	20.22521508506739	29.85779522543679	3.9907097695483947E-4
111.0	29.689144722627738	20.26527139269277	20.176017029743832	29.869225429256545	3.4142567911612577E-4
112.0	29.67677669801358	20.217435779475455	20.153626894963526	29.951640117035723	5.20510511718697E-4
113.0	29.65515403748479	20.237377866745923	20.23459356640405	29.872474219174872	4.003101903587542E-4
114.0	29.653561632169577	20.29684767422101	20.209990961785735	29.83928803219979	3.116996238860366E-4
115.0	29.684960650162633	20.258195447840045	20.26198121004813	29.78445184587695	0.010410846072237587
116.0	29.6419531370021	20.330260608903796	20.235504504376205	29.792008091077772	2.7365864012072235E-4
117.0	29.60732949656697	20.28021572645566	20.220514937625094	29.888512016954344	0.003427822397933068
118.0	29.600571293617655	20.32640013886041	20.223564971411882	29.84848280036223	9.807957478197517E-4
119.0	29.64504597671473	20.321069797694545	20.19002345560243	29.843630345279454	2.30424708844319E-4
120.0	29.634702737042435	20.301482275363778	20.247272231461153	29.816089838609845	4.5291752279143726E-4
121.0	29.66363734783675	20.324270715803237	20.252324606371907	29.75941715626546	3.501737226428603E-4
122.0	29.594748410116928	20.347454701172975	20.241806008341694	29.815786053322807	2.0482704559718869E-4
123.0	29.598895513184605	20.299082272271065	20.250829649684274	29.850954171634797	2.3839322526063758E-4
124.0	29.572648639020414	20.29491910652929	20.242262139197297	29.889817033681172	3.5308157182868064E-4
125.0	29.545162981640644	20.33342250372044	20.2289222106789	29.89185796302467	6.343409353500925E-4
126.0	29.602686401313832	20.328492040163983	20.2483208836025	29.82006240938236	4.3826553732233253E-4
127.0	29.628708762907152	20.31709692201586	20.24410901322877	29.801784519783254	0.008300782064969755
128.0	29.64720914618156	20.274030208288774	20.29766937528247	29.779895362743108	0.0011959075040871023
129.0	29.56130196503729	20.259555113082722	20.373525985116313	29.803490301292385	0.002126635471287231
130.0	29.57097014535371	20.21738886782948	20.446521981879254	29.76465496818794	4.6403674961491964E-4
131.0	29.48930029541853	20.230406899621453	20.453224942325832	29.825990603788004	0.0010772588461765765
132.0	29.428926928834592	20.29663984105154	20.45286019770894	29.819347928633583	0.0022251037713475834
133.0	29.36673404601775	20.326590337976274	20.45415203222608	29.85219126894119	3.323148387034404E-4
134.0	29.33468848859041	20.341398446439975	20.378217251669838	29.94495909629785	7.367170019246684E-4
135.0	29.396088351732168	20.265558353468446	20.395080802914936	29.94028972333834	0.0029827685461091278
136.0	29.520992384927187	20.250494818003556	20.456600923916955	29.770772049128553	0.0011398240237507306
137.0	29.88137838493406	20.086794661899194	20.351226290994774	29.680111105000144	4.895571718251586E-4
138.0	29.92133976362404	20.096348831451387	20.454516499454854	29.526578442808066	0.0012164626616571429
139.0	28.86182953822131	20.87832326545469	21.71598350234479	28.53760011189342	0.006263582085793245
140.0	26.464267083057997	22.042309577451487	21.540925544181196	29.933911841281752	0.018585954027571214
141.0	28.77058465296515	19.738215368204493	19.028007895393237	32.462716775223505	4.753082136111161E-4
142.0	31.367226349147355	19.533077193509463	21.44810320851583	27.65080048548282	7.927633445396048E-4
143.0	30.883966368380705	19.399259691643728	21.627485404237312	28.079465033544142	0.00982350219411432
144.0	34.4345543639026	18.29278288895803	19.512030156864654	27.755727036922888	0.004905553351825008
145.0	27.04192917559276	20.453472633147797	18.966643039544838	33.537700026264076	2.5512545052385757E-4
146.0	27.47202168545964	20.824164594678475	18.84848583843711	32.85509083614833	2.3704527644459176E-4
147.0	27.4066777839704	19.9793674289612	19.271822288692917	33.33883682326205	0.0032956751134304977
148.0	30.20799831227154	19.792908655938962	20.257734913755403	29.741099561395025	2.5855663907396E-4
149.0	34.21029920912729	18.743257707435422	19.017727958889964	28.026852903417222	0.0018622211300986513
150.0	24.943549822124623	24.378659479385004	25.227920008604965	25.401485571236716	0.04838511864869385
