# Position (bp)	A	C	G	T	N
0.0	22.977384535409687	28.022867723430352	27.766115203650504	21.229853761363138	0.0037787761463223823
1.0	27.34214485832529	18.646315068657536	18.725516153880918	35.27800678800791	0.00801713112834993
2.0	29.5892716861073	20.733090573930742	18.892131118625336	30.780893071161337	0.004613550175289418
3.0	34.06206058398079	19.068025256936334	20.148535494065474	26.717867789061483	0.003510875955918663
4.0	33.90457962145155	18.379897575936745	21.24859931385427	26.464104338038013	0.002819150719416786
5.0	35.01307055666984	18.62371804101863	20.45562398979503	25.906193152204555	0.0013942603119492672
6.0	26.842453741087883	19.038950394073346	17.397104758971388	36.71921146829936	0.0022796375680218524
7.0	26.996754376530284	22.964614479403263	18.735915069689167	31.300716820933953	0.001999253443334451
8.0	26.509730502393463	22.218867588651463	18.947619419687165	32.32178488083507	0.0019976084328407837
9.0	33.54094109228801	18.81204229437483	19.594348756779045	28.04973692349052	0.002930933067595402
10.0	29.12060444873542	22.91778913472798	22.906452943698262	25.052729699255146	0.0024237735831907263
11.0	27.584861559364672	22.80759531428978	20.957396417151262	28.647698822061567	0.0024478871327191405
12.0	29.215154188933468	20.688362641514953	20.122252373738213	29.97281823176241	0.0014125640509511854
13.0	29.365183018364615	20.6261941488785	20.197145186820478	29.810065720104866	0.0014119258315360695
14.0	29.359612764496756	20.814412354598925	20.45920453004649	29.36122574170489	0.005544609152939978
15.0	29.65253519515861	20.793850414088848	20.3407636043188	29.212044626972382	8.061594613645559E-4
16.0	29.71091196700598	20.726760973430356	20.484760841966033	29.075551438690656	0.002014778906977406
17.0	29.713802319038347	20.79523553559312	20.490218169870626	28.999334072693078	0.0014099028048253923
18.0	29.674716635217347	20.735961887301446	20.537902910578474	29.03062854087996	0.020790026022769862
19.0	29.501700136358156	20.79810412086481	20.403850639630225	29.29528825822647	0.0010568449203377979
20.0	29.408427801395316	20.908729802349747	20.352373858314383	29.32958806868566	8.804692548940883E-4
21.0	29.343619341572065	20.825796475668106	20.365637361620276	29.46313596323556	0.0018108579039923382
22.0	29.37475168602049	20.64901101885426	20.35038045473519	29.62497674020951	8.801001805462656E-4
23.0	29.44004203518687	20.545904334752944	20.479281580442578	29.53371614181345	0.0010559078041642992
24.0	29.437545543596045	20.598336337524454	20.54959730600596	29.41291209806323	0.001608714810306131
25.0	29.48105442783794	20.56086533652674	20.50235861503934	29.454992799752706	7.288208432708475E-4
26.0	29.46187183557305	20.609630487153076	20.428154551560702	29.498584150984357	0.001758974728810071
27.0	29.45264504562087	20.624687829443573	20.419898919550693	29.50173810535964	0.0010301000252248883
28.0	29.404184060897435	20.598026591129358	20.517965818295455	29.478718203664357	0.0011053260133955464
29.0	29.400053902790614	20.598928826463908	20.50255184250338	29.494873583387694	0.0035918448544059504
30.0	29.36476252706938	20.65154152059644	20.493923117021197	29.488839734363815	9.331009491654169E-4
31.0	29.395366029958897	20.602418637152525	20.44420589177276	29.55689544514899	0.0011139959668282383
32.0	29.390900749077954	20.63505135771967	20.517161180121857	29.45543786872453	0.0014488443559886838
33.0	29.48508349445582	20.515222757368928	20.545031268311305	29.45080881106917	0.0038536687947765685
34.0	29.3061728977087	20.640969404539973	20.5524974557589	29.497798065659353	0.0025621763330747243
35.0	29.33919843345732	20.66017114118569	20.43998543588767	29.55935840710811	0.0012865823612131441
36.0	29.38014265040314	20.626266280752535	20.47834401488526	29.51013024602026	0.005116807938805044
37.0	29.39641258328729	20.60972536509114	20.40767915736999	29.585352389608417	8.30504643169787E-4
38.0	29.399425049921714	20.469453072808154	20.463588363060463	29.666360572260132	0.0011729419495389948
39.0	29.415590110651063	20.540989851204227	20.432079776629624	29.610397770485108	9.424910299725239E-4
40.0	29.328944274877017	20.549819249827614	20.585637922138307	29.53438881826258	0.0012097348944874486
41.0	29.387635642850896	20.56694425888109	20.448289370006464	29.595757163207793	0.0013735650537579022
42.0	29.31866797633887	20.671541321803126	20.529377146856813	29.47895423629607	0.0014593187051226333
43.0	29.415191913182976	20.487806048161733	20.45017261538765	29.64307141050479	0.0037580127628510044
44.0	29.346317788416105	20.53369987092829	20.506525470445094	29.612198548217695	0.0012583219928179266
45.0	29.340916199662903	20.539093170444787	20.571286106448618	29.544078637902622	0.0046258855410685855
46.0	29.380772279763768	20.501343656767432	20.580968762209228	29.53572646358077	0.0011888376788052398
47.0	29.427784779563193	20.624509192636985	20.41894352875327	29.527323837989393	0.0014386610571552893
48.0	29.326793000370927	20.58301149876721	20.485479260762364	29.59806135585084	0.006654884248652659
49.0	29.394633642365232	20.560779165970132	20.521946928361785	29.521187822517213	0.0014524407856334424
50.0	29.403542588857302	20.544977660900035	20.48715071492004	29.56273191014794	0.0015971251746855657
51.0	29.420565847481733	20.448409944446844	20.49810782780403	29.6277141519427	0.005202228324694314
52.0	29.367801293883222	20.510685130798105	20.583926951711007	29.536724627993276	8.619956143887645E-4
53.0	29.405923553282587	20.504555934673498	20.508607268707944	29.57965593277356	0.0012573105624145728
54.0	29.367069057988715	20.538524827235687	20.528163180492022	29.563884185431355	0.0023587488522159605
55.0	29.296805983073398	20.61770299249632	20.521656126819117	29.56174630870134	0.0020885889098186824
56.0	29.320544789689734	20.50447797607396	20.568080271657262	29.605506903487345	0.0013900590916956735
57.0	29.3950013544533	20.46330857297652	20.5703816706825	29.56979711715308	0.0015112847345984403
58.0	29.395205706992115	20.547309899497616	20.517471328745092	29.538149945553926	0.0018631192112527816
59.0	29.408530655467267	20.54880886346773	20.5246907799477	29.517018808935504	9.508921817932962E-4
60.0	29.428734055665227	20.52945257361514	20.484177687273064	29.55546318410194	0.0021724993446293646
61.0	29.374851287165104	20.609669472345747	20.517172637362606	29.497491139845838	8.154632807077989E-4
62.0	29.4091877961067	20.53018161650136	20.538585856337864	29.520931974560042	0.0011127564940322575
63.0	29.47225633625407	20.550754073048555	20.448583733598642	29.5249314766794	0.0034743804193341616
64.0	29.36048241613099	20.526075655388794	20.556630808773	29.555952496210953	8.58623496261583E-4
65.0	29.397105381641293	20.560014912608775	20.514365892529167	29.52705471212233	0.001459101098435129
66.0	29.281860961093187	20.541622110594908	20.533924019541768	29.605660043912067	0.036932864858064574
67.0	29.329376561338556	20.573376396221963	20.551953422658997	29.541888843391433	0.003404776389050842
68.0	29.308379594005213	20.59304782187169	20.518705454814356	29.576321243884486	0.0035458854242591295
69.0	29.408961612687847	20.536343098607006	20.510794240226343	29.54323031472657	6.707337522370495E-4
70.0	29.362506073649442	20.488628165046208	20.51433381268129	29.633857098685144	6.748499379138057E-4
71.0	29.308230924708827	20.53258452492811	20.563884337623115	29.575236230243153	0.020063982496799023
72.0	29.347633296462067	20.47849398737431	20.63057631311564	29.542550901451214	7.455015967712326E-4
73.0	29.335065144598843	20.525965756288002	20.546039591731958	29.584831184359416	0.008098323021781362
74.0	29.351489001697374	20.522884004251456	20.52540189464958	29.60003625762173	1.8884177985895408E-4
75.0	29.321054552921584	20.480731935476513	20.621303500219287	29.576244546355664	6.654650269608402E-4
76.0	29.23282871475435	20.57927957826481	20.555378272468506	29.632098592088635	4.1484242370090505E-4
77.0	29.342520833842155	20.472696515545525	20.5469630730351	29.637401808106272	4.177694709495964E-4
78.0	29.22924173759794	20.583757388663017	20.594925968502015	29.59184829637073	2.2660886629850282E-4
79.0	29.36346723582154	20.52313115617464	20.523392036940717	29.589911740775825	9.783028727863858E-5
80.0	29.403565771198814	20.4820405350924	20.526529709667063	29.58773255368848	1.314303532486462E-4
81.0	29.308473008992586	20.47187895777141	20.609920725341922	29.582900572833594	0.02682673506048932
82.0	29.29384757454577	20.52833897666791	20.591238063696345	29.5704833681326	0.016092016957380193
83.0	29.33554447069216	20.577346547639607	20.42861322164531	29.658327433488296	1.6832653462459983E-4
84.0	29.364322768136013	20.4931217577881	20.5138651239849	29.628147152285507	5.431978054808659E-4
85.0	29.349238894321772	20.559098342468793	20.55464703159198	29.536707563941366	3.081676760870101E-4
86.0	29.332717093975464	20.516487338940973	20.571271846876954	29.579351007382094	1.727128245144438E-4
87.0	29.382075511166022	20.486280585592244	20.56803507529083	29.5633996480199	2.0917993099851345E-4
88.0	29.3712546090015	20.550332108488657	20.57686278608005	29.494689114294086	0.006861382135705472
89.0	29.291439889683552	20.548747608495958	20.502320638084893	29.65738529838653	1.0656534906900959E-4
90.0	29.25646514995445	20.55533610097255	20.554618538303316	29.633257307568527	3.2290320115470187E-4
91.0	29.30118048880906	20.512025966984584	20.584655820028733	29.601847784644512	2.8993953311036983E-4
92.0	29.25486320317903	20.517581673680386	20.67791792190742	29.549270885838542	3.663153946242483E-4
93.0	29.36450425985465	20.47018546076746	20.628034653507505	29.53683129316739	4.443327029980238E-4
94.0	29.302317745042426	20.48986957653089	20.602228075397385	29.605472281970783	1.1232105851365543E-4
95.0	29.310114316251862	20.48655705567572	20.655098062460162	29.54777607300969	4.5449260256477756E-4
96.0	29.256837625016814	20.44084559022193	20.709993182207516	29.591978688937353	3.4491361638477647E-4
97.0	29.26286996719333	20.522207146719293	20.654706078116963	29.55990650602335	3.1030194706714234E-4
98.0	29.233763198875163	20.512068244345862	20.656011342637594	29.595093759389197	0.003063454752184184
99.0	29.277523738608014	20.477453095565398	20.64534965123975	29.599593961610914	7.955297591772313E-5
100.0	29.244196170875565	20.484034028062187	20.63979174258377	29.626536212862426	0.005441845616049172
101.0	29.291616498731806	20.551973980518085	20.59991449994319	29.55608632072657	4.087000803504358E-4
102.0	29.228620874660326	20.4714448836625	20.69115065455652	29.60849335492661	2.9023219404758645E-4
103.0	29.2040215379438	20.427603903752313	20.679665152279995	29.68854114083796	1.6826518593303044E-4
104.0	29.177896595526935	20.50521652441853	20.744024254083566	29.572691774438393	1.7085153258096012E-4
105.0	29.22954825921767	20.537091967529232	20.713738980715057	29.519447226325134	1.7356621290673074E-4
106.0	29.219744836582397	20.450040827382004	20.730384439098827	29.59943287215229	3.9702478449274133E-4
107.0	29.2043981719296	20.471221170587754	20.744749815725946	29.579451390455976	1.7945130073032192E-4
108.0	29.22831588688364	20.49901913653884	20.766228530914432	29.506299485440447	1.3696022264253794E-4
109.0	29.22380735167136	20.45998047998408	20.714791550130126	29.60118812636211	2.3249185232303534E-4
110.0	29.16491361730838	20.46386633614579	20.780125916323637	29.59076247223549	3.3165798670335754E-4
111.0	29.240154037195055	20.46399597995777	20.71462048772003	29.580697999159273	5.314959678783164E-4
112.0	29.10409418317515	20.464209920080787	20.75670792801748	29.67488935173132	9.861699525849487E-5
113.0	29.168603798978804	20.45364910394933	20.730027305380535	29.647417573865813	3.0221782551252365E-4
114.0	29.120675414873876	20.50219460401352	20.7998718870299	29.576743170569443	5.149235132613401E-4
115.0	29.209511161702395	20.4311853116634	20.751227892662154	29.592476654229642	0.015598979742406037
116.0	29.1121552075434	20.470221212309305	20.811660536123426	29.60569317418209	2.6986984177531173E-4
117.0	29.125216649054273	20.461634780760292	20.859754230987885	29.544869534506912	0.008524804690635391
118.0	29.099225557456048	20.533492239952782	20.820478503581363	29.5464628602169	3.408387929080536E-4
119.0	29.174729805742842	20.42401646253028	20.723138721817467	29.677706133554203	4.088763552060766E-4
120.0	29.016608260250177	20.56893660248974	20.786412844202136	29.627681635940682	3.606571172676617E-4
121.0	29.06391337718823	20.520881665503083	20.797044843374344	29.61791232283711	2.477910972375629E-4
122.0	29.0754005859957	20.4780686441144	20.91852460043713	29.52768644242292	3.197270298509944E-4
123.0	29.038320134998596	20.463502240278462	20.919757298758455	29.57822195419993	1.9837176455652007E-4
124.0	28.946870941758583	20.544975588907334	20.883950049041363	29.62365547208478	5.47948207935386E-4
125.0	29.051016658718375	20.48335087643238	20.884911347530334	29.58065004466916	7.107264975184984E-5
126.0	29.0289512738797	20.509492754051642	20.911035363539074	29.55000325195561	5.173565739760775E-4
127.0	29.150031729602176	20.481458206260896	20.91396656993759	29.444223672131553	0.010319822067784288
128.0	29.100963692779985	20.526841245310855	21.005107676317003	29.366846040042443	2.4134554970873615E-4
129.0	29.123659434120462	20.41603783203943	20.967221389393785	29.492744280659533	3.370637867936723E-4
130.0	28.979777596952694	20.516366785285168	21.031688759694383	29.47207831477318	8.85432945720304E-5
131.0	28.94914494600765	20.52335000023343	21.02755874265279	29.49966619513812	2.8011596801075646E-4
132.0	28.946286951676832	20.556216337965836	20.7890598141994	29.69628596379615	0.012150932361785613
133.0	29.297047203597266	20.316586965375073	20.638925858905623	29.74691516115895	5.248109630910946E-4
134.0	29.31359975605819	20.470036411902925	20.811958529891843	29.404293196534592	1.1210561245538197E-4
135.0	29.07005457937981	20.533097557479397	20.82894164668073	29.567183470313807	7.227461462573193E-4
136.0	28.923014365977277	20.606699604717328	20.615561860500275	29.854463514223266	2.606545818514034E-4
137.0	28.246465145532788	21.08745313008009	20.56824586884515	30.097409926697644	4.2592884432726674E-4
138.0	28.65513432094213	21.086348842260197	20.915723042451763	29.342168791416213	6.250029297012329E-4
139.0	28.417633927019075	21.420151469841645	21.938090701086992	28.223602311688495	5.215903637918924E-4
140.0	27.618946711637737	22.110775593973248	22.253419429777832	27.994098037715265	0.02276022689591709
141.0	28.297397233419787	21.409563381455936	20.97265191067087	29.320162146206485	2.2532824692370613E-4
142.0	28.54596269001684	21.624859861747968	23.063435472644482	26.765741975590707	0.0
143.0	30.30277544154752	19.7302193181083	22.131720256194605	27.83431455004205	9.704341075240992E-4
144.0	32.823902058711276	19.123734712984135	19.948067368888047	28.099728919494638	0.004566939921905327
145.0	27.187596654360718	20.85595456669233	19.419053823728767	32.53739495521818	0.0
146.0	27.36355755145967	21.22360584731998	19.425631350457216	31.987205250763136	0.0
147.0	27.539021241638306	20.59416232165909	20.022465505390045	31.84267440105957	0.0016765302529884152
148.0	30.024473713606774	19.87109833829239	20.74443417654247	29.359655269295477	3.385022628876274E-4
149.0	32.24728887370848	20.1011015284775	19.817607377679106	27.833319101699256	6.831184356587823E-4
150.0	23.668791449359347	25.570006939525964	25.27310969458932	25.47771839832879	0.010373518196581746
