# Position (bp)	A	C	G	T	N
0.0	25.728304727726826	24.454531652172935	24.644558269624117	25.117332782066537	0.055272568409582286
1.0	28.799022913932127	18.672370755468794	19.101863139972824	33.42127296940404	0.005470221222208678
2.0	29.93292156784945	19.91219794346016	19.115428525682752	31.034970513995457	0.0044814490121808945
3.0	32.87301385435931	19.125996249932367	19.74905707556404	28.248320227929273	0.0036125922150137334
4.0	32.900233262404996	18.716453475162837	20.402229466992424	27.980013112468598	0.0010706829711497753
5.0	33.5522953468624	18.896844512895235	19.897509068564872	27.651538660808704	0.0018124108687871282
6.0	28.276314313029623	19.117735973886564	18.036382884184814	34.565080241990806	0.004486586908193493
7.0	28.480220509647296	21.496825486115018	18.938681067296695	31.06350902852	0.02076390842099342
8.0	28.19293073239752	21.079194588707136	19.09567224321647	31.63145157661968	7.508590591984776E-4
9.0	32.52839770876094	18.94585872160014	19.484445006167007	29.03896548473567	0.0023330787362410314
10.0	29.888257268650698	21.43360674903647	21.50389923703967	27.163656512341355	0.010580232931810676
11.0	28.782779077329053	21.403095729484907	20.31986453912178	29.48002477124369	0.014235882820573604
12.0	29.788621607318237	20.10227550364766	19.77602140039652	30.33130868533855	0.0017728032990284933
13.0	29.959282557239174	20.04206286271151	19.774507317448514	30.222827989067806	0.001319273532989869
14.0	29.950408341976797	20.15078632256737	19.948974950019455	29.94569807084379	0.004132314592587234
15.0	30.13391243727473	20.15371432879201	19.899988878696433	29.811803658983514	5.806962533149322E-4
16.0	30.16623914418441	20.081303364482626	19.975709482352702	29.77361864916983	0.003129359810433321
17.0	30.148683577167056	20.116360450688227	20.024208778742032	29.70894208221694	0.0018051111857488949
18.0	30.120933377586862	20.092862314136863	20.04320908069262	29.73739220006969	0.005603027513967115
19.0	30.05499176684698	20.132792154708824	19.937063353608842	29.874419535124574	7.331897107769674E-4
20.0	29.948137091019866	20.217126739460504	19.915996094432767	29.91817190123739	5.681738494756159E-4
21.0	29.906079638704725	20.19734116407285	19.93288450921947	29.962239301222688	0.001455386780266692
22.0	29.89123776903226	20.089215414227425	19.9296620484938	30.089293985353322	5.907828931945799E-4
23.0	29.96471893700147	20.002750612926594	19.992101335235027	30.037934973516307	0.002494141320599928
24.0	29.97775362856872	20.03574326240902	20.01274839216002	29.9714762846564	0.0022784322058362425
25.0	29.984780741943272	20.02135889817621	20.05527453530335	29.934154317896226	0.004431506680940677
26.0	29.977496474446657	20.042560855011768	20.02705450034076	29.951895449693566	9.927205072506088E-4
27.0	29.910237000389223	20.077768295686234	20.03275132183904	29.978368429824425	8.749522610783803E-4
28.0	29.92110665305892	20.079262651049543	20.06325392336425	29.934916205049145	0.001460567478141813
29.0	29.885061688363475	20.0900687887002	20.04323300644758	29.979914267155923	0.0017222493328254722
30.0	29.877013135899418	20.067916701075543	20.055238426423198	29.998770780396672	0.0010609562051718453
31.0	29.920476341986397	20.043795845328123	20.04050457438663	29.994206906022008	0.0010163322768404401
32.0	29.9148144039799	20.08063218512125	20.059417047927635	29.943899106068137	0.0012372569030763185
33.0	29.963711701069833	20.05713197293713	20.05335864160562	29.923128481258026	0.0026692031293902877
34.0	29.86601397027064	20.10681508123051	20.0610537261675	29.96437931331899	0.001737909012357055
35.0	29.859516550743887	20.11197454162707	20.025613531825893	30.000694212911867	0.002201162891287489
36.0	29.88981896578184	20.08389101914166	20.05338895369382	29.97101377887521	0.0018872825074728596
37.0	29.91405962239388	20.088181937298515	20.008896625114534	29.988468884784602	3.929304084666293E-4
38.0	29.91911454071267	20.021249998216735	20.03768394216666	30.02107849470656	8.730241973775284E-4
39.0	29.924977276393054	20.073937686142994	20.016851968680783	29.983549091012197	6.839777709711626E-4
40.0	29.866249189885004	20.089764178011784	20.08257527670296	29.959341799593158	0.0020695558070917787
41.0	29.892996928207182	20.061127472582786	20.012681227597948	30.03254917154828	6.452000638076305E-4
42.0	29.859478762140352	20.126251600381114	20.04831911313553	29.964096144936292	0.0018543794067157413
43.0	29.86192389183379	20.080909400279428	20.04389687158871	30.01086430456745	0.0024055317306200777
44.0	29.852128175037336	20.093976700822545	20.07613443813589	29.97713734802241	6.233379818186163E-4
45.0	29.852105979068007	20.08861741281782	20.08104857485187	29.974542228490897	0.0036858047714099697
46.0	29.874570254353245	20.045779221308155	20.109329136762362	29.969676066251534	6.4532132470486E-4
47.0	29.889765951355603	20.09298961414452	20.043130429951507	29.973202313684315	9.116908640520832E-4
48.0	29.863303647903834	20.076795381945082	20.05507910458425	29.99953188086058	0.00528998470625365
49.0	29.878339385585654	20.084624546543232	20.063947137738253	29.965273746103605	0.00781518402925709
50.0	29.886494517398322	20.098138017252843	20.061158006812104	29.95326047481522	9.489837215102785E-4
51.0	29.884547822434826	20.066864413173953	20.0628971825311	29.98204848154447	0.0036421003156470923
52.0	29.870244814091855	20.0838374399554	20.106129540983915	29.939232628583618	5.555763852096896E-4
53.0	29.89348493851958	20.085891848989153	20.032954322513948	29.985441093685722	0.00222779629159484
54.0	29.84466945354492	20.08915088776621	20.076826460232883	29.988428624355883	9.245741001042025E-4
55.0	29.821174013494474	20.109679200530923	20.069619598341202	29.997080602081404	0.0024465855519997
56.0	29.83223526839679	20.100444948219735	20.06979527755649	29.996715075519443	8.094303075395578E-4
57.0	29.85503158242094	20.09501225271316	20.09929242087759	29.94488421600337	0.005779527984941224
58.0	29.866577184570065	20.10500198745224	20.05037966403904	29.975264144600423	0.002777019338229932
59.0	29.888384065545175	20.098199394375484	20.05187260140107	29.960824553151227	7.193855270422742E-4
60.0	29.877228052397342	20.072718197823086	20.07079888479226	29.975516220219323	0.0037386447679879174
61.0	29.881021499160266	20.115728153144552	20.071996351722984	29.930320630203312	9.33365768889302E-4
62.0	29.885671164142092	20.07039510997154	20.072253343981057	29.96989792694228	0.0017824549630300391
63.0	29.909982084606636	20.107933308759122	20.034091764864424	29.94520512200568	0.0027877197641404112
64.0	29.86909932002756	20.08009007273213	20.06862205030361	29.980827691564066	0.0013608653726349044
65.0	29.8445062535312	20.087229016939766	20.06139593446865	29.99969727245469	0.007171522605698136
66.0	29.81900100578107	20.09814676776148	20.061686663205908	29.999547742952803	0.021617820298740573
67.0	29.85771231576611	20.07762405081144	20.07772246958047	29.98476761034975	0.0021735534922273777
68.0	29.83466321713347	20.149715532729438	20.035990156430373	29.97542752690504	0.004203566801674063
69.0	29.837815617176023	20.118325440958788	20.049743566413703	29.99110484001904	0.0030105354324431325
70.0	29.854362695959978	20.06663116074211	20.028434986055984	30.05010401824396	4.671389979650047E-4
71.0	29.80488642639588	20.10777660448021	20.061690352032226	30.013593574608123	0.012053042483563516
72.0	29.830737947185927	20.08237508044316	20.094027550857223	29.987478111093512	0.005381310420173967
73.0	29.81581663824952	20.1164276022316	20.084642517078095	29.977823063962695	0.005290178478094708
74.0	29.86173166336119	20.093519001133604	20.060855091568566	29.981715405561577	0.002178838375058993
75.0	29.818303316126443	20.12412281124096	20.077595513916524	29.975330392638465	0.004647966077605585
76.0	29.820412125054364	20.108134082496136	20.067035551073996	30.003660916289327	7.573250861768573E-4
77.0	29.826189700331028	20.13028179996733	20.062023024772273	29.980370023198784	0.001135451730578919
78.0	29.815550468745244	20.11040951048199	20.074742322484326	29.997620815783794	0.0016768825046493197
79.0	29.851958713964187	20.121816886629055	20.085187480345024	29.93892583299064	0.002111086071093643
80.0	29.883807254232835	20.08920737581955	20.039387435722073	29.98707218923455	5.25744990994764E-4
81.0	29.816421912187185	20.13107804585668	20.0823674507241	29.953134092025813	0.01699849920622107
82.0	29.809128333023725	20.099723848049887	20.08845665440249	29.99832083810453	0.004370326419368344
83.0	29.827519021480665	20.134672420179704	20.047088414338013	29.986770566672426	0.003949577329196766
84.0	29.836404952785117	20.129265756729637	20.06641816874301	29.96474687488805	0.00316424685418802
85.0	29.833580439714463	20.127017432619564	20.068254969053868	29.969813951365577	0.0013332072465248022
86.0	29.796812600665724	20.137397297416868	20.062319995339315	30.002907670722717	5.624358553733869E-4
87.0	29.799100729468925	20.124480992381123	20.083880157667046	29.992300883957352	2.3723652555404656E-4
88.0	29.81000228278935	20.153378632210565	20.066356319627587	29.966303040444913	0.003959724927583909
89.0	29.776968080345252	20.140997038240442	20.081972145375484	29.99956614936532	4.965866735046003E-4
90.0	29.812693248595235	20.140447544589613	20.05618178239082	29.990480715705004	1.9670871932841446E-4
91.0	29.77890845237694	20.141348621634297	20.08285856854219	29.99663732401156	2.4703343501573114E-4
92.0	29.777084373715695	20.15422142706482	20.097281936956474	29.971080742036378	3.3152022663720816E-4
93.0	29.78888297761671	20.1782602475351	20.09500652094908	29.93716387583678	6.863780623275609E-4
94.0	29.807648125096176	20.14700705066524	20.085432750438923	29.95954992476354	3.621490361251014E-4
95.0	29.834028388741924	20.165519391153147	20.065263182840894	29.934917525391892	2.715118721443042E-4
96.0	29.79985040786175	20.148475832844536	20.081953768905844	29.969523419645622	1.9657074224841765E-4
97.0	29.777984036158344	20.182842484382192	20.045875008108585	29.99262211554367	6.763558072081408E-4
98.0	29.774695908630065	20.19161617560487	20.079269311873194	29.953264988900536	0.001153614991335644
99.0	29.7762502440657	20.182930836274068	20.06633420121144	29.97422455150676	2.601669420312394E-4
100.0	29.767057244138005	20.157194058607097	20.083894401337652	29.989947256584315	0.0019070393329326059
101.0	29.77735357196527	20.168903997433045	20.088732393592785	29.962480421563527	0.002529615445370648
102.0	29.756608199003566	20.151437838366633	20.110586751347462	29.98089350098296	4.737102993817879E-4
103.0	29.787734535818483	20.1537835256708	20.113589107876408	29.94465522272049	2.376079138244355E-4
104.0	29.73890389797333	20.19681034893445	20.095397854857524	29.968721584627183	1.6631360751696113E-4
105.0	29.785114760230435	20.17863090120703	20.10306317736101	29.93299649459201	1.9466660951502208E-4
106.0	29.772981849038732	20.16781017735049	20.104005964137052	29.954766752465616	4.352570081028486E-4
107.0	29.76539641977619	20.151340955772596	20.126161938050995	29.95668268447554	4.180019246749335E-4
108.0	29.732352137180058	20.190988715235818	20.13357251321855	29.942875091136756	2.1154322882136834E-4
109.0	29.78595190422696	20.16049906762554	20.09307252369462	29.96021165202659	2.648524262942934E-4
110.0	29.712317248950022	20.18542295450341	20.122663499652234	29.97921175527153	3.845416228041024E-4
111.0	29.761789608539214	20.16533081060214	20.086018091147313	29.9865625819336	2.989077777373979E-4
112.0	29.75842441562596	20.149096610852013	20.0605556794835	30.031482886335652	4.404077028749948E-4
113.0	29.743069118418187	20.144073512614213	20.1328676002209	29.979599219266824	3.905494798757283E-4
114.0	29.752112565016798	20.199453826495944	20.11083554957086	29.937280718464898	3.173404514963185E-4
115.0	29.776056537126337	20.158349722974897	20.152336947496153	29.903888450774442	0.009368341628175183
116.0	29.72023165087641	20.22570887877701	20.13749543760098	29.916311796294	2.522364516099964E-4
117.0	29.702936963379244	20.178644918076547	20.12503671576262	29.990115202554087	0.003266200227505341
118.0	29.693700148832182	20.20910213635185	20.137783725289115	29.95856634631443	8.476432124242383E-4
119.0	29.730944150590183	20.209812929762343	20.08734329326768	29.971658184125268	2.414422545285805E-4
120.0	29.704091583564885	20.208328606116744	20.145097747894408	29.942065774203353	4.1628822060883503E-4
121.0	29.728105119965175	20.216254792810254	20.15681916813709	29.89850307103027	3.17848057209668E-4
122.0	29.697373723111088	20.226774493629364	20.14286594535835	29.932782941374015	2.0289652718364335E-4
123.0	29.692403970714015	20.195033160316537	20.165956734745492	29.946335186713192	2.7094751076269766E-4
124.0	29.66132967580679	20.17344058550928	20.146670833851154	30.018257050066303	3.0185476647145006E-4
125.0	29.659114763449452	20.217819404495444	20.123073010114364	29.999396644241344	5.961776993969154E-4
126.0	29.670381418901513	20.218871169868148	20.164934526713516	29.945434473085207	3.7841143161313574E-4
127.0	29.736597623176554	20.178711426461405	20.14318435440022	29.93419409108993	0.007312504871903593
128.0	29.772529340223823	20.133147400688685	20.21282503128325	29.88030485038258	0.0011933774216626473
129.0	29.687434875716374	20.1435277097457	20.275411514485466	29.891715334207557	0.0019105658449036318
130.0	29.642928621906282	20.116382269302882	20.30755962190889	29.932679250363126	4.5023651881850114E-4
131.0	29.559957805403776	20.14831670291309	20.2632576250963	30.02744261328839	0.0010252532984455257
132.0	29.456710101718013	20.23737074286911	20.234168035919815	30.069477567576552	0.0022735519165066223
133.0	29.44346530362004	20.223351486500967	20.2816972664522	30.051161742844513	3.2420058228076556E-4
134.0	29.454338606840917	20.20715487198176	20.240200642801437	30.097722961765687	5.829166101901374E-4
135.0	29.498385161829795	20.14500613171644	20.282915562388027	30.070869053047893	0.002824091017848255
136.0	29.598522268075566	20.1784378053084	20.31577305003157	29.906119204965147	0.0011476716193164862
137.0	29.869137065048477	20.06102420581372	20.2184872899069	29.85087370439945	4.777348314508371E-4
138.0	29.954823778302185	20.031042326790413	20.33424266149458	29.67877871134454	0.00111252206828174
139.0	29.181268393828475	20.60377307786532	21.47923145461681	28.7299123559393	0.005814717750092446
140.0	27.158785217421688	21.583082835284902	21.448038837785948	29.792888010514563	0.017205098992903272
141.0	28.899436537099444	19.71459664186789	19.268431036588357	32.117097322021976	4.3846242233035816E-4
142.0	31.17592896712218	19.404453774547925	21.206004312425094	28.2127742050347	8.387408701002672E-4
143.0	30.778722782055873	19.228962028729168	21.522851413764933	28.460173296886015	0.009290478564009016
144.0	33.78600527567921	18.48218816210326	19.332377516736898	28.395551573168547	0.0038774723120827523
145.0	27.533327620389198	20.226675788031248	19.120284573208558	33.119481184943176	2.3083342782847784E-4
146.0	27.86211639716859	20.581661290519687	18.95750435201356	32.59845229663579	2.6566366236486355E-4
147.0	28.001423554114247	19.99438192754987	19.390835908283208	32.610300367154096	0.003058242898579437
148.0	30.48087484751449	19.48480630336516	20.155831209124393	29.878213816406625	2.7382358933212924E-4
149.0	32.61406761530967	19.627457116071596	19.22922880055192	28.527383044416837	0.0018634236499766698
150.0	24.601140968907647	24.957960693728957	24.401644790841654	25.991200640537738	0.04805290598400272
