# Position (bp)	A	C	G	T	N
0.0	22.177845663278113	33.34247689043121	27.67473680979778	16.78195764138674	0.02298299510616272
1.0	26.50454083302487	15.81270310253616	16.40510922559741	41.25053591730142	0.02711092154013625
2.0	30.545052633805646	20.581037048033014	18.442631171121054	30.431274876450775	4.270589504915257E-6
3.0	37.631432583954044	18.40021772263497	18.727339356423535	25.24087272461489	1.3761237256101222E-4
4.0	36.27257542028337	17.490823837152973	21.18371707046464	25.052634078235258	2.49593863763849E-4
5.0	37.93351490913221	17.50700557718571	20.159024458293505	24.397790867630828	0.0026641877577479227
6.0	25.409217511417392	18.608836887153643	15.561155587307853	40.42079001412111	0.0
7.0	25.785541214126344	23.390351836245628	17.53439990004734	33.28970494265276	2.1069279266659856E-6
8.0	24.77920950070847	22.61775657545359	18.065275081947387	34.53756174211762	1.970997729361516E-4
9.0	35.497598932901724	17.55584552175326	18.671162491733266	28.275338408513207	5.464509854518425E-5
10.0	30.258051543974062	23.093645360331756	23.69125549776185	22.956534693325903	5.129046064256592E-4
11.0	27.379695681885313	23.27571168832978	21.13480471148217	28.209784422200094	3.496102642664831E-6
12.0	29.566736624867147	20.446878579327418	19.569094245964504	30.41728985114162	6.986993146311696E-7
13.0	29.93954808217454	20.245065046937203	19.43531388833078	30.37217565846706	0.007897324090422328
14.0	30.030344948961414	20.499277195711514	19.883142436237513	29.58723053501751	4.884072049579695E-6
15.0	30.386899120777883	20.500909694960317	19.79486207120058	29.317327021295515	2.091765705729954E-6
16.0	30.306114642860678	20.473475199825582	20.086214074138454	29.13419538626388	6.969114092000989E-7
17.0	30.210098326770897	20.596099779426787	19.99088314657258	29.19555669409222	0.007362053137514933
18.0	30.05360048295312	20.595522334813314	20.062822532580242	29.288054649653322	0.0
19.0	30.03614754963695	20.611952822447186	19.90604351612987	29.445853324805917	2.786980076325351E-6
20.0	29.923065822202283	20.607767566130384	19.832244202448617	29.63691962032374	2.7888949716237607E-6
21.0	30.001750412647603	20.49271708741718	19.932832048904267	29.57241297195464	2.874790763029337E-4
22.0	30.01496835898329	20.264823652462557	19.94363474483348	29.776027840189585	5.454035310835249E-4
23.0	30.062185764197086	20.117424882974483	20.106399105182714	29.71395180351116	3.8444134559867114E-5
24.0	30.065202244662874	20.170390265997085	20.130967472178792	29.62817893330339	0.005261083857863301
25.0	30.188142580356374	20.156651954192924	20.100676759596244	29.55125689608682	0.003271809767636084
26.0	30.15380176395529	20.2225441856438	20.02256592564302	29.596204654190082	0.004883470567808851
27.0	30.07070435660889	20.27520338651379	20.093753921404307	29.549810236938377	0.010528098534634281
28.0	30.026389299633884	20.26156912735487	20.1504176376245	29.561377986144414	2.4594924233052086E-4
29.0	29.966705553675	20.241834883737962	20.058197763283328	29.733258281836378	3.517467331223176E-6
30.0	30.04477423156685	20.215032429379484	20.049954218511555	29.690235596693526	3.523848586174508E-6
31.0	30.110031101937306	20.122774543118815	20.069246696495778	29.69794483454197	2.8239061274865976E-6
32.0	30.173165278470755	20.152281803477713	20.13618098074385	29.53751481088991	8.571264177733733E-4
33.0	30.298726158928304	20.094314440357884	20.075644914473862	29.504748794518683	0.026565691721272898
34.0	30.05293492066227	20.22858421843497	20.152970811197925	29.56550366247828	6.387226546153801E-6
35.0	30.008378236855066	20.330033739601465	20.09100543762104	29.570578320162515	4.26575991398863E-6
36.0	30.121123348210737	20.197893459113278	20.13550266694836	29.54547625233691	4.273390712102942E-6
37.0	30.072007922077887	20.25789945945276	20.014736210971893	29.654328313028895	0.0010280944685685158
38.0	30.22208775010437	20.058078431778416	20.025474240315763	29.69322240512921	0.0011371726722439923
39.0	30.1701629493355	20.184603066136752	20.03145089805339	29.61378022222427	2.864250084549082E-6
40.0	30.10223963216892	20.143890105255817	20.177750441109886	29.559600397097547	0.016519424367833376
41.0	30.12147012688291	20.126878240660755	20.025214384405302	29.726431497873573	5.750177459461051E-6
42.0	30.02195763316108	20.277211104222523	20.134170446345237	29.56658520805818	7.56082129875007E-5
43.0	30.131345257408753	20.131825253620722	20.051520026236908	29.68472587852039	5.835842132290044E-4
44.0	30.10326805779679	20.17478395303548	20.137272715670935	29.584142681566117	5.325919306787015E-4
45.0	30.12420856067205	20.17084669883132	20.147681331892546	29.541095362397357	0.016168046206729625
46.0	30.146639491821816	20.087970988433632	20.26960949418386	29.495755366518374	2.465904232286554E-5
47.0	30.06707330664992	20.225720239530524	20.078494834933842	29.628708712681394	2.9062043190090496E-6
48.0	30.11634002883768	20.172888667055982	20.084447517124087	29.626321603555656	2.183426597066111E-6
49.0	30.15476756979389	20.196818510123897	20.10745264362886	29.53800071272237	0.00296056373099325
50.0	30.13456457273041	20.165024253927776	20.092329224268113	29.59840924125422	0.009672707819485947
51.0	30.109013010985365	20.09012203265885	20.143762215110975	29.65709981472495	2.926519856627451E-6
52.0	30.042719647021876	20.157008520468146	20.187710447254638	29.61255405590234	7.329353001143943E-6
53.0	30.1849718623108	20.090114706002186	20.101346535313272	29.623563959371896	2.937001846397608E-6
54.0	30.110699097094013	20.101272310914993	20.174304272746326	29.613721377373093	2.941871574273292E-6
55.0	30.080251908991933	20.159897632642856	20.127518374560214	29.629102190357802	0.003229893447193206
56.0	30.083243866406068	20.146723619876354	20.17319846289555	29.596829621492134	4.42932989753166E-6
57.0	30.041674227063215	20.16995377030739	20.263088636403033	29.52528040813185	2.9580945091080615E-6
58.0	30.10143707399137	20.21346840198359	20.128922565331294	29.55616973596754	2.2227262048083643E-6
59.0	30.1288757486615	20.207229520878613	20.119707898422245	29.54418237823771	4.453799931625264E-6
60.0	30.13220495122858	20.207113121527957	20.077108803913806	29.583570148998028	2.9743316295742107E-6
61.0	30.140209702951857	20.248199646149548	20.0498847192476	29.561700717012755	5.214638234472483E-6
62.0	30.114015532324935	20.16575733385631	20.083362516961152	29.636863870520987	7.463366234762409E-7
63.0	30.228090143124053	20.11335540906272	20.06433475635303	29.594218196175902	1.495284295749021E-6
64.0	30.168210305689787	20.064524358577874	20.16742530483981	29.599840030892526	0.0
65.0	30.093995359738514	20.14089812632782	20.16783924208392	29.597266521547137	7.503026082964651E-7
66.0	30.08351022365479	20.190245817939182	20.1320805290017	29.594157415390242	6.014014081137395E-6
67.0	30.071678518697166	20.167674377698734	20.15070765302383	29.609928153990534	1.1296589734279809E-5
68.0	30.12850863049425	20.197673606201626	20.107450547457344	29.566282711894793	8.450395199330488E-5
69.0	30.077672520067438	20.18637918241626	20.148793424834448	29.587153360724113	1.511957744954032E-6
70.0	30.145411762884606	20.09992196796181	20.123178816002326	29.631485938392537	1.514758722149239E-6
71.0	30.004665427475018	20.185419952177412	20.20967249558133	29.5988200576092	0.0014220671570380188
72.0	30.158226897858054	20.076455808711327	20.12926804589781	29.636047727143666	1.5203891405597478E-6
73.0	30.111788341119944	20.12798559642839	20.14204877603577	29.61817652484438	7.615715156168769E-7
74.0	30.16548282974197	20.110655325862208	20.09046355015565	29.63339753122103	7.630191477366067E-7
75.0	30.076134298079733	20.145419773224464	20.196584913938732	29.581860250379517	7.643775597093531E-7
76.0	30.060082944006822	20.151705623822984	20.155268068609686	29.63294336356051	0.0
77.0	30.10524359382601	20.143854259811125	20.195577987958636	29.55532339121752	7.671867123629668E-7
78.0	30.103831958817146	20.151695326224754	20.17977555174653	29.564234424831454	4.627383801185024E-4
79.0	30.197254124999816	20.094252818155336	20.187740210929366	29.520707413221825	4.543269365897435E-5
80.0	30.25425005978105	20.08771806716141	20.13530372866248	29.52272814439506	0.0
81.0	30.096150724981946	20.131320669757805	20.22738473631988	29.544011357030424	0.0011325119099474769
82.0	30.08604709725854	20.094109789307037	20.24694351712665	29.57220489050426	6.947058035157458E-4
83.0	30.197782953560136	20.131965483367278	20.02235246477832	29.647898322371773	7.759224919228797E-7
84.0	30.202285117828996	20.12881152576514	20.09920834780701	29.56969500859885	0.0
85.0	30.221102494805574	20.10254075252471	20.136253615128716	29.540103137540996	0.0
86.0	30.126252189107138	20.113507108498002	20.184307301856354	29.572546242242097	0.003387158296407975
87.0	30.128464829981148	20.117171341445918	20.225110568242943	29.529252478292012	7.820379704616282E-7
88.0	30.10863841729361	20.184415497773536	20.155406418717725	29.551535748293002	3.917922132817764E-6
89.0	30.044012688890525	20.23164332589534	20.13494069246438	29.58794208667953	0.0014612060702253282
90.0	30.193135723457758	20.169701912798573	20.08770957870258	29.54130799708421	0.008144787956873569
91.0	30.117990432887666	20.12945548007282	20.20492174318261	29.547631555442237	7.884146628129063E-7
92.0	30.110346884067386	20.152862507647995	20.20211129828529	29.53467930999933	0.0
93.0	30.137245319930816	20.142281452533716	20.214871930171853	29.505601297363615	0.0
94.0	30.18107644416219	20.097674963626417	20.20847636814179	29.512771430653128	7.934164776146943E-7
95.0	30.200452831300005	20.166393760991685	20.151109728642393	29.481351154892987	6.925241729299488E-4
96.0	30.135790286931886	20.121639874669143	20.250454552393734	29.492115286005237	0.0
97.0	30.119833848604365	20.16390374151377	20.13839008883535	29.57787232104651	0.0
98.0	30.039328548957766	20.231945059268032	20.167341780569437	29.561384611204762	0.0
99.0	30.056676526765834	20.196679190443923	20.210939730715136	29.53570455207511	0.0
100.0	30.074656102469856	20.177611410685127	20.1796139100808	29.568118576764213	0.0
101.0	30.169942283046403	20.193120077800845	20.147814741050407	29.489122898102348	0.0
102.0	30.12706891674537	20.11814791300707	20.159930942829103	29.594793309875918	5.891754253445044E-5
103.0	30.095476733346178	20.128598259697544	20.18118053552239	29.594744471433888	0.0
104.0	30.11877574000787	20.169985112385312	20.20972893739863	29.50150615562605	4.05458213598144E-6
105.0	30.1951845825183	20.137718250732714	20.218771871237756	29.445314038138886	0.003011257372338292
106.0	30.19849942268445	20.09685145217065	20.191273285261392	29.51337583988351	0.0
107.0	30.12144728969645	20.121438717378812	20.24003142530007	29.517082567624662	0.0
108.0	30.097844496644164	20.152907179816893	20.213368797471347	29.5358795260676	0.0
109.0	30.197352564678205	20.136516245991253	20.193218092625578	29.472912276389486	8.203154803727669E-7
110.0	30.064276828732396	20.129940057521623	20.265480809460282	29.529100915451632	0.0112013888340688
111.0	30.121843005807325	20.15407841667825	20.21614254889492	29.507936028619508	0.0
112.0	30.076688480807533	20.148523999900597	20.166737688675703	29.605744091168706	0.002305739447459045
113.0	30.13434972007151	20.099684861381366	20.17300294744455	29.592717257341743	2.452137608296151E-4
114.0	30.177067866778767	20.17507136563477	20.17444514912719	29.47341561845927	0.0
115.0	30.24155015430818	20.1183643474539	20.156784675651128	29.483300822586795	0.0
116.0	30.11562289096763	20.17227610698256	20.230111213648463	29.481989788401346	0.0
117.0	30.10954055484005	20.15388979176213	20.268486507411687	29.468083145986135	0.0
118.0	30.164942840927296	20.15286075591038	20.229003774807317	29.45319262835501	0.0
119.0	30.14426749704306	20.200235895781212	20.163166702952353	29.49232990422338	0.0
120.0	30.15023255090401	20.190871297604314	20.192570350491156	29.46602715913262	2.9864186789588785E-4
121.0	30.091817092768363	20.215477919747958	20.223067696068036	29.46896907306137	6.682183542698832E-4
122.0	30.10599221666047	20.200097381233345	20.17654347990977	29.517366922196413	0.0
123.0	30.120120331145284	20.156328637906366	20.208434100308295	29.515116930640055	0.0
124.0	30.061225245602984	20.18334565927093	20.18653638036733	29.568892714758753	0.0
125.0	30.096017865647873	20.221221835090756	20.17113090578943	29.511629393471946	0.0
126.0	30.122323869187863	20.154555882665168	20.237532966352607	29.485587281794366	0.0
127.0	30.197556637153127	20.125107923587844	20.26241470066789	29.41492073859113	0.0
128.0	30.130601984335076	20.19090295040577	20.246538835836567	29.431956229422585	0.0
129.0	30.142557643973333	20.15569746385269	20.21681598408653	29.484928908087447	0.0
130.0	30.107803674328494	20.157313744622368	20.24957491715447	29.4839241021789	0.0013835617157710283
131.0	30.17629931767064	20.183722828160345	20.19046727832255	29.4491039059658	4.066698806649441E-4
132.0	30.18435960319813	20.190068228838573	20.206537888655156	29.394857629683518	0.024176649624626602
133.0	30.16501305217459	20.24987783452187	20.198391650817086	29.386717462486452	0.0
134.0	30.083543885603852	20.2056697013908	20.21040314078661	29.500383272218738	0.0
135.0	30.034380602801324	20.21285180445605	20.22237570303541	29.52831951904471	0.0020723706625037004
136.0	30.08541984722134	20.124689768226787	20.274896715273492	29.51499366927838	0.0
137.0	30.090783041438772	20.22111509715446	20.25886951099683	29.429139808539055	9.254187088091906E-5
138.0	30.169926594413614	20.249610030951747	20.190423058646896	29.387696887833602	0.0023434281541423953
139.0	30.089633520776925	20.25988805765994	20.210720216443622	29.439685552563944	7.265255556709626E-5
140.0	30.069945344362942	20.253682139820434	20.183385514995173	29.49297439075358	1.2610067878193949E-5
141.0	30.09267339185982	20.254920910045772	20.252726553538153	29.399675526491116	3.6180651403503094E-6
142.0	30.06247696838563	20.167395717902643	20.277260471392307	29.483779600508857	0.009087241810559506
143.0	30.10194413947086	20.21242170596683	20.176974109412576	29.499397085897673	0.009262959252064204
144.0	30.16478601709086	20.164837735435615	20.22823213841399	29.442144109059537	0.0
145.0	30.17585937034781	20.217967192180474	20.263624411732344	29.342549025739373	0.0
146.0	30.25837836042139	20.119832124130795	20.196478249129253	29.42531126631856	0.0
147.0	30.16790823060056	20.17353335224724	20.25532244567704	29.403192143233824	4.3828241337170925E-5
148.0	30.131427708671776	20.247133505419917	20.259957725292228	29.36148106061608	0.0
149.0	30.13853210884484	20.200569804398917	20.29142617441176	29.361118974303757	0.008352938040718242
150.0	29.866928891178112	20.159087857015876	20.28079738411298	29.69318586769303	0.0
