# Position (bp)	A	C	G	T	N
0.0	24.64866667049175	24.334884347975123	34.40445069642082	16.586539466925252	0.02545881818706298
1.0	27.77279062079331	18.83906138767849	20.515034600523673	32.8560863068999	0.017027084104630805
2.0	29.899249170616667	19.93584730232303	17.681019193270807	32.48367201236356	2.1232142593123374E-4
3.0	32.81271475138089	19.360512942368235	20.316224117478985	27.50915946890905	0.0013887198628387317
4.0	34.630293305416856	18.294913848081997	20.64350444674143	26.43094151889464	3.4688086507111954E-4
5.0	35.4907499281519	18.306383584173673	20.252595404436647	25.948667519678846	0.0016035635589352177
6.0	28.532898595739976	17.633448574138207	17.46391052789772	36.36959600808655	1.462941375463246E-4
7.0	27.451106032628857	22.468053417234156	18.26942516071572	31.811393150004786	2.2239416485444804E-5
8.0	27.38656189233657	21.597033330244795	18.837912736695937	32.1784633361588	2.870456389784321E-5
9.0	33.60913085802566	18.740751704007543	19.321013444783897	28.329099666842595	4.3263403053641305E-6
10.0	29.658386851509626	22.47456740371533	22.352029287929422	25.515011056882823	5.399962797496303E-6
11.0	28.111436556009977	22.405297168089202	20.693910492535576	28.78934984932584	5.934039408139125E-6
12.0	29.83273239341373	20.343318419602518	19.966914149543783	29.85703288170803	2.155731940057912E-6
13.0	30.207968526417154	20.091641516476393	19.932604344355447	29.767772690297623	1.2922453374940186E-5
14.0	30.231285887345994	20.277523698418072	20.10565499333769	29.38542944366958	1.0597722866749665E-4
15.0	30.58049941839353	20.28879289139777	19.895472241239677	29.234891460557005	3.4398841201936577E-4
16.0	30.75828534699772	20.147666376576062	20.104085647680044	28.989356773900287	6.05854845880034E-4
17.0	30.738629603241453	20.226975972528894	20.226700091815676	28.80769057528364	3.7571303356242383E-6
18.0	30.924608942483317	19.906794409496715	20.453322628926937	28.715201612779307	7.240631372543361E-5
19.0	30.593544081014535	20.099516523876183	20.084700142666627	29.222199546064886	3.9706377775224286E-5
20.0	30.268897983481203	20.425701197193792	19.987405877051945	29.31798796337306	6.978900004463275E-6
21.0	30.035648242137004	20.51653921748441	19.9353120747365	29.512343617781315	1.5684786077109578E-4
22.0	30.00799953123136	20.253569456365007	19.849706376237076	29.88856876693929	1.558692272662663E-4
23.0	30.154993467190117	20.02940787690351	20.127391823058442	29.68820199227534	4.8405725952047445E-6
24.0	30.17978524453268	20.10192466565207	20.22642873285688	29.491853283043902	8.073914469331556E-6
25.0	30.254246347659837	20.077524916487494	20.186104318886564	29.481908931406682	2.1548555942917187E-4
26.0	30.247554727476555	20.071144856840057	20.144249080488674	29.536987712386953	6.36228077629315E-5
27.0	30.197184999712658	20.12257261422925	20.167721055819573	29.512518092282363	3.2379561509178336E-6
28.0	30.198125716794415	20.081473595093748	20.249098364246315	29.4711240789396	1.7824492592059859E-4
29.0	30.182421907642386	20.06731641130837	20.17204126830671	29.578198789113536	2.162362899569931E-5
30.0	30.173523103052673	20.087988155939428	20.21719095702083	29.52117370942079	1.2407456627866112E-4
31.0	30.179984214194654	20.017583263003953	20.16740434564333	29.634948350488582	7.982666947446568E-5
32.0	30.23981903708346	20.02437677139507	20.237124609950595	29.498657265896906	2.2315673975318408E-5
33.0	30.337212331498158	19.965332482162843	20.214288066804702	29.48312893055624	3.8188978059728335E-5
34.0	30.1410045752104	20.069803650719745	20.24348137939409	29.545662276928308	4.8117747452515226E-5
35.0	30.11460909963739	20.11127439345629	20.21285529808358	29.56103044279183	2.307660309091749E-4
36.0	30.22257916392218	19.972798036705118	20.271396315533497	29.533134156801843	9.232703735847598E-5
37.0	30.211152542556835	20.08192699809687	20.145615737097135	29.56127387064036	3.0851608802592045E-5
38.0	30.278924625259744	19.907526649662987	20.162648116072383	29.650882934772678	1.767423220829352E-5
39.0	30.282946421537556	19.962966093187624	20.153169048195547	29.599059006107126	0.0018594309721496611
40.0	30.18533492968938	20.01556441039563	20.249349220217024	29.549541039309197	2.1040038877550676E-4
41.0	30.25411720362465	19.954850414246135	20.17573018562406	29.615273255818707	2.894068644714722E-5
42.0	30.152999371142673	20.070881904986262	20.254486886060313	29.52150518367213	1.2665413861954008E-4
43.0	30.22287236609672	19.974333293573814	20.192231468343287	29.610550006637403	1.2865348776137272E-5
44.0	30.181361432361815	19.979565705281065	20.253874339620275	29.58346324761607	0.001735275120775625
45.0	30.221796230238972	19.98339078094328	20.245815857263185	29.548994882415254	2.249139309209136E-6
46.0	30.230200213467473	19.937252611389255	20.277758260123996	29.55477369303462	1.5221984654649617E-5
47.0	30.172572008251898	19.995967742186213	20.222430357192007	29.609017456202118	1.2436167765282436E-5
48.0	30.20778999214993	19.96312903308083	20.22960469077234	29.59947288324364	3.400753266848607E-6
49.0	30.28881358932664	19.963816946518048	20.2242057754012	29.522972750357418	1.9093839669835234E-4
50.0	30.24056430570888	19.96564402434916	20.200669032382503	29.593120928216223	1.7093432313574868E-6
51.0	30.26133817326202	19.916870540514616	20.211555427636206	29.6102330016573	2.856929860777751E-6
52.0	30.203308721733453	19.93777990977893	20.28046084753306	29.578385205724555	6.531523000652253E-5
53.0	30.258332123244884	19.918952082077464	20.217282188747657	29.605345703956203	8.790197378711434E-5
54.0	30.246702681803917	19.90759255041824	20.237478070336547	29.607460356627936	7.663408133670582E-4
55.0	30.21911209104264	19.973478604865733	20.17424515311907	29.632702659890597	4.6149108196532116E-4
56.0	30.226789137964154	19.984293423978762	20.14813509986901	29.640704620760967	7.771742710240184E-5
57.0	30.235733497087093	19.983823779142377	20.197684432893148	29.582742004842117	1.6286035266850993E-5
58.0	30.255559017220097	20.019521741720116	20.120975440282717	29.603221369820474	7.224309565936463E-4
59.0	30.292505502710288	19.998668882978656	20.129984261949783	29.57807634930662	7.650030546566119E-4
60.0	30.314462749916387	20.001265472244327	20.126038757943277	29.557322570201716	9.104496942908335E-4
61.0	30.27624843779976	20.061869912177652	20.095532021354398	29.56605936193697	2.9026673122167367E-4
62.0	30.264545627706447	19.992459684047052	20.116322047837908	29.626634260388162	3.8380020433640974E-5
63.0	30.327514626892448	19.982334184170885	20.0925840071571	29.597545862131362	2.1319648203774334E-5
64.0	30.27869189216082	19.954755050410196	20.126758989586047	29.639733481951712	6.0585891228082426E-5
65.0	30.261531549260212	20.002994724751417	20.093909544226275	29.64155047783681	1.370392528801063E-5
66.0	30.21562205624705	20.0069666148939	20.131328358915372	29.646004674568587	7.829537508800983E-5
67.0	30.236062118257728	20.007459871624594	20.134276130456406	29.62187993033616	3.219493251042846E-4
68.0	30.245228931442842	20.0213491495212	20.107279470329576	29.62597223963407	1.702090723143649E-4
69.0	30.271741091235892	19.992913966442426	20.14755299864409	29.58776781074082	2.4132936764827786E-5
70.0	30.29347463561737	19.96485333125332	20.079918472859305	29.661659751573755	9.380869625254957E-5
71.0	30.161353615146126	20.02410772440284	20.159328850473784	29.65519827285661	1.1537120640118316E-5
72.0	30.26008458565842	19.974754010262437	20.14013875151416	29.624918481834538	1.0417073044199408E-4
73.0	30.22658846681227	20.020884952759705	20.126177717264138	29.626324412439775	2.4450724110333968E-5
74.0	30.28442592139203	19.993655060139215	20.07328111774955	29.648618888836538	1.9011882665847905E-5
75.0	30.2251138120261	20.012598092487003	20.117813782898526	29.644454005193367	2.0307395007429398E-5
76.0	30.20476496105334	20.038028077474994	20.106447352247844	29.650746026621	1.3582602824424465E-5
77.0	30.257885315976672	20.00137599032183	20.116679915498384	29.623965236631616	9.354157149121507E-5
78.0	30.231663871568852	20.010039277904003	20.128808142576442	29.629487464727266	1.2432234376858619E-6
79.0	30.284366021014964	19.97696057887567	20.114651812333577	29.623735280730234	2.8630704555605434E-4
80.0	30.328875600783473	19.953040398053854	20.098156216943334	29.619443858231097	4.8392598824667103E-4
81.0	30.246031595916627	19.993080469922226	20.166609584982666	29.594273323737212	5.02544126499503E-6
82.0	30.201806156708656	19.9696892063127	20.19789579627333	29.63060190621261	6.934492703183205E-6
83.0	30.272197018425484	20.027914829580947	20.058483315013863	29.64139218184188	1.2655137831883443E-5
84.0	30.265400477221554	20.009585658875828	20.10247272683119	29.622520815286634	2.0321784793264324E-5
85.0	30.28809942804634	20.00600540284857	20.085498948270573	29.620220952248	1.7526858652137277E-4
86.0	30.221776328425353	19.999322724275206	20.120501859009284	29.658140664231965	2.5842405819494863E-4
87.0	30.251072257469946	19.965125589418182	20.14435532836988	29.639428205538287	1.8619203705452672E-5
88.0	30.260092984316234	20.000356782267858	20.10079459973947	29.638753700246518	1.933429919758405E-6
89.0	30.217543337920866	20.029546757746076	20.10257715946012	29.65030039790267	3.23469702682564E-5
90.0	30.27621843497498	20.01932134946959	20.07864130484131	29.62578383743572	3.5073278405721526E-5
91.0	30.25107680090418	20.00491339057038	20.126311822634165	29.617664734442357	3.325144892373699E-5
92.0	30.257604284163197	20.013987064763345	20.13243194791533	29.59596623017271	1.0472985418488584E-5
93.0	30.228350184773262	20.044809612278705	20.125028382474685	29.60175661955014	5.520092321178318E-5
94.0	30.2452766524746	20.012086954467076	20.10411255554219	29.63850602202276	1.7815493367855977E-5
95.0	30.285915948960607	20.05170295170381	20.088593220860872	29.57377595402611	1.1924448601572215E-5
96.0	30.255415775425003	20.013975958642856	20.126149963458218	29.604450986402032	7.316071890861659E-6
97.0	30.25678118402162	20.016846573673487	20.07891374134995	29.64744113652041	1.7364434540513054E-5
98.0	30.196184132455627	20.05773712686214	20.087528072043327	29.658411157728477	1.3951091043062845E-4
99.0	30.18750843307877	20.052940977668836	20.11332778215561	29.646209337069795	1.347002698760317E-5
100.0	30.183152862990138	20.05003128494123	20.113552188492974	29.65326298717374	6.764019119555229E-7
101.0	30.260683937042455	20.076981850090746	20.072300062377415	29.59003415048938	0.0
102.0	30.25664689513519	20.011054686438126	20.090363842977847	29.64184246102236	9.211442647838605E-5
103.0	30.213771659521083	20.041527028411828	20.087286170920507	29.65730341980467	1.117213419147844E-4
104.0	30.205389343681144	20.061397281198857	20.08671772806457	29.646432302905556	6.334414987479237E-5
105.0	30.25290903663778	20.045991546762668	20.11437799568074	29.58670897192932	1.2448989487513074E-5
106.0	30.271602078825627	20.017629565093976	20.096177937103292	29.614582777206362	7.641770738610834E-6
107.0	30.233558387957064	20.029866164370606	20.098443617496066	29.638129038815514	2.791360752428039E-6
108.0	30.229410426683874	20.024204004144234	20.092302215032472	29.654048301476234	3.505266319128391E-5
109.0	30.247749854753565	20.068185353031563	20.072791062790312	29.61043133320626	8.423962183002465E-4
110.0	30.197060849352752	20.05011322596558	20.097135559486038	29.655538191649555	1.5217354607289444E-4
111.0	30.246055104114163	20.045131447405005	20.076165958908437	29.632638243161434	9.246410962909005E-6
112.0	30.17342012802407	20.068533566220356	20.059966316587417	29.698072842646944	7.146521215330823E-6
113.0	30.218394236822345	20.038928336442172	20.065347353193413	29.67705430692164	2.757666204326692E-4
114.0	30.254459578068666	20.07708748846486	20.065665195400555	29.602787016414855	7.21651065472695E-7
115.0	30.289525494004472	20.040390756649074	20.057028839951162	29.612948301503856	1.0660789143957414E-4
116.0	30.181847682016148	20.068143270626983	20.09699276790918	29.653013363884543	2.9155631412029462E-6
117.0	30.204826499043037	20.053371406630603	20.141821400978984	29.59996823838781	1.2454959569296361E-5
118.0	30.228778894952864	20.043803036985324	20.124500285610008	29.602913362783596	4.419668210056547E-6
119.0	30.232279209183016	20.07036354647121	20.035231686544186	29.662123336140972	2.221660619331146E-6
120.0	30.19886361478517	20.09817056209541	20.064422178752437	29.638541410361025	2.234005958272611E-6
121.0	30.190747065322192	20.131759413745183	20.085106998596856	29.59238652233577	0.0
122.0	30.174135287553387	20.105878220233283	20.053674188311685	29.66630176082744	1.0543074204099187E-5
123.0	30.19673551514902	20.10436843726535	20.078770232085347	29.620000872330493	1.2494316978852954E-4
124.0	30.11579212971383	20.125019546012823	20.069621692533428	29.68956663173991	0.0
125.0	30.162438463229808	20.119790736880447	20.08033659285509	29.637431909493415	2.297541240290878E-6
126.0	30.173394818095527	20.068162108343355	20.123950096089455	29.63448219405855	1.078341311415851E-5
127.0	30.218958198593498	20.05007488606497	20.11367215327473	29.617294762066805	0.0
128.0	30.18953277592488	20.12591056687313	20.100043519722348	29.58451313747964	0.0
129.0	30.229278145863343	20.07841380949179	20.092340841444337	29.599947595395225	1.9607805305724663E-5
130.0	30.178510325681597	20.063777935011398	20.10707469537845	29.65058733195657	4.971197199060213E-5
131.0	30.209819313375853	20.082306767015893	20.068501814823982	29.639368928676557	3.1761077169944785E-6
132.0	30.242042722947986	20.10486447038696	20.10936628163673	29.54371213969147	1.4385336853521163E-5
133.0	30.212430723070703	20.17920784738155	20.084950539707442	29.523410889840303	0.0
134.0	30.165391931340967	20.122555979602833	20.099964209726952	29.612082211955787	5.66737346370257E-6
135.0	30.12206667400164	20.117377463858855	20.147787881743547	29.612767980395958	0.0
136.0	30.161955931332425	20.094620687802934	20.117018598778085	29.62614704235532	2.577397312345899E-4
137.0	30.17492716913688	20.135261427077193	20.133091356864135	29.55671756684155	2.480080243492294E-6
138.0	30.202514031009738	20.14186459838971	20.080586971864456	29.57502690636246	7.492373637747032E-6
139.0	30.167807181575125	20.160412556037265	20.088169462879996	29.58361079950762	0.0
140.0	30.13734155722802	20.15352943263781	20.057215083522905	29.651892810044767	2.1116566496291733E-5
141.0	30.15779886431675	20.134393413340195	20.101965630517377	29.60584038917766	1.7026480177899476E-6
142.0	30.10290938225713	20.118852871844442	20.1308203561176	29.647409667716122	7.722064701635722E-6
143.0	30.11986331256461	20.181942526782937	20.062538132559386	29.635649973761392	6.054331676251221E-6
144.0	30.37836461209169	20.08847588593202	20.0427733538654	29.490381792585108	4.3555257854400225E-6
145.0	30.28290589938451	20.067352093326193	20.267639719848383	29.382099653948572	2.6334923412600166E-6
146.0	30.529488528042908	19.96362373932764	20.161862556422854	29.34501720082204	7.975384560415812E-6
147.0	30.41946119692611	19.937627139065917	20.15562064488232	29.487291019125657	0.0
148.0	30.311367412105444	20.21748901479146	20.11464229148227	29.35645704530614	4.4236314690317676E-5
149.0	30.276990817574156	20.11046376010888	20.326458325754125	29.286085275276303	1.8212865322189911E-6
150.0	30.078463374623755	19.892972037966903	20.5997814337389	29.42878315367044	0.0
