# Position (bp)	A	C	G	T	N
0.0	23.21347949007614	27.88022412675223	29.131468543348166	19.771016456681235	0.0038113831422305826
1.0	27.208656492968657	18.296191255475048	19.068747055709085	35.41880421551676	0.007600980330448808
2.0	29.548323525434224	20.57293263358289	18.648814594397386	31.2254720989078	0.004457147677695607
3.0	33.63819678243014	19.309759348482686	20.10785851095273	26.940214067742836	0.003971290391603954
4.0	33.9685026440596	18.460087383619026	21.090629364388043	26.478592659715343	0.002187948217981165
5.0	35.02274225102879	18.67046266361534	20.340216983302454	25.965410502171736	0.001167599881683212
6.0	26.858453661990055	18.723482489234204	17.224038035067977	37.19117409097557	0.0028517227321837
7.0	26.639086388536988	23.120852516383795	18.408454191317997	31.829124592388286	0.002482311372936201
8.0	26.460350882338794	22.17789722068078	18.908661764772486	32.45106283311598	0.0020272990919641097
9.0	33.5349318120891	18.72588037441503	19.517318720837718	28.218162525224056	0.0037065674340985236
10.0	29.101015810468176	22.956885924538255	22.904647319433902	25.03564218924113	0.0018087563185349073
11.0	27.500806539957573	22.88716123976652	20.910637955350722	28.698660960732745	0.0027333041924366675
12.0	29.141325747406537	20.66338998685198	20.041375826914205	30.152252028994486	0.0016564098327929565
13.0	29.4328085554442	20.552344514150597	20.063524650527338	29.949967672179778	0.0013546076980850363
14.0	29.424671395233982	20.7502964846952	20.405862724254835	29.413860826065036	0.005308569750952856
15.0	29.660576375686098	20.769181194212614	20.28088379037369	29.28862823446009	7.304052675109293E-4
16.0	29.799446624901538	20.67556516502896	20.38320065903349	29.139618547429023	0.0021690036069885728
17.0	29.81978904865801	20.675064903894146	20.488827814096098	29.01496573344889	0.0013524999028561577
18.0	29.7676507842623	20.594960272885423	20.61575632605636	29.001544788345967	0.020087828449945038
19.0	29.577442427906558	20.709648366072248	20.368932534575222	29.342946864764286	0.001029806681686111
20.0	29.435944313801528	20.864672620094492	20.251921108645053	29.446475343663327	9.866137956062227E-4
21.0	29.31806144351738	20.919637094266715	20.272114970183146	29.48799927950646	0.0021872125262947977
22.0	29.353587403184534	20.666564620250124	20.231516735612313	29.747559461332123	7.717796209018502E-4
23.0	29.45006424758522	20.50279227828689	20.484445011247345	29.561455306936274	0.001243155944268033
24.0	29.462214525738727	20.553182489019044	20.485894212972536	29.49688727435123	0.0018214979184564672
25.0	29.511021733224435	20.52985822282747	20.49553448614238	29.462878514540662	7.07043265048666E-4
26.0	29.489778977415742	20.54035121543677	20.424950327490453	29.54352704273175	0.001392436925285048
27.0	29.44259266954164	20.56725998191396	20.444380283216606	29.54458903091462	0.0011780344131696538
28.0	29.408863471460645	20.57220480865685	20.49999014865255	29.5179136045395	0.0010279666904526737
29.0	29.41045223229714	20.570940116767826	20.414327505791068	29.60130377750303	0.0029763676409310076
30.0	29.36998275810176	20.583752198234535	20.44820335980531	29.597094245677702	9.674381807002532E-4
31.0	29.40671946765348	20.53080984414594	20.41616334363756	29.6454656251504	8.417194126179783E-4
32.0	29.485282104375433	20.48410030435576	20.500113326257846	29.52892246447124	0.0015818005397190114
33.0	29.53743011217514	20.484119019082677	20.492364471628573	29.482039816180798	0.004046580932815226
34.0	29.37607872208537	20.605442940598042	20.479982456500554	29.536158786143606	0.002337094672428879
35.0	29.383781355343636	20.641851553757924	20.45984364035131	29.513207254957834	0.0013161955892969607
36.0	29.422547192071473	20.565104139701003	20.47440036255073	29.533630127313558	0.0043181783632385545
37.0	29.42390696589704	20.58893748612943	20.3797089962719	29.6066499965372	7.965551644322187E-4
38.0	29.41912438090002	20.46579474692542	20.40974879546761	29.704087598799877	0.0012444779070726125
39.0	29.47715859884853	20.503857030389057	20.399660625075754	29.618185353083625	0.0011383926030373653
40.0	29.34556147283931	20.53273044760543	20.53591470321056	29.584649735247087	0.001143641097617392
41.0	29.400616987080213	20.465657426877794	20.392470459969612	29.7401063001837	0.0011488258886787714
42.0	29.283023872198825	20.649696392557	20.470102723233843	29.595841827220752	0.0013351847895748772
43.0	29.379270394793977	20.49296162095286	20.436375408709775	29.687550442209087	0.0038421333343033395
44.0	29.417537705026614	20.50653264495323	20.440435365013894	29.63416959867714	0.0013246863291228863
45.0	29.379187399510442	20.49505005028207	20.50064969667817	29.620936068102715	0.0041767854265989625
46.0	29.40771835836955	20.475621224217218	20.52759840959959	29.587955128976752	0.0011068788368917182
47.0	29.404403708503196	20.555598812774722	20.422327955225068	29.61646450096309	0.0012050225339213844
48.0	29.441618927357222	20.49005008610077	20.46096167362941	29.600871581063515	0.0064977318490868005
49.0	29.442420463153084	20.508470291481395	20.479983183945723	29.567581156656153	0.0015449047636436157
50.0	29.429692417192637	20.485544372746364	20.45674488097269	29.626606589295484	0.0014117397928271854
51.0	29.442703990822704	20.43033947715433	20.46581871293159	29.656454559968775	0.0046832591225984994
52.0	29.343100369949337	20.515437223337504	20.524472556483314	29.61606253972277	9.273105070700293E-4
53.0	29.475182492219883	20.46477553576465	20.405378919340112	29.653563557964883	0.0010994947104743602
54.0	29.388903708296382	20.44686521468515	20.490458304195176	29.67175412920761	0.0020186436156790933
55.0	29.363631201149282	20.557192723002142	20.4316564147362	29.645538144793264	0.0019815163191159537
56.0	29.339334662120315	20.497029181882397	20.499507597193364	29.663108034852353	0.0010205239515756524
57.0	29.40606957497922	20.487228654575347	20.524396499038303	29.581083448775207	0.0012218226319183568
58.0	29.36630823104253	20.528795770341667	20.453662905353724	29.649119443805432	0.0021136494566446258
59.0	29.448810567286166	20.518412613192496	20.456047669261622	29.57586400042318	8.65149836536118E-4
60.0	29.41325935697653	20.57510517912399	20.47453797512099	29.535033934283494	0.0020635544949935184
61.0	29.3958221939009	20.545531664164933	20.41405926836625	29.643836603095412	7.502704725053382E-4
62.0	29.42929237145171	20.453273157234882	20.452795116537516	29.663884553674784	7.548011011038463E-4
63.0	29.50837515934724	20.464969932858995	20.380853827827014	29.642459724004	0.003341355962750968
64.0	29.398636072361107	20.402372916235812	20.49701653563602	29.701414152939602	5.603228274501135E-4
65.0	29.37970633519269	20.499968858315075	20.451603130367296	29.667004398026105	0.001717278098834737
66.0	29.30810003990803	20.547449407480574	20.439591962982274	29.666395195764743	0.03846339386437926
67.0	29.348053273234992	20.549037833655508	20.49085218222157	29.607954375802453	0.00410233508548046
68.0	29.36695681625033	20.547639481389414	20.429516857561886	29.65267244596413	0.003214398834244689
69.0	29.39720721874945	20.542271734632376	20.43148967538042	29.628268445633786	7.629256039674236E-4
70.0	29.450792343951075	20.42255871652518	20.423432888247476	29.70231538950178	9.006617744838281E-4
71.0	29.297161442696556	20.523516468156426	20.502416613561365	29.657512815294112	0.019392660291540773
72.0	29.319377775151303	20.48544497779879	20.515503240866344	29.67905618665671	6.178195268576892E-4
73.0	29.319822203751382	20.510882823094466	20.468538787136936	29.692693232205492	0.008062953811720829
74.0	29.369783275354205	20.46028604611419	20.461866923386598	29.70792747262152	1.3628252348352304E-4
75.0	29.33258921153393	20.52455093833228	20.47533343348949	29.66692218388396	6.042327603467307E-4
76.0	29.339561696947687	20.504664629910206	20.456836465875103	29.698494353896308	4.428533706953961E-4
77.0	29.328810396839412	20.521527051830475	20.5240100357187	29.6254572247438	1.952908676131578E-4
78.0	29.3043052193563	20.487496575502366	20.505666805240452	29.702250126994716	2.812729061622956E-4
79.0	29.40115300974795	20.462037687219446	20.475480392368173	29.661158749839768	1.7016082466742068E-4
80.0	29.372706392496845	20.477756833985005	20.48047412424595	29.668891030939925	1.716183322702531E-4
81.0	29.29081331850793	20.505375844498317	20.54641216452736	29.62914652246046	0.028252150005930354
82.0	29.353906535471015	20.448790458180294	20.501722925610665	29.680585459876283	0.014994620861739406
83.0	29.395764231865932	20.435453842374606	20.47497537617448	29.69345394110498	3.526084799988717E-4
84.0	29.365380245608353	20.42999556815694	20.478615318988876	29.725593567360754	4.1529988508058895E-4
85.0	29.38058149370176	20.473374163449858	20.50638090377367	29.63933397070487	3.294683698384287E-4
86.0	29.309609061855518	20.49082530377921	20.466327590081267	29.732965847465138	2.72196818866022E-4
87.0	29.355750359566485	20.47055465975859	20.498879973697488	29.67450944803527	3.055589421671646E-4
88.0	29.397756565323803	20.48956535189864	20.448470810680135	29.657723535316144	0.006483736781281637
89.0	29.284663915374033	20.48474056209258	20.507179076194827	29.723260406602105	1.5603973645512671E-4
90.0	29.335204580348247	20.48513803707114	20.469141146841356	29.710295371377114	2.208643621468773E-4
91.0	29.319524927884	20.503822786102674	20.521277410461288	29.655119597682077	2.55277869961453E-4
92.0	29.335611381069672	20.473921745056884	20.519476242732186	29.670764634342024	2.2599679923961764E-4
93.0	29.334399741761878	20.47046777234663	20.54192105767852	29.652982725424987	2.2870278798500101E-4
94.0	29.311259469653123	20.471086510610178	20.535777478944013	29.68164502914732	2.3151164536649283E-4
95.0	29.390651951836283	20.497345636628538	20.49299147589302	29.618709493745083	3.014418970743389E-4
96.0	29.352793453973508	20.439029984074626	20.56109961737039	29.646805527942682	2.7141663878991606E-4
97.0	29.28192825092068	20.480343925865906	20.48457218445245	29.75263999746992	5.156412910420388E-4
98.0	29.255928906449046	20.49470900669578	20.547512635402967	29.699061141025425	0.0027883104267822792
99.0	29.273946899201242	20.511304104374727	20.509642671809804	29.705000275727105	1.0604888712297852E-4
100.0	29.23214177455673	20.440430371673212	20.59981267288388	29.723059350984364	0.004555829901812898
101.0	29.325694209004315	20.510706512179908	20.524763122446547	29.6381806667713	6.554895979263223E-4
102.0	29.20542296597164	20.42633747839406	20.583464858468844	29.784515777283033	2.589198824207826E-4
103.0	29.26663702308253	20.409720439451725	20.605135055592996	29.718281960099937	2.255217728116213E-4
104.0	29.231368388385377	20.430851360637554	20.58678521716465	29.75080393840001	1.9109541241065336E-4
105.0	29.257005728380737	20.46742311516133	20.65630843129151	29.619223843874504	3.8881291916462766E-5
106.0	29.304660661421313	20.408559849288395	20.596395269681956	29.689988443332755	3.957762755869363E-4
107.0	29.267528647470115	20.34445098009967	20.634806086571945	29.75293207456345	2.8221129482170496E-4
108.0	29.22923749672302	20.431230230247504	20.64457303087307	29.694671607409802	2.8763474660611546E-4
109.0	29.306063431858426	20.40959336134366	20.623757085529277	29.660418478431698	1.6764283693590805E-4
110.0	29.20359471769693	20.4067864478099	20.696963176260866	29.692484538239118	1.7111999318942427E-4
111.0	29.325420410446455	20.42080376184316	20.63074677481383	29.622460930671608	5.681222249414397E-4
112.0	29.229800800230173	20.384603700215695	20.596500288604673	29.78882715707421	2.680538752548746E-4
113.0	29.261775896548226	20.370360210349016	20.63229064082201	29.735207491512067	3.6576076868283144E-4
114.0	29.192846061879337	20.418898410371206	20.653190539185534	29.734643684036584	4.2130452733845074E-4
115.0	29.19037856350166	20.450950259113597	20.68177990721713	29.660002466149223	0.016888804018383847
116.0	29.212635098941263	20.411559427779178	20.658863357070835	29.71684364759264	9.846861608268214E-5
117.0	29.217472323920653	20.39137511899475	20.732653575305342	29.650051745644106	0.00844723613515173
118.0	29.182457786604278	20.39522620096604	20.714446963163475	29.7075569546641	3.120946021157934E-4
119.0	29.197277366420927	20.460572061613888	20.68690463818394	29.654817375056382	4.2855872486637005E-4
120.0	29.132494892529092	20.432424252298844	20.727301648143168	29.707447822055105	3.3138497379021014E-4
121.0	29.091628712831763	20.501857485203423	20.772524503178314	29.63370414600735	2.8515277915601623E-4
122.0	29.209917339771703	20.406216653207515	20.68676474838859	29.69657036442348	5.308942087110302E-4
123.0	29.172215773718612	20.445415113934875	20.67242959252245	29.709511882216383	4.2763760767304055E-4
124.0	29.014178469374684	20.42091498625783	20.73704196466734	29.827610917129704	2.5366257043892503E-4
125.0	29.16470443905354	20.454854254307335	20.770393645944225	29.60971787454143	3.297861534666461E-4
126.0	29.158975776187006	20.413531017576133	20.816928964701304	29.6102892599765	2.7498155904919625E-4
127.0	29.266478031684933	20.348160808928085	20.797006736279677	29.577294859457364	0.011059563649943266
128.0	29.16866016110444	20.441442417348966	20.850898652247306	29.538998769299283	0.0
129.0	29.171058557668754	20.369629974952392	20.821198018315567	29.63771837640942	3.9507265386104506E-4
130.0	29.01659011420013	20.433389363578012	20.893203689504194	29.656650323818184	1.665088994844052E-4
131.0	29.012473399267634	20.498654225257244	20.86897339882741	29.619370703932198	5.282727155066532E-4
132.0	29.062039371787296	20.564033400923314	20.61519352931934	29.747977912292644	0.010755785677408735
133.0	29.367279884382906	20.353757954663408	20.548282910548462	29.73047963526321	1.99615142006212E-4
134.0	29.435615910623135	20.431581538198124	20.681455798474	29.45113272764241	2.140250623347994E-4
135.0	29.21035702612586	20.53907907517148	20.50639431677883	29.743707606540188	4.6197538364168265E-4
136.0	28.993610323928575	20.707371920832802	20.26101117345792	30.037755464623245	2.511171574542245E-4
137.0	28.18482156856812	21.10519380847195	20.461366218375975	30.24848086397509	1.3754060886476732E-4
138.0	28.46821931618647	21.17793436596253	20.85980010386193	29.493589343339817	4.5687064925887963E-4
139.0	28.382577265172465	21.50066875178291	21.687714269608605	28.42784398866453	0.0011957247714884552
140.0	27.631055929667042	22.362124329716924	21.963851477740366	28.024067838882655	0.018900423993016585
141.0	28.062327423339635	21.748746548466794	20.86928680424357	29.31941214939689	2.2707455311727945E-4
142.0	28.258902287446304	21.98287141019211	23.072897359296977	26.68478379380274	5.451492618678994E-4
143.0	30.685541832153636	19.412217536736403	21.945445503409655	27.953729502891907	0.003065624808398449
144.0	33.22941657672769	19.013329300400773	19.633048965759027	28.12076799868013	0.003437158432380782
145.0	27.04888457134927	20.681400270617214	19.457377788571627	32.812337369461886	0.0
146.0	27.194910352805092	21.052982105613687	19.436353120563645	32.31575442101758	0.0
147.0	27.698908895229867	20.573095523000998	19.738658812034014	31.986150545552384	0.0031862241827334973
148.0	30.160484026690128	19.877419954658258	20.347643874215997	29.614094559705922	3.575847297017028E-4
149.0	32.460415448263916	20.199493144453832	19.419715381116383	27.919293001494573	0.0010830246713020124
150.0	22.988009646801373	26.383698874413643	24.715574586660306	25.90060159997577	0.012115292148912084
