# Position (bp)	A	C	G	T	N
0.0	24.483466187582017	27.561426275843502	30.801885684589447	17.14609865452062	0.007123197464406341
1.0	27.165068376615935	18.9651451880441	19.42463542965166	34.41354871554774	0.031602290140559625
2.0	29.03850824132333	21.254535914890262	17.832891181857793	31.873327070040624	7.375918879864335E-4
3.0	32.2696305462162	19.9771423170987	20.058287091398313	27.694753227686146	1.868176006356194E-4
4.0	33.396732554024275	18.852848203681432	21.03675882208	26.713627508350292	3.2911864002912046E-5
5.0	34.686967511005804	18.62888707042124	20.75312155375833	25.930815810506765	2.0805430786847157E-4
6.0	27.997436301131334	18.249450569529117	17.862423069613637	35.89061347261392	7.658711198644101E-5
7.0	27.00870316520273	22.430025865293658	18.67613683442124	31.8851013416241	3.279345827349438E-5
8.0	26.330222927014663	21.855431634404937	18.985229938534527	32.829060893193365	5.460685250470711E-5
9.0	32.532770771335265	18.989577340853558	19.57246102905809	28.90510356314484	8.729560824524479E-5
10.0	29.002850257779222	22.75443800465819	22.738356104939903	25.504279311742668	7.632088001899736E-5
11.0	27.62644515127039	22.77556876507375	21.036156515500164	28.561753286747916	7.628140777991899E-5
12.0	29.14714082415556	20.898854229769636	20.3473492450298	29.606557677013427	9.802403157158009E-5
13.0	29.38973616759081	20.66753066777561	20.28507682116538	29.657166464637008	4.898788311926536E-4
14.0	29.43286036969007	20.810519994511633	20.481718481358758	29.274835868547726	6.528589181670724E-5
15.0	29.744543925389365	20.818394333900258	20.346726899030237	29.09026958608594	6.525559419895169E-5
16.0	29.85040420306828	20.75487842161409	20.50488527103937	28.889777743760174	5.436051808617925E-5
17.0	29.842161813431712	20.822639681893442	20.55976442412092	28.775347132934865	8.694761905900505E-5
18.0	29.886926330995532	20.64412030828041	20.775768332506164	28.693185028217894	0.0
19.0	29.626417062511173	20.758207596087193	20.469098278269186	29.14619017176035	8.689137209948453E-5
20.0	29.34829605754491	21.010176074162274	20.390955479051197	29.250528956500155	4.3432741468126555E-5
21.0	29.214745677339792	21.117248087260855	20.336357675707127	29.33124690618242	4.016535098003456E-4
22.0	29.169068316766243	20.901904038690052	20.29152767303249	29.637445707151965	5.4264359244818105E-5
23.0	29.362988158483233	20.6483505489996	20.514011278813065	29.47438960319732	2.6041050678271717E-4
24.0	29.32089132640503	20.73123965421609	20.60160377482324	29.3461567626482	1.0848190744171783E-4
25.0	29.380750159273976	20.668479978550888	20.596755171008297	29.353862846723228	1.5184444361050512E-4
26.0	29.393676012342823	20.68197825637867	20.52177750932462	29.402535689479702	3.253247418683725E-5
27.0	29.323103161699848	20.69405494606174	20.555087826200566	29.427667326788498	8.673924934769374E-5
28.0	29.33948750148246	20.706075775751927	20.59705129820108	29.357331221284454	5.420328007897201E-5
29.0	29.33370200790345	20.729197400085543	20.521053796499007	29.416014278154773	3.2517357223329856E-5
30.0	29.260403481085728	20.70888291024835	20.570359265007536	29.460137017575487	2.1732608290055561E-4
31.0	29.23651694114379	20.659943406966008	20.53256278204601	29.570671844829416	3.050250147746491E-4
32.0	29.3297983233243	20.66198203563315	20.604908780553714	29.402666396938642	6.444635501792975E-4
33.0	29.466289433626912	20.54407162404212	20.56441040215142	29.424976632857785	2.519073217629745E-4
34.0	29.260746536570238	20.70521034844795	20.60322927969294	29.429891227881722	9.226074071535683E-4
35.0	29.255307954988307	20.753754454215443	20.55765383536032	29.43304135664872	2.4239878721275883E-4
36.0	29.34893137462437	20.617359213878174	20.587557419027494	29.445953019062205	1.9897340775675723E-4
37.0	29.29462887893992	20.695847758426734	20.489406548634655	29.519928232560407	1.8858143828400653E-4
38.0	29.363758548268436	20.514330095427088	20.488333472872664	29.633321813916286	2.560695155253834E-4
39.0	29.37512746827472	20.592827356689337	20.457628567644935	29.574103698968692	3.129084223213223E-4
40.0	29.267391569955986	20.6137103635246	20.581712506887335	29.536691904059836	4.936555722438564E-4
41.0	29.32150003542825	20.55485030748228	20.495213694296684	29.628233193801982	2.0276899080859428E-4
42.0	29.19521864215057	20.7189797796977	20.557806982027767	29.5268633207841	0.0011312753398605656
43.0	29.27408551999954	20.603036999585296	20.471570025393543	29.651046134443753	2.6132057785933E-4
44.0	29.25178251369812	20.611510167335783	20.523331778094505	29.613044558048905	3.3098282267629515E-4
45.0	29.2895095413155	20.583189588047915	20.57281148806358	29.55245963263132	0.0020297499416876926
46.0	29.340707634219683	20.54793810251598	20.56299812135771	29.548091122447286	2.650194593418668E-4
47.0	29.306661006387845	20.625347326079886	20.483076078987754	29.584591349986923	3.242385575923527E-4
48.0	29.30601840265855	20.609767027697107	20.494217887011633	29.58979880458379	1.9787804892243763E-4
49.0	29.320648612723254	20.58954581195941	20.537990976148578	29.551299752873778	5.148462949788444E-4
50.0	29.355006446876796	20.585018775940444	20.46735151007501	29.592446801502074	1.764656056770162E-4
51.0	29.34423896521656	20.536984190808575	20.467720865130286	29.650641936761108	4.140420834739598E-4
52.0	29.320997055055425	20.5650695688426	20.571066062321652	29.542510379644664	3.569341356578153E-4
53.0	29.36045909754746	20.55518528256829	20.437732483597717	29.646288035576205	3.351007103297307E-4
54.0	29.31929810367404	20.51373737111056	20.50901786621552	29.657645670167287	3.0098883259193764E-4
55.0	29.303435953867407	20.582197034042572	20.498823857838374	29.615058496927393	4.84657324250532E-4
56.0	29.26471075935971	20.544256885602003	20.507313559346834	29.683365212700895	3.535829905610411E-4
57.0	29.318998773248246	20.538722811164778	20.549325127009975	29.592671051002416	2.82237574582813E-4
58.0	29.334971429065575	20.584192376183864	20.496197233644214	29.584132460917644	5.065001887022045E-4
59.0	29.33874455011124	20.56378464106824	20.507266124475315	29.58989373299951	3.109513456917007E-4
60.0	29.361766888686386	20.590628826239037	20.499891965015454	29.547273917223283	4.384028358400581E-4
61.0	29.329923287853028	20.585349091295793	20.505232197076207	29.579230511984928	2.649117900505944E-4
62.0	29.334598151315603	20.556613100396728	20.477038851853642	29.631114522363895	6.353740701300483E-4
63.0	29.44600109743823	20.482265976931266	20.420826335649664	29.650624932946425	2.816570344228425E-4
64.0	29.334425923701772	20.44295577860029	20.495796421104316	29.724486877498595	0.0023349990950265937
65.0	29.30101372245631	20.57598771015424	20.464852806708866	29.65795074154725	1.9501913332717073E-4
66.0	29.26519084925764	20.564744288124317	20.477025518640176	29.692646221318096	3.9312265977356665E-4
67.0	29.28516772504918	20.5532741512815	20.52981129842054	29.631350493274777	3.9633197400273625E-4
68.0	29.320973634646837	20.565167287924062	20.431054016025126	29.68240543902049	3.9962238348909506E-4
69.0	29.315837954331343	20.500815478139128	20.511830914661395	29.671112649092922	4.0300377520503155E-4
70.0	29.361925862688103	20.48681830192898	20.43983711743941	29.711120596784358	2.981211591492706E-4
71.0	29.226246322402428	20.559653852579984	20.531337821057445	29.682146735288722	6.152686714216453E-4
72.0	29.33681829930036	20.48175546904011	20.503158175661437	29.677840277851566	4.2777814652560656E-4
73.0	29.28285917330967	20.536216201757323	20.502835737325835	29.67747589076452	6.12996842648308E-4
74.0	29.338568614812942	20.459755918809904	20.442481909413857	29.75864495243036	5.486045329363875E-4
75.0	29.28527861040396	20.47345629401472	20.519138280908425	29.721587039952134	5.397747207589119E-4
76.0	29.26778318615368	20.51113528118079	20.474664970266367	29.745928761230367	4.8780116880029465E-4
77.0	29.293555218978646	20.53245249329999	20.47779135971418	29.695809559508955	3.9136849822775296E-4
78.0	29.272807009063655	20.55618198559084	20.501546349621783	29.669142408004866	3.222477188523411E-4
79.0	29.30517943152256	20.491632155384426	20.468830278523445	29.733677039546453	6.810950231202148E-4
80.0	29.359591912938793	20.47302933017206	20.47452652375754	29.692388103120106	4.64130011499944E-4
81.0	29.287775412792694	20.45258011426931	20.549563514133308	29.70973269679113	3.482620135631398E-4
82.0	29.230397114280226	20.481787631587896	20.52988704603114	29.75733079499141	5.974131093269054E-4
83.0	29.332793018654808	20.500384307599866	20.41113626998702	29.755143815376083	5.425883822215801E-4
84.0	29.330401317335912	20.470692759391305	20.486823659448454	29.71148598541754	5.962784067817568E-4
85.0	29.301592199270626	20.461709348123165	20.511217814531687	29.7248133224169	6.673156576244866E-4
86.0	29.319857215896665	20.486293778566196	20.450084383982446	29.741012707566334	0.0027519139883650364
87.0	29.332645279945606	20.44467488254586	20.508197536540607	29.713944249740553	5.380512273682203E-4
88.0	29.342259574080632	20.487940139346787	20.45945143378004	29.709803535342605	5.453174499435761E-4
89.0	29.297804798031162	20.4946618728132	20.453259090934985	29.753821840361194	4.523978594543948E-4
90.0	29.309197033857266	20.49771347653854	20.473194985382356	29.71904493765371	8.495665681282722E-4
91.0	29.28754304088774	20.493884327953594	20.467593894344176	29.75025467241344	7.240644010461696E-4
92.0	29.30201681889713	20.44233328515803	20.505305290873277	29.749557236286574	7.873687849919811E-4
93.0	29.292102301145018	20.456124734266297	20.502391048072372	29.748706755254933	6.751612613789102E-4
94.0	29.30268492130179	20.419882595149616	20.509250035371604	29.767622999338766	5.594488382232772E-4
95.0	29.3223426227542	20.453861059587446	20.485111483687245	29.737877898137555	8.069358335628821E-4
96.0	29.28687154707851	20.464863992022423	20.49661842342511	29.750825605893382	8.204315805744923E-4
97.0	29.27241141261882	20.49693139835684	20.43089387721042	29.799118488230075	6.448235838536175E-4
98.0	29.245795014812742	20.509133719976454	20.477134337576114	29.767377227942525	5.596996921651692E-4
99.0	29.190302851669	20.508672905460173	20.496156018962004	29.80425908186574	6.091420430820622E-4
100.0	29.215833805213766	20.46830154470534	20.492160780020853	29.822963272990684	7.405970693573159E-4
101.0	29.240060649237353	20.499148446189714	20.4818684730869	29.7781879816257	7.344498603321182E-4
102.0	29.20089718568331	20.44484763240355	20.521770069119917	29.831652844070295	8.322687229252581E-4
103.0	29.206013869012992	20.466624768035874	20.489768099571528	29.83676519922374	8.280641558629067E-4
104.0	29.20019259773457	20.485817162660755	20.534898800556633	29.77813755562604	9.538834220047465E-4
105.0	29.280169343779566	20.436284358644542	20.518227754804098	29.76348035307416	0.0018381896976332973
106.0	29.256921294975623	20.396391354392218	20.550185331590953	29.79570961668555	7.924023556537228E-4
107.0	29.21092685719129	20.405988472378237	20.53149510118914	29.85096435171774	6.252175235967513E-4
108.0	29.17660601402915	20.458940055275534	20.52991309950473	29.831316938733956	0.003223892456636869
109.0	29.291646942898996	20.435612514369307	20.505415828836636	29.766377487289553	9.472266055065927E-4
110.0	29.166549398995922	20.4372768230183	20.571696706700397	29.823655159823176	8.219114622029071E-4
111.0	29.191905844055434	20.453516675046004	20.55455432377493	29.79897520781985	0.001047949303791046
112.0	29.16470932682827	20.419214271928663	20.5310222499977	29.88395130129729	0.0011028499480741482
113.0	29.16386746131696	20.36937629744518	20.579586718481668	29.885981435598115	0.0011880871580739162
114.0	29.237465598118213	20.402820572179404	20.526379708955147	29.83205573111798	0.0012783896292586701
115.0	29.188993553478298	20.40189255262674	20.591617402917056	29.816752022805925	7.444681719813105E-4
116.0	29.136056941621014	20.417077996385615	20.633598415767647	29.812144166561804	0.001122479663917773
117.0	29.187582060915556	20.372862830917366	20.642994473179222	29.795706270819405	8.543641684549832E-4
118.0	29.16290760033512	20.395676245383015	20.63370048327472	29.806705890334662	0.0010097806724823724
119.0	29.19479317538915	20.44513958242919	20.528113872490835	29.830221334490638	0.0017320352001840532
120.0	29.080738299176602	20.441720294416942	20.584516780959202	29.891364201185137	0.0016604242621193182
121.0	29.06303579794669	20.50786825499574	20.642962815908493	29.78507715490432	0.001055976244758398
122.0	29.16411525456771	20.47553557667044	20.51698113622397	29.841938875311897	0.0014291572259838375
123.0	29.09524213460864	20.429001894464786	20.613786721016943	29.860670101005006	0.0012991489046264221
124.0	29.0184557763574	20.46051814778753	20.618245154315776	29.90150345654084	0.001277464998457062
125.0	29.10249821550062	20.501483005753467	20.583191542121085	29.811238227217473	0.0015890094073538518
126.0	29.088394211706124	20.539573320804177	20.5932759714669	29.777351357166538	0.0014051388562608816
127.0	29.154444686379943	20.450268155448335	20.622057767724357	29.771796269354645	0.0014331210927224724
128.0	29.155799326818947	20.537099657941223	20.60496458817705	29.700134655739273	0.002001771323502846
129.0	29.14531656781467	20.51027081169006	20.67919182805134	29.66278915759891	0.002431634845016908
130.0	29.03621424943975	20.57448490747399	20.70604003655593	29.681170009832247	0.002090796698081804
131.0	29.00669896732336	20.64424586509078	20.597399528715275	29.748657943569267	0.002997695301318339
132.0	29.046189777335922	20.55181555650239	20.544303997222617	29.85497640802285	0.0027142609162208653
133.0	29.34594750174262	20.46594488269533	20.322033690223996	29.863754977212924	0.002318948125130441
134.0	29.363709140713162	20.488089346778185	20.505524818838026	29.6379283097905	0.004748383880127049
135.0	28.98596977717567	20.67750189900161	20.366497133789853	29.967018840212756	0.0030123498201138667
136.0	28.718844718996177	20.769886819533323	20.206959597981253	30.300702667322994	0.003606196166252856
137.0	27.827412213370394	21.263109416156293	20.48977505938626	30.416067417546017	0.003635893541037118
138.0	28.11313711414214	21.399684134960516	20.8129791816224	29.67006460875808	0.004134960516870065
139.0	28.246714746899276	21.575216074590532	21.63357320155459	28.538233910820182	0.006262066135412517
140.0	27.563566416807785	22.32478268942959	21.967214155460578	28.138247136515638	0.0061896017864143
141.0	27.42211934338169	22.630007244712242	21.348733746026696	28.592267987599566	0.00687167827980296
142.0	26.319366673102916	23.52886657655918	23.209371178477184	26.94085087211173	0.0015446997489862908
143.0	30.641516188941846	19.759011881586897	21.410351077398136	28.189120852073124	0.0
144.0	32.575529383415166	19.243426006807436	18.94371818428266	29.236573390764782	7.530347299617459E-4
145.0	27.391454732737092	20.91541774201518	19.306480978209226	32.382465515996245	0.00418103104225502
146.0	27.729130180969058	20.86674655114143	19.489891541463113	31.913847666451595	3.840599748056657E-4
147.0	28.529394639287307	20.386235273567145	20.269006074956817	30.815364012188734	0.0
148.0	30.76443388123448	19.240860797025565	20.63787146089978	29.354088472112732	0.0027453887274338853
149.0	31.791242988246022	20.57957225823076	19.64678599036689	27.916592337119184	0.06580642603714495
150.0	21.435593663277626	27.787249399554486	23.5971975061289	27.16046310008255	0.01949633095644022
