# Position (bp)	A	C	G	T	N
0.0	28.069347618562507	22.636278445597842	27.031514276520806	22.257695450115197	0.005164209203647318
1.0	28.693633250330446	19.111170771796044	19.972300249626233	32.20620672954939	0.0166889986978861
2.0	29.853834118991607	19.998529011195025	18.281937178357513	31.865368900727887	3.3079072797224555E-4
3.0	31.075607546087845	19.680705962944497	19.86749529957503	29.3761356629186	5.552847402369536E-5
4.0	32.37202005636413	19.039793670831887	20.143478525968455	28.444705341124582	2.4057109557291807E-6
5.0	32.857070098134436	18.927861257849862	19.9336083464067	28.280774822150878	6.854754581211046E-4
6.0	29.59302637443143	18.459243659500583	18.53630052017864	33.41135771838243	7.172750691432246E-5
7.0	28.821054109945642	20.91755853531185	18.76044322882511	31.500841541783704	1.0258413369136468E-4
8.0	28.620736292337433	20.543384665184433	19.06690731312365	31.768814478347963	1.5725100652259306E-4
9.0	31.647627969139748	19.222566452605186	19.398298574295588	29.731379692881184	1.2731107830186964E-4
10.0	29.899244633634037	21.007902576945657	20.959805783646523	28.132910340147433	1.36665626344151E-4
11.0	29.11437494811395	21.015464844862375	20.1805482548335	29.689566833886182	4.511830399250447E-5
12.0	29.95041286627157	20.04604841554872	19.857578159643523	30.145694828441567	2.65730094621267E-4
13.0	30.130670098476784	19.925306853273653	19.781018823785747	30.16295088542391	5.3339039899415374E-5
14.0	30.13791014379837	20.03381665650239	19.838169099579467	29.990065015851396	3.9084268383001384E-5
15.0	30.333797266920122	20.03947054883673	19.739365617911666	29.887305026737476	6.153959401264721E-5
16.0	30.45811344640081	19.922641902614185	19.88482501648043	29.73433921330564	8.042119893342568E-5
17.0	30.426728119988855	19.96571426923534	19.96424872361022	29.643239155559233	6.973160635643067E-5
18.0	30.54114043242338	19.818502556030047	20.079905835009775	29.560435822522237	1.535401456103876E-5
19.0	30.38263426088142	19.92543755967174	19.85279529577097	29.8390927126209	4.0171054968464776E-5
20.0	30.162503542954294	20.156374458070268	19.821758595277142	29.859255848937234	1.0755476106337524E-4
21.0	29.98433958992201	20.216673746588402	19.798893725475626	29.999985338023244	1.0759999072038762E-4
22.0	29.96414042281606	20.084641241037044	19.762279930507912	30.18868761537461	2.5079026437398785E-4
23.0	30.06832485224924	19.95529988359838	19.89160269114395	30.084637648912114	1.3492409631923514E-4
24.0	30.067710861463016	20.010376425691202	19.960694689726953	29.96111499074704	1.0303237178826336E-4
25.0	30.08055298305633	19.99143426786543	19.985919074960655	29.942046272373666	4.7401743917268975E-5
26.0	30.097711161302144	19.988954611121393	19.9600877597815	29.953062670474978	1.8379731998368734E-4
27.0	30.023711708589257	20.025859400365263	19.961967379648364	29.988406926159428	5.458523769064621E-5
28.0	30.052913704482865	20.005948898395186	19.998425200796103	29.942573264409962	1.3893191589213805E-4
29.0	30.01209527587202	20.03516517070079	19.978906553742092	29.97312597936425	7.070203208453463E-4
30.0	29.995759492066696	20.024732308040523	19.999684988798354	29.979376766647643	4.4644444678050636E-4
31.0	30.011810692661783	19.999132643684874	19.96728067669441	30.02092914567216	8.468412867712799E-4
32.0	30.025609428581074	20.03219296901303	19.99185526607057	29.950280199280705	6.213705462593941E-5
33.0	30.05748154984344	20.01265257576817	19.98526695509023	29.944541454389196	5.746490896355249E-5
34.0	29.994754272188157	20.04588131807388	19.990087365109794	29.969206281214838	7.076341333393078E-5
35.0	29.984861827675036	20.040072834353282	19.963946947057135	30.010978990423187	1.394004913626975E-4
36.0	30.007343757858195	20.006249171550113	20.001955590233845	29.984375626285235	7.58540726093725E-5
37.0	30.02261505796198	20.039024644009366	19.960076071682924	29.978221491191455	6.273515428070429E-5
38.0	30.027826068119957	19.981651080263156	19.962762059774068	30.027691889105856	6.890273696902373E-5
39.0	30.027175417154222	20.01958853775617	19.934473537306214	30.01869347008772	6.903769567190574E-5
40.0	29.987648693173384	20.044136740935105	19.999324509464138	29.968839085168824	5.0971258545179796E-5
41.0	30.029011887373642	20.003464577828932	19.951216234380368	30.01624163735277	6.56630642855748E-5
42.0	29.97803404374754	20.054878825738804	19.98331316420475	29.983574147310804	1.9981899810315724E-4
43.0	29.957725257990976	20.035668455204522	19.98481780925519	30.021568735957366	2.1974159194506433E-4
44.0	29.96821613624285	20.038221662499204	19.981549951361163	30.01173213287	2.8011702677769543E-4
45.0	29.952947103027572	20.03159943569372	20.0046735444048	30.010208746747335	5.71170126576693E-4
46.0	29.984282672552865	19.996100143653837	20.02859075889529	29.990919576153875	1.0684874413179328E-4
47.0	29.97297433393601	20.026498974699273	19.98548349996552	30.014886906812006	1.562845871943215E-4
48.0	29.979522110397905	20.021153017385288	19.99162003033969	30.007633321490957	7.152038616470684E-5
49.0	29.99626648296616	20.018754819185137	19.98011360982612	30.004731642219145	1.3344580343344192E-4
50.0	29.98780191130009	20.05102290772656	19.96588650593603	29.995206960731608	8.171430571483483E-5
51.0	29.986570349939466	20.02784013886672	19.98323716064279	30.001070784115075	0.0012815664359512114
52.0	29.97718626489676	20.028948732037232	20.015855765936156	29.97793589066195	7.334646790387157E-5
53.0	29.993750591106433	20.04609583732512	19.933603736599885	30.025928207763307	6.216272052567686E-4
54.0	29.970104947243275	20.039349287047877	19.97293247979098	30.017520915527378	9.237039048658874E-5
55.0	29.949474398457593	20.016775358895647	19.993502048747253	30.039862662811156	3.855310883507576E-4
56.0	29.969816033434853	20.010159406784364	19.95760261981698	30.06237176881496	5.017114884003802E-5
57.0	29.964965396939913	20.010662197070435	20.00559076586768	30.018711255946663	7.038417530465885E-5
58.0	29.986419185992517	19.981842104066256	19.9752956762293	30.056376259140066	6.677457185498916E-5
59.0	30.011724476469453	19.98104272798273	19.984009575519362	30.023059096547712	1.6412348074996958E-4
60.0	30.00502056218986	19.973047135352587	19.985988528553726	30.035426320602504	5.174533013261266E-4
61.0	29.99362051240991	19.99544360346237	20.000428231804133	30.01031749610506	1.9015621853112663E-4
62.0	29.997760284650926	19.981237461151167	19.96744980903346	30.05350035876098	5.208640346687101E-5
63.0	30.012059407121093	20.008553903179475	19.946462551633367	30.031828071358092	0.001096066707969244
64.0	30.00522810704026	19.975873199371637	19.97705317180289	30.04112733315949	7.181886257239961E-4
65.0	29.99057874688475	19.987767365495575	19.96020194546365	30.06139697493931	5.4967216721047776E-5
66.0	29.959669705448782	19.999040593586926	19.97466219191318	30.06658011514286	4.7393908256025224E-5
67.0	29.989654456272362	19.974664969963264	19.994377979959424	30.04125381828861	4.877551633376521E-5
68.0	29.971901262578132	20.044434016162562	19.94775617710848	30.035854521969163	5.402218166213956E-5
69.0	29.964258416472266	20.006708620183797	19.96956668985368	30.059401824539485	6.444895077237041E-5
70.0	29.987245529296068	19.975126818788247	19.931718941603165	30.10585704349447	5.166681805044356E-5
71.0	29.9246881223166	20.029793012848423	19.962084914940757	30.08305597439211	3.779755021132714E-4
72.0	29.977498103760762	19.98708091140963	19.98929800676641	30.045997139415093	1.2583864810268984E-4
73.0	29.937256029801112	20.007492923458415	19.995175040958845	30.059939487134546	1.3651864708200495E-4
74.0	29.97398996528152	20.010323905633363	19.96162569668479	30.053415448897635	6.449835026901481E-4
75.0	29.966826365939603	19.995161335055766	19.975824172609972	30.06211892053271	6.920586195065366E-5
76.0	29.945961901460887	20.00758069462158	19.96562959541497	30.080695635778348	1.32172724205868E-4
77.0	29.959338171880272	20.02986278806587	19.96827613146729	30.042469142874097	5.376571247214248E-5
78.0	29.954493819889993	20.006062584189323	19.95964366514165	30.079650107540886	1.498232381493597E-4
79.0	29.983513173952208	19.99821956977309	19.98616827773563	30.031562926532594	5.360520064749287E-4
80.0	30.006086633738054	19.970637060888752	19.939369672793013	30.08377859574105	1.2803683912894506E-4
81.0	29.94358629990299	20.017471370102424	19.970456977174404	30.068416569981583	6.878283859711421E-5
82.0	29.93230774305729	19.99209207810095	19.997325222714917	30.078232528807952	4.242731888699035E-5
83.0	29.948814101687145	20.03227036153651	19.930117559639154	30.0887434942254	5.4482911786863694E-5
84.0	29.967530986169955	20.02132354666584	19.957408574075114	30.053684954599504	5.1938489593031565E-5
85.0	29.94594619124728	20.00717282750351	19.954728700546333	30.091965418802896	1.8686189997976554E-4
86.0	29.931059290053952	20.011308860854996	19.938217287976247	30.118729662042437	6.848990723630651E-4
87.0	29.944721270475622	19.994358232525954	19.965694889648677	30.094844841674213	3.8076567552959106E-4
88.0	29.953255172585784	20.017799222470153	19.95935441545841	30.069389637134826	2.015523508313739E-4
89.0	29.917840422056635	20.036732182685544	19.96062348584888	30.084764855827512	3.905358143292546E-5
90.0	29.92326910077815	20.036680087031492	19.94050495984108	30.098653704783807	8.921475654723615E-4
91.0	29.915181917553536	20.0390745261746	19.950406647417775	30.09521245131647	1.244575376178995E-4
92.0	29.92122860382256	20.03462519182359	19.970605805946526	30.073490230725238	5.016768208766978E-5
93.0	29.91115210912147	20.06605726886584	19.95964124165086	30.06309910143541	5.0278926420990156E-5
94.0	29.95273988466261	20.01426906505864	19.943194761025573	30.08976087944029	3.540981288174672E-5
95.0	29.94398980548719	20.067011241461937	19.93616580738648	30.052628386135627	2.047595287713347E-4
96.0	29.945041046151864	20.03825593016169	19.932276756611813	30.084357862521898	6.840455273341173E-5
97.0	29.93003799334571	20.04596514848002	19.924868120806387	30.098820215149136	3.0852221874864294E-4
98.0	29.91776730189899	20.079386310610666	19.924928213585222	30.077876941831384	4.123207373746153E-5
99.0	29.90197581550882	20.06412750254752	19.929987172791364	30.102253727801614	0.0016557813506839383
100.0	29.905768529259486	20.048349244358896	19.941603460060715	30.104202824087313	7.594223358729199E-5
101.0	29.91105180961092	20.059123203231024	19.934842042998195	30.094935886312	4.7057847852510964E-5
102.0	29.90159072872277	20.07368226753984	19.93658533167807	30.088087566347994	5.410571132258429E-5
103.0	29.91918021121378	20.054690484132767	19.940907722309486	30.085107553446594	1.1402889737004306E-4
104.0	29.880521289051565	20.094314644020326	19.928933050254077	30.09617664555989	5.437111413829647E-5
105.0	29.897499389698478	20.068547456947034	19.9587344079997	30.075153065186548	6.568016824072916E-5
106.0	29.916158948701778	20.058897562511124	19.94757146764087	30.077322994240657	4.9026905573563526E-5
107.0	29.888124496415614	20.058554617945614	19.96261198554886	30.09059376499959	1.1513509031821303E-4
108.0	29.862499032168515	20.06398659250254	19.99211406473051	30.081227188224236	1.7312237419629873E-4
109.0	29.903834248913757	20.046273678557792	19.944123362048856	30.105700984641963	6.772583762575224E-5
110.0	29.851649640853033	20.068533636041288	19.97467104810894	30.105086266505023	5.940849171401476E-5
111.0	29.90936377257173	20.042914927138504	19.949073174801526	30.098578646689404	6.947879883521204E-5
112.0	29.908207051924162	20.035225252087844	19.92975815298726	30.12675126681762	5.827618311240928E-5
113.0	29.873843508738002	20.049584170341035	19.97606186110502	30.10045773828717	5.272152877500431E-5
114.0	29.871951176138417	20.092907980096815	19.930957569280896	30.1041075706907	7.570379316855256E-5
115.0	29.912749243079524	20.03774636500045	19.98376591577727	30.065661154615448	7.732152730979162E-5
116.0	29.859068315197646	20.094078865300187	19.976943227830393	30.069859349670402	5.024200136572115E-5
117.0	29.83609779372423	20.06554643260663	19.97090244196464	30.127404397767737	4.893393676745178E-5
118.0	29.837537603161824	20.08057214883136	19.982980865052543	30.098838680316508	7.070263776390931E-5
119.0	29.875675946040154	20.078880826120653	19.945496195383903	30.09987613705551	7.089539978415099E-5
120.0	29.830599171056445	20.102507098153193	19.98227722629671	30.08445985319482	1.5665129883580671E-4
121.0	29.84028847256688	20.10707330263084	19.99669830437774	30.05587884254569	6.10778788472865E-5
122.0	29.824231132856383	20.107880253545495	19.971506712864194	30.09631191773323	6.998300069173822E-5
123.0	29.827482879941396	20.073503704860617	20.011642978897505	30.087314886342153	5.5549958328760206E-5
124.0	29.807082942309084	20.069307415144962	19.976339630696422	30.147196719996067	7.329185346683513E-5
125.0	29.78176375972338	20.100148381910437	19.99109332232013	30.126922508846704	7.202719935200216E-5
126.0	29.8049293616122	20.100676198649584	20.003474927744737	30.090859070776133	6.0441217348622464E-5
127.0	29.908857311343905	20.025348032795378	19.988055425522177	30.07767122399822	6.800634031981194E-5
128.0	30.02467467419384	19.906657228046342	20.084366712816042	29.984215396005155	8.598893862014677E-5
129.0	29.831937090046967	19.94690872053103	20.209690228310226	30.01139259107334	7.137003843856452E-5
130.0	29.702963933427835	19.973980870840034	20.136745078223285	30.186232573107407	7.754440143961182E-5
131.0	29.62657978964918	20.027812586384332	19.92944764443333	30.416109129479533	5.085005361614697E-5
132.0	29.354620839568835	20.2521260343011	19.834844594324032	30.558345518526302	6.301327973363746E-5
133.0	29.439154977676324	20.14072617995947	20.002785897039658	30.417253176257503	7.97690670458256E-5
134.0	29.51325793765146	20.056499576506088	19.96726349399427	30.46291255550926	6.643633892588898E-5
135.0	29.6718192414214	19.933770592211975	20.080403268715845	30.313950852931704	5.60447190810714E-5
136.0	29.756965675218417	20.01278539390085	20.101168391530344	30.12902279552855	5.7743821844141345E-5
137.0	29.929925291983793	19.991311518029104	20.00967704302058	30.069025162324348	6.0984642176576026E-5
138.0	29.938110286639592	20.0358249778631	20.145536697391677	29.880454620624036	7.341748159561394E-5
139.0	29.450488760625284	20.40003754915395	21.090001718137792	29.05941211200269	5.9860080285567575E-5
140.0	27.96570866180243	21.109311111619455	21.054898290015885	29.870011076505214	7.086005700999674E-5
141.0	29.522374661792465	19.569856553180195	19.339900791013307	31.567810776854998	5.721715903629974E-5
142.0	31.45859037311424	19.28488255665904	20.626953542443815	28.62950055547453	7.297230837526161E-5
143.0	31.294692338440232	18.981543994678173	20.949399727991295	28.774307819908827	5.611898146916937E-5
144.0	33.037567467408294	18.81018668790217	18.493485731433225	29.658686471709395	7.364154691872173E-5
145.0	28.04527660076468	20.186545438195104	19.020639994247702	32.74709526415625	4.4270263626111444E-4
146.0	28.27937626436784	20.289186231938945	19.11027211000362	32.32108449001137	8.090367822227651E-5
147.0	29.14748650282302	20.054051779755962	19.807563784205804	30.99081011164756	8.782156765170796E-5
148.0	31.550774323555693	18.561811683953174	20.001397781250514	29.885624009509797	3.9220173082481533E-4
149.0	31.785764738659488	20.372422762399054	19.252032759156826	28.574043366229656	0.015736373554978946
150.0	21.537947798307144	27.63248948210919	22.638715711888647	28.187844352946094	0.003002654748924474
