# Position (bp)	A	C	G	T	N
0.0	23.27932492033198	28.34119894268836	30.90788485459932	17.417323337904822	0.05426794447551991
1.0	27.254471028272896	17.40933795879512	18.601418516567723	36.73415872611471	6.137702495563822E-4
2.0	30.369603969021693	19.861549205060342	18.054424482616298	31.714206350651686	2.1599264997994262E-4
3.0	35.11082157032931	18.81081593399552	19.640880101535142	26.436546897954273	9.354961857632355E-4
4.0	35.75402203223102	17.782814049617492	20.647929991612934	25.814817567411268	4.163591272833486E-4
5.0	36.83463648419591	17.917099454174455	19.875258534492822	25.37213414391608	8.713832207361692E-4
6.0	26.944402855889276	17.93613320567112	16.277179682337096	38.842123032641055	1.6122346145469788E-4
7.0	26.69540241015444	23.216344149150707	17.57846913289073	32.49462411444673	0.015160193357395933
8.0	26.577873738161756	22.11527288954815	18.263512685809104	33.0433212853026	1.9401178385135035E-5
9.0	35.04040627345668	18.109071668007	18.89666420252479	27.953849379084144	8.476927387021465E-6
10.0	29.85081852789641	22.969494531136657	22.851111386580133	24.32857434495161	1.2094351885059247E-6
11.0	27.69052355384291	22.896684841266186	20.643280219394278	28.760106011363973	0.009405374132653176
12.0	29.787105151396876	20.30825973754497	19.547465775790997	30.35716269417409	6.64109306499389E-6
13.0	30.146627449574183	20.11631768750265	19.551571961469637	30.185466613147717	1.628830581204878E-5
14.0	30.2010187202593	20.350171442581875	19.86660095906185	29.582089517868532	1.1936022845210142E-4
15.0	30.583340914471663	20.34279407590996	19.699065976047557	29.374767106647383	3.1926923440815865E-5
16.0	30.69947898908151	20.21135510570808	19.93727420319469	29.151861598584667	3.0103431054208186E-5
17.0	30.696856962652642	20.284784764443426	20.0133995956954	29.004955668470423	3.008738109602384E-6
18.0	30.76431524935624	20.091614973652476	20.14450277530599	28.995443007735783	0.004123993949510875
19.0	30.530905855495412	20.244773273884977	19.839219148887818	29.385019249329574	8.247240222091557E-5
20.0	30.27556929398305	20.464221959948702	19.738790108891397	29.5214120088331	6.6283437523666204E-6
21.0	30.122264824877025	20.458755607653387	19.750407489192934	29.668461082371383	1.1099590527056878E-4
22.0	30.11298403700075	20.20489546100588	19.708440101051963	29.973505265879513	1.7513506189505596E-4
23.0	30.252463946880788	20.008277839486315	19.943372327427827	29.795517073969	3.688122360823473E-4
24.0	30.275151054172646	20.049962938507466	20.012115621492054	29.66276493712187	5.448705960788666E-6
25.0	30.371898497942514	20.02999191115267	19.97810099797087	29.617553936616726	0.0024546563172277787
26.0	30.33578753876882	20.065332359900097	19.93481115272026	29.66405498587703	1.3962733791331642E-5
27.0	30.27348140650853	20.111884040695156	19.976908409005443	29.63772431999302	1.8237978554982343E-6
28.0	30.255697339237315	20.096272805192594	20.052842503533686	29.59500715594593	1.8019609048144895E-4
29.0	30.220797949058348	20.07847338095569	19.978889301798947	29.720814594768164	0.0010247734188479217
30.0	30.269127742025255	20.061931952370312	19.99816790273645	29.67063000555582	1.4239731216456113E-4
31.0	30.290987330160974	19.99422397333978	19.986246266124255	29.728535078778723	7.351596266800603E-6
32.0	30.347491267032833	20.010546906632744	20.045820357124093	29.595888445643187	2.530235671431997E-4
33.0	30.442709743821535	19.955679517530047	20.006909090387428	29.594642541477896	5.9106783096275216E-5
34.0	30.208407968585753	20.070486681908886	20.05147407623347	29.66956770247544	6.357079644758735E-5
35.0	30.20002549760315	20.116003760645857	19.98864445191344	29.69509238958053	2.3390025702234936E-4
36.0	30.28502024788839	19.996856949737968	20.046038923755315	29.671969721246	1.1415737232808543E-4
37.0	30.282895895049045	20.06134579571509	19.937651684188978	29.718096673240495	9.951806387208664E-6
38.0	30.357880254672658	19.90687087988442	19.969212912091997	29.765994174580225	4.177877069633781E-5
39.0	30.35670646909677	19.973677394574075	19.96732571018677	29.702267295008294	2.313113408762086E-5
40.0	30.268749060579914	19.993807199875384	20.08162231406709	29.65415545418787	0.0016659712897489046
41.0	30.32136834337257	19.948632740209565	19.97688756064989	29.753070513298418	4.084246955814386E-5
42.0	30.21802470714066	20.07099752774385	20.065681491331965	29.645087134775494	2.0913900802760552E-4
43.0	30.29748202441212	19.963103335696232	19.999520750359924	29.739857888965716	3.6000566004688255E-5
44.0	30.25672864865014	19.989023290493503	20.0583779387351	29.693610140568254	0.0022599815530034728
45.0	30.30169365041492	19.973014633014603	20.064598132168147	29.66068977561757	3.808784760183772E-6
46.0	30.30338132764311	19.913154883142614	20.134206375090788	29.6492230483472	3.4365776289284286E-5
47.0	30.2524736907332	20.003804824073367	20.01769855064238	29.725994223231456	2.8711319599811676E-5
48.0	30.290444919888422	19.968582077910956	20.021465983677558	29.718859019242277	6.479992807911634E-4
49.0	30.360013601362063	19.974636673981376	20.029467822147122	29.630718735994243	0.005163166515191978
50.0	30.33169680177724	19.958673255484346	20.010145393213776	29.69947812008839	6.429436242855545E-6
51.0	30.3377027819223	19.89784797419349	20.046753603362223	29.716556569702473	0.0011390708195138806
52.0	30.274030584395124	19.927736417562233	20.112706494903705	29.685459288296023	6.721484291933219E-5
53.0	30.36092096289005	19.913282885830686	20.033566222042687	29.692141155421016	8.877381556047526E-5
54.0	30.317016539915702	19.907443818055683	20.071383668803882	29.70387335079498	2.8262242974634984E-4
55.0	30.28248378670726	19.973674303382992	20.011578854359154	29.73186423862666	3.988169239317127E-4
56.0	30.294304644083642	19.97366291500279	20.02908086622151	29.70294177360653	9.801085531642766E-6
57.0	30.284976291501664	19.973826130201697	20.08745713966911	29.65116513696412	0.002575301663407719
58.0	30.32856271450937	20.008799211906613	19.994729119244987	29.667889900746353	1.9053592677433642E-5
59.0	30.37006533657442	19.98389488612793	19.998269487244773	29.647765678163253	4.611889624067285E-6
60.0	30.38442683185274	19.980665575022375	19.98716957063311	29.64674518221116	9.928402806148443E-4
61.0	30.34931526720257	20.031573602433582	19.977640553466678	29.64134472759654	1.258493006289418E-4
62.0	30.33726524801911	19.975471975730812	19.992957649763902	29.6942486782411	5.644824507453201E-5
63.0	30.412108565798903	19.96714890015828	19.964226443773025	29.656026017838823	4.900724309740639E-4
64.0	30.36194006456353	19.924203757942198	20.020388300233225	29.693404452572064	6.342468898685622E-5
65.0	30.33431121371856	19.976760952905902	20.002878169184477	29.680837200181394	0.005212464009663236
66.0	30.288232871690866	19.99563986873152	20.002381793031653	29.69739111428072	0.016354352265242594
67.0	30.313803173855092	19.989196989793427	20.006662390301237	29.68929613204147	0.0010413140087711084
68.0	30.323663647522082	19.99969965587988	19.995028461148767	29.681444227311772	1.6400813750334258E-4
69.0	30.330875672429862	19.9804979587785	20.02163545765728	29.666965871035345	2.504009901152923E-5
70.0	30.36134069477318	19.917794005468526	19.99872564626376	29.722024975229665	1.1467826486899553E-4
71.0	30.241591359957514	19.98386959718423	20.073581846125677	29.692299139938456	0.008658056794116943
72.0	30.34766367230991	19.937406933130777	20.031486565038538	29.67953916414889	0.003903665371881614
73.0	30.302833059411256	19.98834175747103	20.029042414233928	29.678320424764916	0.001462344118872797
74.0	30.359042144160885	19.964986084199758	19.9714878295266	29.70447365019846	1.0291914299558969E-5
75.0	30.280543379979036	19.983073520229222	20.04346153564299	29.69064327744925	0.002278286699501932
76.0	30.270526324236297	20.0031420373444	20.0070935608789	29.719237387558987	6.899814098998713E-7
77.0	30.32788866411134	19.98708495343725	20.01902866496951	29.665869704601004	1.280128808913422E-4
78.0	30.319933431612352	19.978880093083816	20.03498249161299	29.66620328971496	6.93975885420584E-7
79.0	30.387865993259837	19.945824565191685	20.022107928218457	29.643869522744325	3.319905856935457E-4
80.0	30.428100755408426	19.92937206645065	19.998176814847504	29.643769490946443	5.80872346969407E-4
81.0	30.312293264937303	19.969386501938985	20.06644692790091	29.639502680291564	0.012370624931243673
82.0	30.296413833186314	19.949479472503185	20.09203670824416	29.658864732461858	0.003205253604489923
83.0	30.359916863105823	20.005604707525997	19.934347894026462	29.697362630684783	0.0027679046569351255
84.0	30.365639652187426	19.996029664608276	19.99248444468511	29.64582857248409	1.766603509649008E-5
85.0	30.38661172865182	19.98171978961662	19.995763879937833	29.63571111016326	1.934916304663671E-4
86.0	30.30930648775746	19.975529600862508	20.036786997507605	29.678055584106357	3.213297660800346E-4
87.0	30.33706546225361	19.955698716326236	20.051565804744573	29.655656466657877	1.355001770452445E-5
88.0	30.33698643784405	19.9944558180212	20.000624684469777	29.665096511425542	0.0028365482394303396
89.0	30.301446049523374	20.021820483823806	19.999048169061826	29.677627162840587	5.8134750408784186E-5
90.0	30.383229939619948	19.995052494126078	19.97189409387994	29.649787468518046	3.600385598417282E-5
91.0	30.334087124917424	19.98000401878669	20.047182927976852	29.638702090385255	2.383793377644296E-5
92.0	30.337747725204206	19.997813420707995	20.03895781044826	29.625460751905425	2.0291734116451262E-5
93.0	30.34423651152915	20.00092904510021	20.047841532970658	29.606874398620885	1.1851177910020928E-4
94.0	30.359098034444692	19.977120969516115	20.029287481778397	29.63448330112438	1.021313641180755E-5
95.0	30.378943898621202	20.035719293746585	20.014083235044165	29.571246253960474	7.3186275758275684E-6
96.0	30.346271182018906	19.99827432987266	20.04979478351699	29.60565456473488	5.139856561729226E-6
97.0	30.332404595811536	20.00273296917467	19.989999348510718	29.674551450218605	3.116362844741838E-4
98.0	30.266852422369528	20.05396147426959	20.005521335953645	29.673462206545587	2.0256086164718338E-4
99.0	30.294366962359547	20.033971412592788	20.026299558366592	29.645346490065126	1.5576615947993627E-5
100.0	30.29725581731152	20.028262796671164	20.02576267199987	29.64870903803628	9.675981163097595E-6
101.0	30.37625374008505	20.032266820510678	19.99006512891469	29.600509823143373	9.044873462070888E-4
102.0	30.329441074747333	19.989788003629744	20.01613203989275	29.664505456251312	1.3342547886797897E-4
103.0	30.31262521841944	20.005482227154292	20.012433372817444	29.66934032002714	1.1886158168595194E-4
104.0	30.322221358468916	20.024604284711696	20.018350378568577	29.634817182988794	6.795262017149067E-6
105.0	30.35514804323034	20.02489686248064	20.041765148357257	29.578176305808412	1.364012335036348E-5
106.0	30.37911260103608	19.987030447454508	20.018997975808194	29.614743366272005	1.1560942921152886E-4
107.0	30.324909468918936	20.008240786717995	20.051797703878925	29.614881025454977	1.71015029167224E-4
108.0	30.322272201309286	20.015343755313378	20.027201115621878	29.63514997361293	3.2954142532674834E-5
109.0	30.37008898973046	20.026085308619272	20.008438495628926	29.59537489625948	1.230976186273286E-5
110.0	30.283115475785767	20.01220230423848	20.05422010260674	29.650241170296386	2.2094707263090372E-4
111.0	30.33943617750235	20.017563515909554	20.017729528542045	29.62514510493174	1.2567311431545315E-4
112.0	30.286326092158074	20.027753811972687	19.999103102817205	29.686799858857853	1.7134194183286874E-5
113.0	30.320508195163843	20.010758175733017	19.999714725197904	29.669009519865696	9.384039542653504E-6
114.0	30.358874140044996	20.05630774321803	20.00558349146434	29.579233840103964	7.851686725645555E-7
115.0	30.39132884136849	20.022444504250977	19.983135009611882	29.59552127181383	0.0075703729548217275
116.0	30.29449464016197	20.048067273758814	20.036764954726717	29.62067154806202	1.5832904716811517E-6
117.0	30.318423558879527	20.032960873417665	20.065557433740715	29.5815482462129	0.0015098877491882285
118.0	30.343388292263885	20.039278855515054	20.041547846152053	29.575245911144698	5.390949243134686E-4
119.0	30.329944293743953	20.071471678056948	19.987756857986653	29.61082476346151	2.4067509363765365E-6
120.0	30.307800711335688	20.081944993155375	20.008164501610658	29.602062391373675	2.740252460587533E-5
121.0	30.297147780840806	20.091867086102656	20.034853892446588	29.57612962121598	1.6193939657753394E-6
122.0	30.291662669955805	20.065759216008452	20.005891131467422	29.636683728249047	3.2543192749181394E-6
123.0	30.311935851384735	20.059892202600384	20.026770407047472	29.6013786552041	2.2883763305488343E-5
124.0	30.237447694123286	20.087903058874556	20.01391073162128	29.66073851538088	0.0
125.0	30.270428595750836	20.108315207720327	20.028012593554294	29.59301669416774	2.2690880680276232E-4
126.0	30.291502372565702	20.047294282168146	20.07249814459477	29.588672865705274	3.23349661054107E-5
127.0	30.344282045916437	20.02821119192286	20.06769952697168	29.554522011888334	0.005285223300684454
128.0	30.295374862368835	20.088127838857467	20.05599798486059	29.560499313913112	0.0
129.0	30.32866690269607	20.062751892680986	20.04192502590665	29.56531908292338	0.0013370957929106034
130.0	30.312691277930732	20.037962590742996	20.059049627933284	29.59028296327761	1.3540115380231445E-5
131.0	30.343311006542194	20.06740532233601	20.020640522328335	29.568640596547645	2.5522458116944363E-6
132.0	30.35911588078773	20.084090346566523	20.040872204753633	29.515898471224745	2.3096667371599766E-5
133.0	30.330187719360808	20.141548586376214	20.03898547356854	29.489277360611982	8.600824567931986E-7
134.0	30.271898589555224	20.09454605695425	20.050033578724033	29.5835062082415	1.5566524997452277E-5
135.0	30.233528676649087	20.091533946697375	20.080533332595728	29.59440404405781	0.0
136.0	30.2755494865743	20.052206651868453	20.093331703929938	29.578108889519644	8.032681076713172E-4
137.0	30.294027387130424	20.124954332774323	20.08020969509699	29.500807704666197	8.803320612535048E-7
138.0	30.31921483044675	20.12600623398312	20.030191989709206	29.524577204681147	9.741179775713232E-6
139.0	30.281949179629592	20.130901383408638	20.046942923065156	29.53933239212725	8.741217693682373E-4
140.0	30.233433614428645	20.131304586946726	20.02563776141581	29.59628568054117	0.013338356667657293
141.0	30.266447768489467	20.119391324017162	20.075006774365107	29.53915323036106	9.027672053707281E-7
142.0	30.238209452624353	20.080289883616828	20.095938750103873	29.58553737140383	2.4542251112350264E-5
143.0	30.26267352401598	20.12648532163507	20.021903115834032	29.58881994514609	1.1809336882847717E-4
144.0	30.418093614919574	20.056711992193055	20.037409711314236	29.484682825493792	0.0031018560793517817
145.0	30.378200362779918	20.0599771306416	20.164848535599393	29.396967475267672	6.495711419965486E-6
146.0	30.522668635781404	19.97708073123269	20.09080924010011	29.409439520534193	1.872351605462863E-6
147.0	30.440423720808084	19.98107497342268	20.112297240372527	29.463919163964007	0.0022849014327040113
148.0	30.374289236912276	20.159173479827995	20.099964931303056	29.3665171076625	5.5244294174037704E-5
149.0	30.352824899845515	20.084049718364057	20.22039533188162	29.34266570286967	6.434703914062321E-5
150.0	30.085990320137025	20.073736126089482	20.401891192966612	29.43838236080688	0.0
