# Position (bp)	A	C	G	T	N
0.0	25.98790753399686	24.862109642049354	24.53764379867038	24.553631420176735	0.05870760510666961
1.0	28.46651976135633	18.476517696890387	18.751621970825692	34.29994358762462	0.005396983302979856
2.0	29.923901493410384	19.9661563589593	19.057377201902924	31.047915505939024	0.004649439788369273
3.0	32.75716290020478	19.204642708904935	19.632032537471826	28.40221074630301	0.003951107115446932
4.0	32.87177919607848	18.732511797141953	20.340283114707354	28.054435309025283	9.905830469340146E-4
5.0	33.47958909568368	18.864905776029836	19.870006965742682	27.783334958887597	0.0021632036562074888
6.0	28.23684143937776	19.06196802317414	17.93697663933892	34.759024858274586	0.005189039834598317
7.0	28.320590277439027	21.53191230816814	18.79111597543808	31.332950227405735	0.02343121154901647
8.0	28.113459235580635	21.048961948823308	19.030724996235005	31.806183985105896	6.698342551582318E-4
9.0	32.54533431722064	18.914559297676806	19.424422915841806	29.11341073318691	0.0022727360738332056
10.0	29.909971023974098	21.427447731926723	21.46697620305651	27.183451247605394	0.012153793437274593
11.0	28.78784861139234	21.383293278555566	20.28531701265624	29.52755347542313	0.015987621972725383
12.0	29.787365571153817	20.067136892071904	19.740174554268393	30.403334286031512	0.0019886964743751016
13.0	29.940273952576764	20.03128788524165	19.7249159348574	30.302228347669363	0.0012938796548281617
14.0	29.958035537682314	20.15741719945613	19.901476582357567	29.978992184525854	0.004078495978136263
15.0	30.14443856843928	20.182422233211526	19.842595210580345	29.82999693726657	5.470505022785403E-4
16.0	30.176491739971574	20.088492144498527	19.93416885629367	29.797296411508796	0.003550847727438726
17.0	30.142621456943765	20.119889836506747	19.99922416910927	29.736358659431616	0.0019058780086053573
18.0	30.137161074380693	20.076763936670876	20.0311465143865	29.750092361524157	0.004836113037778951
19.0	30.06038710828423	20.113261317066193	19.904759147292467	29.92088030418154	7.121231755708768E-4
20.0	29.962942237704866	20.212658036869357	19.88955668422726	29.934351389703618	4.916514949020244E-4
21.0	29.895302691968162	20.22832798610488	19.897135893206396	29.97783903064904	0.0013943980715211577
22.0	29.867273737492532	20.09120478456907	19.890132616730497	30.1506755857342	7.132754737066617E-4
23.0	29.931517533136947	20.006839086690352	19.97989625908781	30.078882266383538	0.0028648547013547295
24.0	29.945302395980768	20.052105613658345	19.999323779353773	30.000763060818553	0.0025051501885677706
25.0	29.9969580130733	20.02256141879768	20.03405089015133	29.941388379322515	0.005041298655174019
26.0	29.984405667071123	20.043223937499928	20.00512739696811	29.96608379382674	0.0011592046340909961
27.0	29.924119476794054	20.082987082644742	20.00491833490248	29.987140267545502	8.348381132210864E-4
28.0	29.90872371089161	20.097561257440667	20.060735182032598	29.93130550518374	0.0016743444513859314
29.0	29.90328890230549	20.084665475342494	20.02260586544703	29.98783862391968	0.0016011329853080722
30.0	29.885201042024157	20.083245976668067	20.03418412990481	29.99624097092074	0.0011278804822267316
31.0	29.91475177771894	20.053164632455303	20.011026647904583	30.020039356456763	0.0010175854644113734
32.0	29.91564189493528	20.085839060637454	20.04555323486995	29.951752288680243	0.0012135208770738433
33.0	29.97154135295362	20.061285200148774	20.043698277040736	29.920437044263142	0.0030381255937292012
34.0	29.845770056373	20.13733331687168	20.059253470145322	29.955709361994735	0.0019337946152564417
35.0	29.837665106420435	20.123579564130498	20.023366141937892	30.012753821247294	0.002635366263879089
36.0	29.87857716960523	20.081251074586486	20.054498285547755	29.983846733706994	0.0018267365535305892
37.0	29.91658851652351	20.093360862664316	19.98966428234546	30.000079905345522	3.06433121184641E-4
38.0	29.931141732926253	20.02128897731275	20.02135506196797	30.0253901132691	8.24114523930031E-4
39.0	29.911272247441552	20.091462824277915	19.999943116742017	29.996583498018808	7.383135197127567E-4
40.0	29.843474493826438	20.096670173855465	20.079769752850282	29.97781097335979	0.002274606108022235
41.0	29.880674076701947	20.06069124542091	20.007637281753862	30.050416234790745	5.81161332538362E-4
42.0	29.83980425743952	20.144535733641654	20.041398752114308	29.97207048343582	0.002190773368692193
43.0	29.848426913119773	20.089921738969238	20.032305255193805	30.026747266706366	0.0025988260108199624
44.0	29.827922270271422	20.113812330663443	20.067887213507603	29.989737873971272	6.403115862568959E-4
45.0	29.826395709981924	20.114231741292688	20.07957011368485	29.97599786928523	0.003804565755314891
46.0	29.856563461357872	20.06508647177805	20.12175859196394	29.9559523751578	6.390997423379361E-4
47.0	29.88045209594814	20.102575805040455	20.029049872192697	29.98703188069695	8.903461217573901E-4
48.0	29.862306493184587	20.075586139582494	20.017655301756783	30.03868660660851	0.005765458867624528
49.0	29.870867068124422	20.084188843970256	20.06589090524321	29.970236866876583	0.008816315785531744
50.0	29.872191789794673	20.106939090579125	20.054689930120244	29.965274831043182	9.043584627798698E-4
51.0	29.88931137054749	20.06879405635488	20.065316597700072	29.972872421065738	0.0037055543318200257
52.0	29.842568039901717	20.09215993054014	20.114391545504933	29.950318978353213	5.61505699994764E-4
53.0	29.891194223458246	20.07931988420773	20.015305491410302	30.011796768703142	0.002383632220581728
54.0	29.835915864471453	20.090899311607675	20.06701628374165	30.005254145285388	9.143948938416732E-4
55.0	29.811968187929406	20.102432667323058	20.07171631423792	30.011429641197946	0.002453189311670211
56.0	29.80607994125816	20.11888309974888	20.063298668302647	30.010817616634682	9.206740556256697E-4
57.0	29.8402250473922	20.094286333448103	20.09780888420153	29.96106861494886	0.006611120009309105
58.0	29.83915525022491	20.117958576264012	20.052909176307576	29.98695413843494	0.003022858768562147
59.0	29.87045971763006	20.114026256480223	20.050087442135677	29.964723623558093	7.029601959486264E-4
60.0	29.863980438509774	20.093249016865553	20.05602439027777	29.982721484077867	0.004024670269035833
61.0	29.88009766943773	20.126875883065097	20.068308274693585	29.923705140231643	0.0010130325719441917
62.0	29.874482611770432	20.09374666266889	20.05427757886336	29.975479083077644	0.0020140636196755474
63.0	29.905030674468332	20.131949286797415	20.006937018551643	29.953078006516687	0.0030050136659265465
64.0	29.875157578293976	20.085035119861256	20.059557705159925	29.978723299951582	0.0015262967332594808
65.0	29.816905502912526	20.090080916314076	20.061103128125193	30.023554412857024	0.008356039791180749
66.0	29.819451422584	20.112725405400887	20.047384779945624	29.99922916929317	0.021209222776322017
67.0	29.842573338505	20.082444159830786	20.083860156198703	29.98901182672094	0.0021105187445680834
68.0	29.815564626790938	20.1713439774012	20.02661155456316	29.981770511778432	0.004709329466268238
69.0	29.82302296482613	20.13847326471463	20.05981490794547	29.975054153213282	0.003634709300488329
70.0	29.838360783384243	20.074599281380504	20.032131211025693	30.054468564918622	4.401592909355077E-4
71.0	29.79535462920641	20.132605425692912	20.057545829657194	30.002563933452286	0.011930181991194827
72.0	29.825946006540505	20.08598056314548	20.0955714746394	29.98587901133223	0.0066229443423843565
73.0	29.800495253829713	20.143137932647857	20.070418477542514	29.98049920465982	0.005449131320097612
74.0	29.859784449600884	20.090317268271754	20.060066388723698	29.987270148893515	0.002561744510153121
75.0	29.804710114907063	20.13532062188283	20.0918836650885	29.962881510081758	0.005204088039848518
76.0	29.79565184201118	20.1235876361078	20.059435891324398	30.020562101174423	7.625293822003844E-4
77.0	29.825159751697246	20.14238434306896	20.058706167726896	29.972320987643347	0.001428749863554388
78.0	29.79870071698939	20.11991988087816	20.07377041477477	30.005640396020333	0.0019685913373453426
79.0	29.852455587010002	20.13418926468875	20.081325667481043	29.92956339167193	0.0024660891482723344
80.0	29.862858455318364	20.11575013124612	20.034222000259085	29.98656644803676	6.029651396663281E-4
81.0	29.79786531312334	20.129343412024493	20.08838470758876	29.96718990404449	0.01721666321892114
82.0	29.76627222777649	20.125862616859447	20.10453758609425	29.999441731835574	0.0038858374342363206
83.0	29.81851125768052	20.133396482727438	20.02638635312571	30.016758465255272	0.0049474412110701305
84.0	29.82689111346211	20.133462356774746	20.07490873861273	29.960907582371142	0.003830208779264101
85.0	29.81154935051114	20.137993493262975	20.083591880839936	29.965350828249633	0.0015144471363161837
86.0	29.78112607848796	20.159382527912054	20.05998839664142	29.99883370528678	6.692916717835094E-4
87.0	29.791959908201015	20.135320555571415	20.084176122875448	29.988322674041207	2.2073931092069003E-4
88.0	29.81071177225065	20.151356058250485	20.061560772675406	29.972402280797215	0.003969116026240759
89.0	29.74617119966541	20.153319395008896	20.082493055836338	30.01744681720579	5.695322835679502E-4
90.0	29.78129501273959	20.152616681048812	20.04658216394113	30.019358003730346	1.481385401212649E-4
91.0	29.749418239316412	20.162493433495005	20.101483342365235	29.986423764569125	1.812202542236328E-4
92.0	29.754650040058365	20.175417404877678	20.101939861416337	29.967719160592267	2.7353305535372465E-4
93.0	29.77237454847029	20.190639446253382	20.109732970910688	29.926505199927504	7.478344381399248E-4
94.0	29.7753141675316	20.161453801248314	20.098819667285124	29.96404747075612	3.6489317884078537E-4
95.0	29.827734450913297	20.181211355871685	20.05641949927232	29.93435709964276	2.7759429994033265E-4
96.0	29.785056202114745	20.17931981578429	20.082618579303315	29.952842000164814	1.6340263283154595E-4
97.0	29.753159616564712	20.204053932171348	20.03339715306353	30.008592694846303	7.966033541072736E-4
98.0	29.751761543820088	20.210067884668142	20.08721723870036	29.949744631313884	0.0012087014975257105
99.0	29.766403264236967	20.19655264317881	20.07680230680333	29.959955035829296	2.8674995159705277E-4
100.0	29.722350513010916	20.179999959897525	20.09721285569503	29.998538487570798	0.0018981838257360307
101.0	29.76452149946434	20.178672556740405	20.090949352811936	29.963134639509793	0.0027219514735225127
102.0	29.754356051229745	20.160801765347667	20.10965205394269	29.974722364988622	4.677644912767965E-4
103.0	29.77822416412097	20.16115450351002	20.111260218148853	29.949136769411876	2.243448082786285E-4
104.0	29.723562215469297	20.231732362430247	20.09841444739632	29.94611331343617	1.776612679680197E-4
105.0	29.77031081205375	20.189899870690358	20.106130395341246	29.933442504098412	2.1641781623602525E-4
106.0	29.759611377798795	20.163699717198362	20.12093507674947	29.95530864572492	4.4518252845236116E-4
107.0	29.74019696814127	20.165628954474872	20.13982743401308	29.953880036995994	4.666063747808224E-4
108.0	29.71611075645874	20.204270682492876	20.1492626093901	29.93015162103881	2.0433061947458788E-4
109.0	29.78697575652583	20.17277336346695	20.09688477397012	29.94312714061809	2.3896541901835192E-4
110.0	29.685607374158003	20.211434008210492	20.144077263479826	29.95851855867701	3.6279547466722416E-4
111.0	29.74381297190249	20.173666934443265	20.10376621524416	29.978380970861828	3.7290754825732524E-4
112.0	29.739898392219246	20.15780809376244	20.063225065454272	30.038600590418636	4.6785814541031165E-4
113.0	29.71604995103025	20.15939530533307	20.155865767562716	29.96830038201325	3.8859406070998107E-4
114.0	29.72560367044984	20.234864018160845	20.11076054257204	29.928458294713785	3.1347410348941853E-4
115.0	29.75639718876763	20.19053616595458	20.1760704819885	29.867443265922557	0.009552897366734828
116.0	29.692533313972202	20.262208343038225	20.150399200547138	29.894606626093857	2.5251634858023954E-4
117.0	29.66982348570138	20.193626823206944	20.152606750152657	29.980565637075994	0.0033773038630200863
118.0	29.663502005994864	20.23189601456189	20.15793713597782	29.945677483121614	9.873603438175012E-4
119.0	29.725155399008763	20.21810173357971	20.0977907898581	29.958723247422718	2.288301307077707E-4
120.0	29.68157725129809	20.202889808874062	20.177304781075946	29.93779741073151	4.3074802039095575E-4
121.0	29.7157171397054	20.23273298738585	20.17981106462782	29.87140782619581	3.3098208511342814E-4
122.0	29.65345166557129	20.253465506883934	20.175026693960103	29.917823091075835	2.3304250883678362E-4
123.0	29.655908763034095	20.216675566580506	20.188162952504673	29.939009585233173	2.4313264755448919E-4
124.0	29.63639757877093	20.18964801426652	20.164959712071283	30.00866327650913	3.3141838213950357E-4
125.0	29.616898487168523	20.234065484410475	20.14597063139321	30.002414952680528	6.504443472576139E-4
126.0	29.66336829025243	20.213065499768984	20.18912718771591	29.93402715473556	4.1186752711903636E-4
127.0	29.713727923889355	20.204068495836598	20.187510308575845	29.887093457703823	0.007599813994373416
128.0	29.77333365709245	20.12599689430716	20.246221201902078	29.853167099311335	0.0012811473869789734
129.0	29.65882133676781	20.138939615426217	20.33823255401919	29.861818230033794	0.002188263752991478
130.0	29.60401411308311	20.10483782924642	20.365707182848798	29.924985483498002	4.5539132366764843E-4
131.0	29.51770464681134	20.151430564387574	20.29483128765816	30.0349652403153	0.0010682608276271007
132.0	29.387626124877244	20.282989958303528	20.26146628803626	30.065725986755304	0.002191642027664535
133.0	29.379533887130084	20.251203838567992	20.33459070218232	30.034384618199905	2.869539196993501E-4
134.0	29.391808936228404	20.217728035302038	20.265803487709658	30.123983830372396	6.757103875030755E-4
135.0	29.469827640320844	20.1253187217646	20.346616962521043	30.055304859758508	0.0029318156350007984
136.0	29.587012179525445	20.138373128046474	20.380486446842482	29.892912804951905	0.0012154406336929327
137.0	29.899213394164086	20.023155827087884	20.273110157213996	29.80406484666317	4.5577487086481314E-4
138.0	29.983257026496556	20.009262428112848	20.370034349200957	29.636341171804442	0.0011050243851936027
139.0	29.144636011166924	20.614044500239107	21.57888083877238	28.656136940607013	0.006301709214575059
140.0	26.982914414197367	21.657162500633426	21.5489119980338	29.793244079957258	0.017767007178144813
141.0	28.864803699399765	19.658479057869123	19.221335452114413	32.2549392667204	4.425238962903997E-4
142.0	31.330999342097947	19.32909052992834	21.272890225451263	28.06628435361707	7.355489053789637E-4
143.0	30.992193247592116	19.086368350808904	21.66881416742994	28.242659561743473	0.009964672425573438
144.0	34.06976242029829	18.35514789135964	19.293888743980016	28.276851988613238	0.004348955748817698
145.0	27.427976171082726	20.24816545614637	19.1067230568285	33.21686508206621	2.7023387620259815E-4
146.0	27.718605225590554	20.591448990220222	19.025532873312144	32.66416896271108	2.4394816599640408E-4
147.0	27.96009483276261	19.948234013909428	19.481005777578485	32.607148453924964	0.0035169218245169795
148.0	30.508854839170457	19.398505901737355	20.23012766469872	29.86220169006197	3.0990433149117344E-4
149.0	33.470563672811245	19.276530946323977	19.096107167468027	28.1549005607747	0.0018976526220539894
150.0	23.829708275748466	25.11596256587852	25.006165707085447	25.99993992318704	0.04822352810052407
