# Position (bp)	A	C	G	T	N
0.0	23.111241279460803	26.635753461575856	30.25022554419451	19.977216961265835	0.025562753503000184
1.0	28.063664895313394	19.131710411117652	19.861146465899395	32.928937257107016	0.01454097056254002
2.0	29.80794523233597	20.308382113856766	18.2227053031444	31.660726703281703	2.406473811597165E-4
3.0	34.05697390021761	18.946604272233824	20.083668498003256	26.91156837493044	0.0011849546148643205
4.0	34.72561103085031	18.000892883073842	20.847348437298606	26.42577129376117	3.763550160706952E-4
5.0	35.929265910475074	18.231981618556585	20.256457270141862	25.580889714861595	0.0014054859648845377
6.0	28.210361424840375	18.178736844244437	17.38969510352314	36.221056022349636	1.5060504241314423E-4
7.0	27.858302662003087	22.292453834822567	18.633171048769555	31.216054862771138	1.759163365485673E-5
8.0	27.097436798865672	21.792685042389305	18.733045529963245	32.376806988437316	2.5640344455236342E-5
9.0	33.62057473303267	18.701717535273705	19.290307452834483	28.38739790772894	2.3711301999211314E-6
10.0	29.76620797007306	22.44145458890177	22.472978027264496	25.319354677382528	4.7363781421245085E-6
11.0	28.14667593075108	22.415360913341168	20.746835166864503	28.691121836545257	6.152497992274261E-6
12.0	29.77958498654154	20.448721559761935	19.98140996723572	29.790281121942414	2.3645183926238527E-6
13.0	30.089308422305454	20.25403589103191	19.955763056093666	29.70088412455489	8.506014082745938E-6
14.0	30.092187106319084	20.42151345880941	20.166105234123496	29.32009314454303	1.0105620498202841E-4
15.0	30.40802736164958	20.411023581895062	20.007091867818065	29.173551870807163	3.053178301276055E-4
16.0	30.46557438534119	20.33483087741481	20.135452487205598	29.063643241617186	4.99008421215178E-4
17.0	30.461085829990104	20.422092524449635	20.186912871710128	28.929904531163675	4.242686454732284E-6
18.0	30.492554401444938	20.274871351352573	20.30082287971172	28.93167503946618	7.632802458572788E-5
19.0	30.300345930403584	20.375289738154308	20.08343951513786	29.240873894678938	5.0921625310024296E-5
20.0	30.10957195223322	20.54204152751528	19.9821323263872	29.36624853153349	5.6623308092015255E-6
21.0	30.01515008582861	20.539930461061182	19.97749412116267	29.46728176281174	1.435691357999912E-4
22.0	29.98331970804129	20.345001867431094	19.923701074662016	29.747777399642334	1.999502232664046E-4
23.0	30.119982233728386	20.146986642947265	20.097882555496852	29.635142890069798	5.677757697914533E-6
24.0	30.111150406979853	20.19565316580514	20.146292792865953	29.54689510858702	8.525762032255203E-6
25.0	30.204462569355954	20.159242868163492	20.137640693845565	29.49838737416737	2.664944676151584E-4
26.0	30.18341673257055	20.16510866125123	20.100011197164502	29.551411662599286	5.174641442685476E-5
27.0	30.13271059962542	20.193162535793473	20.136858793599675	29.537265219172344	2.8518090914390523E-6
28.0	30.099590045831043	20.178328752519533	20.21987506527107	29.50199533317881	2.1080319954336314E-4
29.0	30.09686818600128	20.168029899930726	20.1388030583653	29.596274559550785	2.429615191257593E-5
30.0	30.097967196300857	20.171002958295244	20.17473459999429	29.556170157113144	1.2508829646254736E-4
31.0	30.11952591703017	20.10627807214828	20.14607978902358	29.628044929427777	7.129237019197677E-5
32.0	30.15747841610606	20.11656620711104	20.209600834201908	29.516321934690588	3.260789041032777E-5
33.0	30.255862073042355	20.0548368215271	20.175340856983695	29.513916513558513	4.373488833449711E-5
34.0	30.069938092801973	20.147387099931432	20.23539942606893	29.547224808812423	5.0572385239951345E-5
35.0	30.06307734300979	20.18470969419536	20.163821225741742	29.588128151026723	2.635860263855695E-4
36.0	30.13059491529266	20.08706472868263	20.220715000960745	29.56151840426111	1.0695080284846284E-4
37.0	30.12841369042116	20.15031140971844	20.130567150958903	29.59068349603482	2.425286667428918E-5
38.0	30.191514917826044	20.002651421347238	20.142590087123637	29.663224611363077	1.8962340009935973E-5
39.0	30.207917991688305	20.042692468689793	20.138984512928825	29.608859066919795	0.0015459597732786633
40.0	30.113420077481855	20.084956872842792	20.25622375267588	29.545203395926055	1.9590107341672654E-4
41.0	30.175146872484724	20.04463086070303	20.162073612876334	29.61812221135775	2.644257815665879E-5
42.0	30.069160184050276	20.137949604965723	20.234398574168864	29.558334084569598	1.5755224553939287E-4
43.0	30.14296400618631	20.061541194534243	20.178950641859647	29.616526446081227	1.7711338567227392E-5
44.0	30.116794013497856	20.068944185653155	20.22673339886952	29.585527536690304	0.002000865289162566
45.0	30.152689042841214	20.054003659862467	20.22501426072919	29.56829204786938	9.886977510932648E-7
46.0	30.13691945619342	20.02507343085527	20.270411676625937	29.56758403863559	1.1397689777481416E-5
47.0	30.11803082526765	20.079454221409566	20.194570479008707	29.607935035786404	9.438527671550047E-6
48.0	30.13359446023001	20.055666831762494	20.19569517895113	29.61504054113691	2.987919453221098E-6
49.0	30.21212501725613	20.052965299776663	20.207443929845137	29.52724112082829	2.246322937825001E-4
50.0	30.166401373913505	20.056200193557615	20.18668943031728	29.590707000612692	2.00159890723108E-6
51.0	30.19011992461576	19.996765634715842	20.21151253936129	29.60159939288049	2.508426620256092E-6
52.0	30.126358606729458	20.020033366714735	20.271902931093972	29.581633175550603	7.191991123413206E-5
53.0	30.205920868272855	19.998129478611855	20.207930602274963	29.587914679195677	1.0437164465645996E-4
54.0	30.154897427144444	20.00770870441856	20.23419695372256	29.602500774449723	6.961402647104448E-4
55.0	30.14491321028703	20.059140133009237	20.17769303001932	29.617822062372916	4.3156431149563485E-4
56.0	30.148001441990786	20.051082277905515	20.182822908937815	29.61803235518048	6.101598541022366E-5
57.0	30.15443763161254	20.05809114673572	20.225410998893135	29.56203932090447	2.09018541356768E-5
58.0	30.17076375260452	20.08298189777151	20.155494313237284	29.590126061465106	6.339749215779413E-4
59.0	30.211661866201894	20.064911245361092	20.156280800760694	29.566550867982578	5.952196937433181E-4
60.0	30.220057802688544	20.0668553054308	20.1581432696726	29.553911960059796	0.0010316621482571809
61.0	30.204553681764168	20.116327669026578	20.13962033551532	29.539252964960834	2.4534873309671576E-4
62.0	30.184721573438427	20.06368024363497	20.16535863395566	29.586199239982285	4.0308988655898164E-5
63.0	30.248642921665024	20.064850227372766	20.125183359011857	29.56130846501844	1.5026931915090808E-5
64.0	30.207964495027255	20.02033988386961	20.175497276497385	29.596125084612048	7.325999370618718E-5
65.0	30.18201689322234	20.07077870276393	20.15083650319324	29.59635383273971	1.4068080778336265E-5
66.0	30.149807516725396	20.068624026537584	20.167011647313558	29.614444990464666	1.1181895879368955E-4
67.0	30.17092282633691	20.06939171259366	20.161390143172913	29.59792433112841	3.709867681071646E-4
68.0	30.169713524991643	20.08563107864386	20.149825563275257	29.59466009260547	1.697404837743574E-4
69.0	30.185059537474636	20.060893089154852	20.176173287451167	29.577850897706874	2.3188212470344516E-5
70.0	30.20709134241938	20.024512775334095	20.139941842209897	29.628353624195075	1.0041584155454124E-4
71.0	30.119668674772406	20.071727702090048	20.20286701845478	29.60572176206302	1.4842619753556003E-5
72.0	30.186189501076342	20.027623788010782	20.18122366936078	29.604816302772036	1.4673878005780423E-4
73.0	30.159060967291147	20.066274923065475	20.184722003819918	29.58990530793164	3.679789182424546E-5
74.0	30.198304499076308	20.055770096500712	20.13300087856393	29.612908479126943	1.6046732106274318E-5
75.0	30.142597907576214	20.07567228779906	20.16808911242886	29.613619230481543	2.1461714332445636E-5
76.0	30.137182891674808	20.088424641350635	20.1535055639838	29.620871835097272	1.5067893479485872E-5
77.0	30.183238012816073	20.067782939128094	20.1589673945315	29.589909628505858	1.0202501847786445E-4
78.0	30.160502889468976	20.07046699451445	20.167546610602816	29.60148133936459	2.1660491666626728E-6
79.0	30.223672057821577	20.037059385871594	20.17105207784796	29.567905754391887	3.1072406698430814E-4
80.0	30.24771487213413	20.01832652338115	20.153722532343803	29.579693206156477	5.428659844403707E-4
81.0	30.188212331006266	20.051731795146953	20.202184346656722	29.55786441928161	7.10790845523492E-6
82.0	30.153608211790367	20.0374624768138	20.224941067738843	29.58398056413229	7.679524701490155E-6
83.0	30.202783405378447	20.088749787445614	20.117478410765692	29.590976837810956	1.1558599285786445E-5
84.0	30.20701817302057	20.077018626405902	20.141377806550473	29.574552812129433	3.258189362320984E-5
85.0	30.22201923133926	20.067195498116043	20.148890432959167	29.561695934345757	1.9890323977918525E-4
86.0	30.167401265534455	20.07116300006518	20.167220320040048	29.59391800778733	2.974065729910082E-4
87.0	30.19265265535655	20.04551815249912	20.184762538070522	29.57705047791377	1.6176160033852576E-5
88.0	30.182178821835453	20.073121264124993	20.161395694391924	29.583301420927537	2.7987200870907957E-6
89.0	30.166234696928214	20.08825387851244	20.159480885391034	29.585988409297293	4.212987102338816E-5
90.0	30.218454923354386	20.07834178260918	20.129575859488934	29.573587405282158	4.002926533951047E-5
91.0	30.18700984171651	20.063591985645708	20.18639229273983	29.562966275291114	3.960460684181465E-5
92.0	30.190575719565278	20.07212020433808	20.19422220464223	29.543070514871907	1.1356582506327122E-5
93.0	30.185043308297523	20.087788596723943	20.18552493174707	29.541578194502026	6.49687294392137E-5
94.0	30.192020991489798	20.073355234744188	20.17701244238867	29.557583873575126	2.7457802220306533E-5
95.0	30.222118112311247	20.117513487879137	20.16166451078772	29.49869125804005	1.2630981846408409E-5
96.0	30.186402017720365	20.085791678308393	20.17424806024708	29.553551904954222	6.338769934956037E-6
97.0	30.189905426585966	20.084691155650624	20.145882879793152	29.579502027102038	1.851086821664028E-5
98.0	30.142549840641603	20.111696791120824	20.14736800719406	29.598218105939907	1.6725510361090701E-4
99.0	30.14687907570498	20.10721773667524	20.179708978946646	29.566174388147065	1.9820526069174266E-5
100.0	30.143718941260424	20.113855541830684	20.167545912451153	29.57487843390407	1.170553673526353E-6
101.0	30.2158371034582	20.11567081139628	20.14036103729105	29.528131047854465	0.0
102.0	30.172205408832077	20.08385112884417	20.16124136866529	29.58261653850702	8.555515144677892E-5
103.0	30.170459047471127	20.090385577986297	20.151595928593306	29.58744568527908	1.137606701953923E-4
104.0	30.164509713564158	20.11204019603393	20.163678458264947	29.559716298415097	5.5333721871258665E-5
105.0	30.204600084815947	20.11226835684837	20.176745755425134	29.506372658523944	1.314438659978301E-5
106.0	30.21035627830203	20.081264580742967	20.162680353636038	29.545686187973118	1.2599345841963887E-5
107.0	30.19237751317705	20.086783980496243	20.17361314874398	29.547221742562606	3.6150201193944746E-6
108.0	30.170583609698703	20.088714664298124	20.16540980690924	29.57526892495274	2.2994141189642318E-5
109.0	30.216668666340784	20.101482514285717	20.142247057821564	29.53890099940534	7.007621466011063E-4
110.0	30.156784329504383	20.089497716337384	20.181363811068245	29.57215448860825	1.9965448173939963E-4
111.0	30.183325136672256	20.098995031570855	20.159111649025043	29.55855652842065	1.1654311195306763E-5
112.0	30.139130108712703	20.109848921534898	20.151221223821018	29.599791736162963	8.009768417817075E-6
113.0	30.17207291090585	20.09494059897514	20.138168905414144	29.594601563871986	2.160208328758107E-4
114.0	30.202785599874165	20.119256853004597	20.14360364100699	29.534352662471814	1.2436424376764758E-6
115.0	30.2294354573763	20.105697197027027	20.13434754904803	29.53043108803207	8.870851657108199E-5
116.0	30.155786279371625	20.122013313702244	20.170052646112005	29.552144622424343	3.1383897830900644E-6
117.0	30.175491957488514	20.111143009970483	20.198652522545903	29.51469295691098	1.95530841130031E-5
118.0	30.19113766429593	20.111656470422055	20.188448941948767	29.508748681552888	8.241780361498434E-6
119.0	30.18528748691472	20.130236223567138	20.129565886221528	29.55490721728261	3.186014000059183E-6
120.0	30.161316354220695	20.1392414118739	20.154478475915923	29.544961836301496	1.9216879861294097E-6
121.0	30.15361340204184	20.16338362708157	20.174386826020015	29.508616144856575	0.0
122.0	30.132960197144776	20.151335367479774	20.156457314293494	29.55923222981957	1.4891262383460494E-5
123.0	30.15562095740016	20.148158579784038	20.16120255994977	29.53489424473653	1.2365812950248606E-4
124.0	30.09234103187646	20.164934474831526	20.14856136207128	29.59416313122073	0.0
125.0	30.11865553878799	20.186967639552808	20.171783020917577	29.52259380074162	0.0
126.0	30.12476157440263	20.1390984127352	20.197815469129285	29.538315283619447	9.260113431230327E-6
127.0	30.179597849679872	20.109814385916987	20.19682884539277	29.513758253777468	6.652329034944232E-7
128.0	30.133369266635796	20.166455581931995	20.190697848842547	29.509477302589666	0.0
129.0	30.179397661743756	20.144523157482936	20.178736292589285	29.497320008095247	2.2880088779051305E-5
130.0	30.147460550896117	20.13567152254543	20.18356684018068	29.533245588532083	5.549784569207076E-5
131.0	30.18362124094582	20.148922517536096	20.148040842223374	29.519414037634	1.3616607146320867E-6
132.0	30.18277204577692	20.16333142639092	20.18915228344526	29.464727118622797	1.7125764103642165E-5
133.0	30.170176156938172	20.21014974015541	20.1856273929733	29.434044642223476	2.0677096474417896E-6
134.0	30.115722179883125	20.1702345710603	20.195080202878508	29.518944320928693	1.8725249381484207E-5
135.0	30.083628212184337	20.167436510160712	20.22737646062316	29.52155881703179	0.0
136.0	30.11424751969602	20.148422294048622	20.22854787886814	29.50855605324752	2.2625413969540485E-4
137.0	30.142129096297538	20.19076276575371	20.210141584794343	29.4569658457175	7.074369014212782E-7
138.0	30.14757036497151	20.195266132753247	20.179050000415533	29.478107804742383	5.697117329133285E-6
139.0	30.12250366184393	20.21331394930473	20.185562347829514	29.47862004102183	0.0
140.0	30.094684883298576	20.199708669895085	20.161243369255363	29.54435152554237	1.1552008601163524E-5
141.0	30.11201573083526	20.19255483566799	20.194730508576672	29.500697470107028	1.4548130449215936E-6
142.0	30.07676312539566	20.16775732114035	20.224739348153985	29.530726281874298	1.3923435701266151E-5
143.0	30.088066390327306	20.203349995818268	20.180449792426476	29.528132344567158	1.4768607888424467E-6
144.0	30.326561992042713	20.13172022616171	20.15658768866847	29.385124888551445	5.204575660685935E-6
145.0	30.257144885547138	20.09126426049481	20.361937134478065	29.289648476189743	5.24329024012906E-6
146.0	30.46644072749135	20.01790534982155	20.277695288583587	29.237954854626103	3.7794774104490244E-6
147.0	30.384698874217893	19.981057100349044	20.251916296993585	29.382326203086613	1.5253528671241778E-6
148.0	30.289397732353144	20.221492920681648	20.217048087606145	29.272018927615484	4.233174357624834E-5
149.0	30.24843801602698	20.139653862066233	20.426537692861736	29.18536887650055	1.552544502446127E-6
150.0	30.024072033828286	19.942897384741606	20.66450488633935	29.368525695090756	0.0
