# Position (bp)	A	C	G	T	N
0.0	26.36720940437527	24.051023426582542	24.97443889869053	24.547557560763885	0.05977070958776845
1.0	28.749046350626557	18.499800940184816	19.109365898345214	33.63627284574857	0.005513965094838632
2.0	30.017859610209275	19.780618381113925	18.834636318548068	31.362175764251717	0.004709925877020501
3.0	32.596611129178605	19.12591183316426	19.600566612867603	28.672975572009758	0.003934852779774744
4.0	33.00150831658144	18.637871987880377	20.1455855323871	28.214026145523718	0.0010080176273609212
5.0	33.53424522289738	18.769661571281013	19.71006959033184	27.983892647021875	0.0021309684678813864
6.0	28.673553864863266	18.827270586908266	17.9310743918094	34.562831601027	0.0052695553920644725
7.0	28.589162086149482	21.32882192730008	18.674559295246095	31.383671974538778	0.023784716765558944
8.0	28.461647878330076	20.828382537216207	18.936551558135577	31.772685425220576	7.326010975595212E-4
9.0	32.50977847546906	18.880454237176885	19.338660464833314	29.26864025523014	0.0024665672905979153
10.0	30.050467379166584	21.200675152641782	21.2353079652661	27.5012700648008	0.012279438124736157
11.0	28.976941414879935	21.171306284812303	20.168321744245695	29.667064074330167	0.01636648173190323
12.0	29.955782676601117	19.943868297855175	19.662496884887457	30.435806929301705	0.002045211354551807
13.0	30.127908579451578	19.870362669728582	19.64043881068952	30.359888250276395	0.001401689853926396
14.0	30.127508621384496	19.998052606108192	19.805068848561184	30.065028274644472	0.004341649301650452
15.0	30.300851832119164	20.025831747931502	19.733492037617875	29.939221947869	6.024344624603467E-4
16.0	30.36769324332592	19.93110483358313	19.837180077091382	29.860571882111902	0.003449963887656111
17.0	30.338936392291515	19.968079944559257	19.902041164726654	29.789008241131302	0.0019342572912608418
18.0	30.35487612160308	19.902156498458655	19.942433342384284	29.7956935891233	0.004840448430682761
19.0	30.251629448097177	19.94125724956377	19.80905673668443	29.99731689054531	7.396751093066929E-4
20.0	30.12383239462128	20.08041537347435	19.78512300982921	30.010103341152305	5.25880922854408E-4
21.0	30.021790238965902	20.09680675817033	19.789159203616	30.090896546605293	0.0013472526424766114
22.0	30.011274036100822	19.973381309633943	19.76001956849924	30.254664423324602	6.606624413958722E-4
23.0	30.082075978977507	19.872808234546053	19.861986431010415	30.180298112301628	0.0028312431643998017
24.0	30.108373657285277	19.912335368023843	19.888971414815927	30.08772046333208	0.0025990965428754256
25.0	30.109043766594194	19.887514902317484	19.93882068254553	30.059618688153993	0.0050019603888002175
26.0	30.10963416718555	19.916453623987596	19.90764812850941	30.06516892076935	0.0010951595480902983
27.0	30.055796468589826	19.950652419938038	19.900781310601356	30.091875106171173	8.946946996071405E-4
28.0	30.062089256080142	19.949283169007543	19.95747255723141	30.029510633479937	0.0016443842009636238
29.0	30.04248460025635	19.959641770199035	19.91419180525119	30.082022796142933	0.0016590281504933468
30.0	30.02739690391466	19.938359935852947	19.925565151717898	30.107614869900047	0.0010631386144476737
31.0	30.053713146528118	19.919937008005256	19.920099220427932	30.10518805926081	0.0010625657778814879
32.0	30.04496700907393	19.959116127859893	19.943438373590876	30.051237514158792	0.0012409753165087407
33.0	30.096593945876766	19.924961295875868	19.937500488702593	30.037966080429374	0.002978189115397547
34.0	30.00435216535849	19.989991653067428	19.936381931034624	30.067317177248754	0.0019570732907014036
35.0	29.987966286133812	19.988310870460868	19.900404314279893	30.12075292306348	0.0025656060619443054
36.0	30.02266987990292	19.954528954138393	19.938511151990124	30.082471280535433	0.0018187334331338212
37.0	30.05427605375673	19.95582491884893	19.886270955406243	30.10329760993243	3.304620556677366E-4
38.0	30.05573492401964	19.907515204018537	19.904673691790226	30.13120966260543	8.665175661635689E-4
39.0	30.055351955639864	19.956133789622676	19.891173700389743	30.09660545452556	7.350998221604072E-4
40.0	30.003136936308493	19.958022779170623	19.965671435012403	30.0707550036033	0.0024138459051815807
41.0	30.011034466000858	19.941547185994978	19.913661473386597	30.13309611903381	6.607555837538837E-4
42.0	29.9883753702025	20.001459163659945	19.928420102526314	30.07977224228483	0.001973121326406319
43.0	29.983911874564257	19.965918270475125	19.937920368122935	30.109634004017565	0.0026154828201169723
44.0	29.967491188264678	19.973959103393945	19.953661503264396	30.104291893132988	5.963119439918069E-4
45.0	29.97057837378821	19.970322442724058	19.968804676269173	30.086420208636355	0.003874298582206425
46.0	29.999928257684605	19.929114589597315	19.993778124604148	30.07652318634657	6.558417673660895E-4
47.0	30.012810702031683	19.964512246201977	19.926508608708758	30.095330638049305	8.37805008274906E-4
48.0	29.992557996026868	19.948464540020165	19.93637460837235	30.11681304948067	0.005789806099950425
49.0	30.007423424208756	19.944287040888074	19.95879350888335	30.08051686488117	0.008979161138649393
50.0	29.99828370227417	19.982981186779487	19.943783482020102	30.0740055524282	9.460764980367902E-4
51.0	29.998793332406404	19.95447204244605	19.961570361877275	30.081293585028106	0.003870678242164017
52.0	29.98992157530227	19.963675037180998	19.993339310299174	30.052506965033686	5.571121838702414E-4
53.0	30.019241289764953	19.95762652817188	19.915301852806376	30.105268514969275	0.0025618142875135437
54.0	29.97547782013532	19.954818852223553	19.964409485921973	30.104456875156814	8.369665623394638E-4
55.0	29.94446930628672	19.983741764055367	19.96524635512307	30.10390127112687	0.0026413034079680407
56.0	29.96241949049847	19.967516927669067	19.951832990126473	30.11737080958769	8.597821182987445E-4
57.0	29.969903649477818	19.96664328909839	19.982590789768366	30.074194464596477	0.006667807058946144
58.0	30.00172046065947	19.974060990369928	19.94333000341798	30.077765612824525	0.0031229327280897752
59.0	30.012896468732215	19.976222215061746	19.9471429995872	30.06305486466827	6.834519505686954E-4
60.0	30.01723756495871	19.959791357875364	19.934588250692524	30.08417144908299	0.004211377390411578
61.0	29.989108327149143	19.99731331728162	19.97115845783265	30.041317701601226	0.0011021961353563114
62.0	29.999834624602318	19.9658404026527	19.947894937201408	30.084445850028906	0.0019841855146731395
63.0	30.006433411170775	19.99840596536267	19.921686249317126	30.0703867719314	0.0030876022180310464
64.0	29.999611372472746	19.961250115995057	19.952066706440064	30.085398013266822	0.0016737918253161592
65.0	29.95533225970081	19.98078323115186	19.944391876834008	30.111206605812495	0.008286026500824023
66.0	29.94368447641269	19.97238790660972	19.959780446287994	30.10158933390499	0.02255783678461419
67.0	29.974523637532656	19.959517985801924	19.97413953932746	30.089646584463196	0.002172252874765264
68.0	29.949776145451967	20.028864061171305	19.93207752270059	30.084595842905703	0.004686427770431988
69.0	29.95557377414217	20.016397700322276	19.94319130798392	30.081014188251924	0.0038230292997030358
70.0	29.981155233339063	19.95455968388577	19.910722597200493	30.153175969565666	3.8651600900588794E-4
71.0	29.907879458128857	20.01518741957347	19.946738407333502	30.117213847551888	0.012980867412287517
72.0	29.959355110170023	19.969895235065792	19.976933508892277	30.08750844356402	0.006307702307891735
73.0	29.9373677845465	20.00126036798529	19.968290108992576	30.087521868291578	0.005559870184058669
74.0	29.962564775044427	19.992086389041134	19.95726086742635	30.08548088533138	0.0026070831567165504
75.0	29.9365566914158	20.019449006737467	19.980370131811235	30.058267257358196	0.005356912677301254
76.0	29.939143375575505	20.00587348664378	19.950831137012276	30.1032654677802	8.865329882378948E-4
77.0	29.94429862132499	20.023976354749177	19.953784893838318	30.076568771734152	0.0013713583533599178
78.0	29.943844726784953	20.010047946300645	19.95865513928153	30.0854912984676	0.0019608891652745926
79.0	29.974016510811868	20.01811768162019	19.964533833601564	30.040923060051128	0.0024089139152509978
80.0	29.999421226351007	19.97293768579082	19.930427358630386	30.096571569244524	6.42159983258043E-4
81.0	29.911034992876196	20.019431525035962	19.98544473240635	30.06557453710893	0.018514212572562225
82.0	29.923524784495097	20.00489870419991	19.98538321594348	30.08231519620074	0.0038780991607790085
83.0	29.941198514834817	20.038315054281274	19.91890246314213	30.096918773982402	0.004665193759377156
84.0	29.942246682743086	20.01598746209034	19.961249456257033	30.07662065204222	0.0038957468673264817
85.0	29.92975947794986	20.013810864420265	19.966752169605684	30.08813873381134	0.0015387542128430668
86.0	29.90179773392012	20.04191639304357	19.946952902339973	30.10871071143305	6.222592632793406E-4
87.0	29.922175678356123	20.016187537123763	19.967821491834062	30.0935657919993	2.495006867506403E-4
88.0	29.932155821670065	20.03475009595873	19.955474000138924	30.07321688724291	0.004403194989373617
89.0	29.900485404462202	20.03837396524646	19.97024687463225	30.090219749791068	6.740058680170176E-4
90.0	29.928215720253533	20.030416227708876	19.947464576632424	30.09373884501838	1.6463038679111682E-4
91.0	29.880233734204275	20.040841753277686	19.977396287706245	30.101320692120165	2.0753269162977617E-4
92.0	29.88746543406063	20.05890437762145	19.985257708271824	30.06802466385099	3.4781619509951535E-4
93.0	29.91019954055181	20.063942914085896	19.980490300891468	30.044541894589116	8.253498817066856E-4
94.0	29.915746525005986	20.040418934979716	19.98226064134138	30.061203921897693	3.699767752217921E-4
95.0	29.935484469077817	20.06834055561402	19.944439284514367	30.051462720001155	2.7297079264022677E-4
96.0	29.913491829288674	20.05255463389332	19.961976306293995	30.07176901635099	2.082141730217447E-4
97.0	29.89654184294522	20.08326551725345	19.911710422214743	30.1077131055535	7.691120330836818E-4
98.0	29.867576137096876	20.104302798536352	19.95723738400936	30.06963746582049	0.0012462145369214563
99.0	29.897359566284326	20.069585160829668	19.955010872724692	30.07776547464063	2.789255206837826E-4
100.0	29.867361379204382	20.059183765325656	19.974174369577753	30.09743113431481	0.001849351577397916
101.0	29.877282500978268	20.070387989552163	19.968539811841417	30.081060657971115	0.002729039657036295
102.0	29.872837671781948	20.066225825259625	19.977007436854496	30.083527817999023	4.0124810490956193E-4
103.0	29.883272282144873	20.059551796033944	20.00095587578735	30.055987460084843	2.3258594898966937E-4
104.0	29.851888298715767	20.105520118424426	19.974946602088206	30.067438119139712	2.0686163188478242E-4
105.0	29.878641926691397	20.091316962644424	19.991853013875218	30.03799829686199	1.8979992697623548E-4
106.0	29.883973062835363	20.05962112453045	19.990087868690402	30.06577181130018	5.461326436042134E-4
107.0	29.86082869874891	20.062969188486303	20.00374375118041	30.071990392686832	4.679688975509245E-4
108.0	29.84690125103078	20.084967299205253	20.017777546798378	30.050168041645115	1.8586132047847996E-4
109.0	29.887164443002757	20.0671136175821	19.97993742734504	30.06554850268013	2.3600938997960915E-4
110.0	29.823784338138303	20.092886801687452	20.01209060653137	30.07077744560655	4.60808036321352E-4
111.0	29.87553770358024	20.064703182485903	19.966360567562084	30.093043538201947	3.550081698262037E-4
112.0	29.872399119181857	20.053059549653042	19.952618325063444	30.121479478027545	4.4352807411096584E-4
113.0	29.8419057948868	20.060536934731413	20.01463807339328	30.082499603537983	4.195934505263818E-4
114.0	29.853580634998732	20.097791946334542	19.99489998106457	30.053411068177144	3.1636942500899587E-4
115.0	29.871252603615773	20.06983296958015	20.04867676106828	29.99962622049192	0.010611445243879235
116.0	29.832773579915738	20.118592837383474	20.028498793424962	30.019847503051782	2.8728622404195056E-4
117.0	29.81225314433975	20.08471322192047	20.018444510529775	30.08135168677775	0.003237436432247222
118.0	29.79015712696119	20.11779518115312	20.02541873453695	30.06569536656716	9.33590781586582E-4
119.0	29.83987581593594	20.100526921178044	19.99015278302808	30.06918221766145	2.622621964852349E-4
120.0	29.801013249416354	20.104415624246034	20.040817972909178	30.053274742200713	4.7841122771989154E-4
121.0	29.82293594099653	20.13230572917425	20.065964269689605	29.978418701363	3.7535877661602714E-4
122.0	29.790523157782054	20.14218329719458	20.033087660818058	30.03396167450004	2.442097052609197E-4
123.0	29.78824155284053	20.10236802848522	20.057279856961106	30.051856460856758	2.541008563861732E-4
124.0	29.769802453290982	20.074632860433873	20.034466106820187	30.120740326951577	3.582525033817005E-4
125.0	29.74625705869554	20.11024538392502	20.043633257595758	30.09920873423682	6.555655468600938E-4
126.0	29.773530065688163	20.11510143219223	20.05758173253087	30.053367026220197	4.197433685330246E-4
127.0	29.84099325009284	20.068979364214034	20.05281852504551	30.028819231830756	0.008389628816855017
128.0	29.917460294210812	19.992350207236225	20.1282458443789	29.96068257614067	0.0012610780333975685
129.0	29.786255654489977	20.01803349789795	20.221526452219354	29.972053569305174	0.002130826087540745
130.0	29.69688234429806	19.999981952963104	20.23066444226911	30.071978726754477	4.925337152487386E-4
131.0	29.623657404343035	20.046882062788132	20.13636738218338	30.192025806349417	0.0010673443360316778
132.0	29.467400491561868	20.187154215385984	20.09032454482422	30.25286964329956	0.002251104928370503
133.0	29.46065297959976	20.154470251156	20.183166583222825	30.201406581370836	3.0360465057808697E-4
134.0	29.481029718270545	20.095060411277586	20.13250386064786	30.290656036795426	7.499730085856302E-4
135.0	29.58453879889989	20.006924385179143	20.20479642574924	30.200564644845496	0.003175745326230969
136.0	29.694719298360578	20.051337105046834	20.229449417279806	30.0232927891952	0.0012013901175833273
137.0	29.964919782107174	19.9511474344857	20.133974459971032	29.949429616017103	5.287074189859218E-4
138.0	30.02841396651287	19.936225804798728	20.240162876594443	29.793987746366014	0.0012096057279519165
139.0	29.29138623764197	20.486226429425887	21.380097364246144	28.835848224292594	0.0064417443934025
140.0	27.284076673312974	21.43692022535674	21.348082575404096	29.91199355110801	0.018926974818183756
141.0	29.014040445150684	19.583145362015927	19.186443031485105	32.21592040094182	4.507604064625617E-4
142.0	31.33658310705625	19.259223002471064	21.05442322362063	28.348994730944515	7.759359075372827E-4
143.0	31.07481572536444	18.971849742486462	21.482962121193193	28.46037681393769	0.009995597018218963
144.0	33.910959306030556	18.37389677865639	19.074002549889567	28.63639311508449	0.004748250338995398
145.0	27.664062366891624	20.102364171934738	19.03306055753331	33.20030590145709	2.0700218323610334E-4
146.0	27.9359224607551	20.424881550720738	18.91342415540828	32.72554726951514	2.2456360074259973E-4
147.0	28.26581492662985	19.926921244417994	19.422945842343278	32.38110314171525	0.0032148448936288195
148.0	30.806006061120804	19.183570591100832	20.038527133977585	29.9716318166864	2.6439711437802895E-4
149.0	32.84651002146254	19.6471155352342	19.059743102913348	28.444719355404764	0.001911984985145064
150.0	23.81103832565353	25.538089174404284	24.210371137191146	26.391403671553622	0.04909769119742327
