# Position (bp)	A	C	G	T	N
0.0	28.110951541161498	22.306727544560452	27.07195814718387	22.505318589515753	0.005044177578427774
1.0	28.666719376019888	19.171500543327653	19.973459025286548	32.171697074644925	0.01662398072097799
2.0	29.792771694314517	19.962093731379017	18.214487542296514	32.03033696028299	3.100717269610035E-4
3.0	30.998351784578787	19.688415608444636	19.7759363990616	29.53723926118887	5.6946726109937246E-5
4.0	32.39080935389286	19.027631895456537	19.985761283256625	28.595793686199833	3.7811941427034016E-6
5.0	32.865995596454724	18.9426947975136	19.82467022044459	28.365915209099374	7.241764877088926E-4
6.0	29.717052225419145	18.438483329253657	18.46663577385889	33.37774231811522	8.635335309006275E-5
7.0	28.923298274086328	20.85633781717175	18.725660247807497	31.494603788895475	9.987203895009518E-5
8.0	28.729142292881036	20.525982184835133	18.993523237301932	31.75120392438951	1.483605923896327E-4
9.0	31.639150983187577	19.23352743646614	19.319649446178587	29.807526453783467	1.456803842346282E-4
10.0	29.975352268167978	20.96915743616681	20.803547968116916	28.251832892061678	1.0943548661788672E-4
11.0	29.205012416837427	20.98140321426242	20.071484515633014	29.742046428544228	5.342472290677308E-5
12.0	30.0164063054623	20.028799882858035	19.777071518107782	30.17744671798852	2.75575583362787E-4
13.0	30.198038160619177	19.910905785352917	19.684930010354872	30.20605038643238	7.565724065094795E-5
14.0	30.21744913837539	19.978480622974836	19.743590954272292	30.060450780906496	2.850347098539362E-5
15.0	30.382610640553732	20.029135717206092	19.64966035552123	29.93855737570856	3.5911010386368166E-5
16.0	30.510219672598588	19.921582969583756	19.777723622970157	29.790392061268744	8.167357874701024E-5
17.0	30.474953923006314	19.954488963391835	19.88503818364545	29.685441020427845	7.790952856165172E-5
18.0	30.574905235098655	19.804534372796102	19.981150887082176	29.639384789412933	2.4715610140859328E-5
19.0	30.401336964148367	19.89339748793992	19.75595511705828	29.949273347075263	3.7083778163553455E-5
20.0	30.1931349202419	20.141545547988656	19.72638802319685	29.93884371834258	8.779023001819248E-5
21.0	29.996868607895582	20.22837491486265	19.689639658850936	30.085032707684917	8.411070591740586E-5
22.0	29.97763341338771	20.079459838122894	19.65479018802376	30.287867839350017	2.4872111562086903E-4
23.0	30.09134198352323	19.944343091999357	19.791969249322506	30.172192172323665	1.5350283124211927E-4
24.0	30.100437504321153	20.009969707161464	19.850784106841097	30.038703401013773	1.0528066251609833E-4
25.0	30.12201601518369	19.964825978118622	19.88578846800641	30.027322445342936	4.709334834834519E-5
26.0	30.134173082513836	19.96246623228813	19.881222222683782	30.021927661347682	2.1080116657365582E-4
27.0	30.071039132819305	19.99906690721931	19.854981003124372	30.074869528316633	4.342852037790258E-5
28.0	30.104598139392635	19.971275007073416	19.906316796714698	30.017694587696514	1.154691227371218E-4
29.0	30.047025798454857	20.00356513183782	19.881056587000995	30.067716384469307	6.36098237023919E-4
30.0	30.040712624766986	20.005992539122015	19.880766294260006	30.07209043979671	4.3810205428044624E-4
31.0	30.029163904524765	19.980772512505364	19.84740546056206	30.14177787767184	8.802447359650431E-4
32.0	30.04563837868892	20.01626740209786	19.883075892906376	30.054944635639806	7.369066703830077E-5
33.0	30.10247347643636	19.9985468340169	19.885399081432436	30.013528056907752	5.255120655255489E-5
34.0	30.021342315088866	20.03990780914047	19.89028611371763	30.048393570675362	7.019137766860568E-5
35.0	30.00030000232191	20.031102291787935	19.869746501302977	30.098725628060635	1.2557652654247625E-4
36.0	30.045266511613182	19.973848878361654	19.910721793804097	30.070107460346446	5.5355874614515524E-5
37.0	30.06375928926164	20.012730706395505	19.849936338274667	30.073504337693624	6.932837456461938E-5
38.0	30.081512035400365	19.937308945511322	19.863121218028517	30.117975712637378	8.208842241560514E-5
39.0	30.068195256383866	20.002820829035	19.828359373112946	30.100572664734347	5.1876733845392124E-5
40.0	29.999352577587402	20.020063122354127	19.897359651162162	30.083171404836527	5.3244059778931426E-5
41.0	30.034488968723604	19.963088241459896	19.87217170407325	30.130201550328916	4.9535414334718234E-5
42.0	29.98839734096451	20.055963820828477	19.88493801787643	30.07051375250736	1.8706782322090707E-4
43.0	29.99106537182576	19.996488059651426	19.871885956207482	30.14035152271351	2.090896018172844E-4
44.0	29.97059895832302	20.028421913909032	19.897593071459426	30.103108860319423	2.7719598909922304E-4
45.0	29.972193370885385	20.018650895519315	19.904079755725256	30.10452946242373	5.465154463119672E-4
46.0	30.01953575363255	19.977882160365894	19.926246852269173	30.076226230846796	1.0900288558850666E-4
47.0	30.01493848807966	20.021045763034955	19.866035692943914	30.097836149774043	1.439061674225938E-4
48.0	30.009845542119695	19.986684816431893	19.860736188136293	30.1426639317395	6.952157262123056E-5
49.0	30.007586658358072	19.998051673277786	19.88801971525019	30.10621295902482	1.289940891296526E-4
50.0	30.013469350848474	20.02677429946425	19.86954786232378	30.090125769258986	8.271810450636343E-5
51.0	30.02813108552293	20.017595850243993	19.8633929000414	30.089552737497034	0.0013274266946414828
52.0	29.997307538193635	20.011737623029212	19.91430863014008	30.076577434009028	6.877462804832022E-5
53.0	30.01632015405424	20.029029499216435	19.814431468258007	30.13955054726119	6.683312101248278E-4
54.0	29.990704210602658	20.01076733066856	19.87348210583015	30.124935612740995	1.1074015763952639E-4
55.0	29.964690503897597	19.978016986921258	19.90406212736088	30.152820094961807	4.102868584596577E-4
56.0	30.00323352776308	19.969098587300028	19.86931326641632	30.15830094023153	5.367828904617006E-5
57.0	30.009859335727008	19.9698756002529	19.90876883980262	30.11143194273911	6.428147836118175E-5
58.0	29.998951897210706	19.95932388033165	19.88310958026442	30.15856598497465	4.8657218574538126E-5
59.0	30.03054929661667	19.94445601599797	19.874860665340567	30.149985122570687	1.488994741041875E-4
60.0	30.045687275013357	19.924346745408354	19.886081346823723	30.14336043112455	5.242016300241144E-4
61.0	30.030877521106685	19.96299629636181	19.90059933129685	30.105336338269634	1.905129650224679E-4
62.0	30.036162880160905	19.940357080351852	19.85611371347129	30.167310643699903	5.5682316053435776E-5
63.0	30.051353338106463	19.964540936175347	19.835334282247214	30.147671484500243	0.00109995897073332
64.0	30.04251504370329	19.928050010482103	19.861808237341467	30.166895909818436	7.307986547074994E-4
65.0	30.014801505561152	19.93074845543925	19.849900074997944	30.204491272860786	5.8691140872410455E-5
66.0	29.986698697429315	19.942846633789422	19.884124162954855	30.186273034362323	5.747146408153784E-5
67.0	30.010909845899214	19.941676392111564	19.892677640296075	30.154687909074855	4.821261828949157E-5
68.0	29.980217846982832	20.02525941438434	19.833678057030806	30.160792344668714	5.233693331363496E-5
69.0	29.988961514459884	19.9863623885612	19.869903313538575	30.154728406808175	4.437663216916932E-5
70.0	30.014421262619916	19.93390829557045	19.810733863914994	30.24088402620136	5.255169328158402E-5
71.0	29.95321158227527	19.978851104258318	19.877735385436686	30.189819798785862	3.82129243860881E-4
72.0	30.012560790371452	19.949426113344874	19.89133675432706	30.146580263859146	9.607809747396339E-5
73.0	29.974872029212644	19.986930498719392	19.879388181343703	30.158689946933375	1.1934379087821502E-4
74.0	30.0304734084261	19.941854195290347	19.852383534261673	30.174674569208477	6.142928134060437E-4
75.0	29.996268684970623	19.95503818503433	19.897530882154346	30.151120029151052	4.2218689652809295E-5
76.0	29.98196457746222	19.952667644218312	19.863394711528297	30.201827033191346	1.460335998200866E-4
77.0	29.983354113056677	19.973916981108957	19.86741027220373	30.17527487292952	4.3760701115354976E-5
78.0	29.972954987663197	19.954518782117376	19.878218370309487	30.194163964097747	1.4389581219606635E-4
79.0	29.998890094254648	19.964828539887268	19.87941029260285	30.156345097134878	5.259761203545425E-4
80.0	30.03443815658406	19.923608751196635	19.849986988616823	30.191824353910064	1.4174969242037008E-4
81.0	29.953536242573346	19.986369888344424	19.893150857171747	30.166887852720443	5.5159190043005006E-5
82.0	29.937214351545567	19.950591120333204	19.911046546887466	30.201095461529064	5.2519704702155506E-5
83.0	29.987487290047543	19.97322072854733	19.8314914613941	30.207747885072777	5.263493825201475E-5
84.0	29.983549674619137	19.97508021116026	19.867146465972844	30.174158408838004	6.523940975601794E-5
85.0	29.976516631056406	19.952482397906326	19.868134793967396	30.202654734243144	2.1144282672907197E-4
86.0	29.948641705964935	19.9770425210908	19.839135655198902	30.23447749994758	7.026177977772296E-4
87.0	29.96599760975925	19.95768038787063	19.863899624418682	30.212068899514044	3.5347843739617446E-4
88.0	29.99074640745966	19.963216654618375	19.853204054666904	30.192656464332362	1.7641892269364812E-4
89.0	29.94377318314203	19.96687822399325	19.88204697677467	30.207256716242036	4.4899848012611356E-5
90.0	29.940912591447344	19.996414044728063	19.835186672159264	30.226600819254806	8.858724105246368E-4
91.0	29.93307384718183	19.99350695078565	19.861653265281223	30.211656014053307	1.0992269799005078E-4
92.0	29.94518347116888	20.001865182264435	19.868918334959165	30.18400476410995	2.8247497568314173E-5
93.0	29.93617996853973	20.026053411971507	19.870209932582004	30.16751705548745	3.963141930798871E-5
94.0	29.94564542001602	19.985264703483896	19.85134176348741	30.21770272213759	4.539087508089328E-5
95.0	29.990906455052134	20.017961048522057	19.81309079520431	30.177834141217996	2.0756000350008718E-4
96.0	29.95781663736099	19.987509826733216	19.8399314557755	30.21468366823296	5.841189733524924E-5
97.0	29.952756127217505	20.021855079715444	19.802943043934025	30.222188741414215	2.5700771881276654E-4
98.0	29.935903590450202	20.03070864421058	19.836047689987517	30.197307160557635	3.291479405936051E-5
99.0	29.915151504372982	20.01657866791052	19.84496180288797	30.22166008297882	0.0016479418497113178
100.0	29.914391408924235	19.993394598492216	19.857891147583214	30.234246656473694	7.618852664039648E-5
101.0	29.905590448146974	20.033146881225917	19.845959950272906	30.21526237710112	4.034325307648283E-5
102.0	29.914341360298053	20.014249723163545	19.84362188127366	30.227730713389906	5.6321874835637605E-5
103.0	29.928752149757052	20.0196710505318	19.861649839523167	30.18980826805085	1.1869213713081588E-4
104.0	29.88603029338564	20.056367285469832	19.831735690948857	30.225826100732682	4.062946298326533E-5
105.0	29.90565677147431	20.015452135757954	19.871674639066196	30.207151004433914	6.544926762560412E-5
106.0	29.918687088323438	20.00849147319669	19.858757971015486	30.214016817426227	4.6650038163375755E-5
107.0	29.895476092672762	19.997112071273214	19.869594032385482	30.237705290760243	1.1251290829911578E-4
108.0	29.86305077306187	20.031236033372064	19.906537672989185	30.199031982052883	1.4353852399687299E-4
109.0	29.91465626570033	20.02128564846938	19.839222734681687	30.224782496731102	5.2854417498805634E-5
110.0	29.871216981350063	20.021584765682547	19.877666213807508	30.229476112452126	5.5926707755135795E-5
111.0	29.923046771907675	19.996248522754414	19.831364975659653	30.24927777055741	6.195912084728213E-5
112.0	29.925950349977974	19.991798138686455	19.80136874050413	30.280835451832044	4.7318999393030324E-5
113.0	29.873896116872938	20.001468659701718	19.895362887832036	30.229218972907333	5.336268597285164E-5
114.0	29.884516451317182	20.05464365338969	19.83662294697948	30.2241471155991	6.983271454366869E-5
115.0	29.93426236017459	19.99895297564916	19.91207974185116	30.154657262610684	4.7659714405118896E-5
116.0	29.86779828457335	20.057447939009016	19.888320673858658	30.186382340043284	5.076251569233592E-5
117.0	29.85403613160941	20.022151347715194	19.89186145277379	30.231898680125912	5.238777569272768E-5
118.0	29.842037509341008	20.034016189523836	19.898554045600577	30.22534423846907	4.8017065505165865E-5
119.0	29.90466584525327	20.03086355904198	19.853243882071233	30.21113042486591	9.62887676068337E-5
120.0	29.841570828679114	20.046979000028642	19.885952268200604	30.225339542844736	1.5836024690866094E-4
121.0	29.859333634643754	20.06039302321826	19.90291266539792	30.177297172937728	6.35038023355247E-5
122.0	29.813628245987978	20.075768898115562	19.87607199189729	30.234468717344587	6.214665458495281E-5
123.0	29.826453852365226	20.027969621996753	19.914452924147614	30.231061294807336	6.230668306801451E-5
124.0	29.800934520925427	20.01387289254381	19.89411737153377	30.29101426605891	6.094893809198465E-5
125.0	29.807031655953775	20.033247849297034	19.899111144174697	30.260534483860546	7.486671394881626E-5
126.0	29.81056019274564	20.04423829081415	19.933883115843624	30.211257113446315	6.128715027866654E-5
127.0	29.921826140761805	19.966744067074945	19.919247663606544	30.192122206849486	5.992170721921978E-5
128.0	30.02398836725959	19.86627679278765	20.004766859878046	30.104886324103948	8.165597076161602E-5
129.0	29.826255416839043	19.902349498120028	20.134841422689767	30.136504220310766	4.944204039389979E-5
130.0	29.691108971761054	19.921455944990125	20.068056102427175	30.319317002612316	6.197820932929475E-5
131.0	29.60704741378239	19.992536433986725	19.83807362178864	30.562280375495437	6.215494681276891E-5
132.0	29.32150809604667	20.213510726544264	19.757852817920778	30.70706912949349	5.9229994792592375E-5
133.0	29.40847059809453	20.10569563808883	19.936653287287253	30.549116373083308	6.410344607618117E-5
134.0	29.495893781758298	19.998883617675975	19.876196054741254	30.62895126294789	7.528287658506333E-5
135.0	29.6274339301772	19.89685780776965	19.988601358601883	30.487029813318696	7.709013257158633E-5
136.0	29.71052793806004	19.96131372297676	20.01107581346814	30.31702255215416	5.9973340903021114E-5
137.0	29.884264573522334	19.96037210434415	19.937677331120003	30.21760682135879	7.916965472736022E-5
138.0	29.895824322487364	19.992508164918473	20.070649374017357	30.040967309860655	5.082871615335647E-5
139.0	29.44364608564954	20.352296657823675	20.971454266090547	29.23254083033841	6.216009782660565E-5
140.0	28.008530329616544	21.01104480142551	20.956211081270865	30.02413541038515	7.83773019333601E-5
141.0	29.512948043241767	19.518160177591515	19.29687408424357	31.67196791791611	4.977700703702366E-5
142.0	31.333068029994386	19.297571204139377	20.51840128418595	28.850894998976173	6.448270411056927E-5
143.0	31.21869453593878	18.984626043423752	20.827414887391413	28.969211122172954	5.341107309627439E-5
144.0	32.908633965838995	18.818527479325653	18.3928278121374	29.879948902044422	6.184065352812076E-5
145.0	28.057968733930768	20.157181314670044	18.950926097003666	32.833511303294436	4.125511010841548E-4
146.0	28.30543901310249	20.21171601033263	19.04175934444334	32.441009763616826	7.586850470764071E-5
147.0	29.217935215264124	20.044167092215883	19.740499024060508	30.99732226227678	7.640618270857658E-5
148.0	31.647339502048737	18.52865168433125	19.884863590289793	29.938728672184002	4.165511462157592E-4
149.0	31.651779109958632	20.432684858507358	19.25625451187416	28.643662586859055	0.015618932800796325
150.0	21.677687375952384	27.808599892203112	22.19108189841366	28.31975830198769	0.00287253144315115
