# Position (bp)	A	C	G	T	N
0.0	21.612485217993456	29.401367820192874	28.07485741160572	20.853708957223137	0.057580592984807374
1.0	27.15963568537228	17.52456476334345	17.630281061566595	37.68495989858283	5.585911348458789E-4
2.0	30.169157626953503	20.115079334130318	19.144403639680746	30.571138838358564	2.2056087687242598E-4
3.0	36.939833144191006	18.28844014342029	19.66319716256881	25.107568198635942	9.613511839486172E-4
4.0	35.928534102282335	17.54675394503085	21.220089676855995	25.304278055149997	3.442206808258738E-4
5.0	37.33352472142868	17.919916215135284	20.29982361530934	24.44576019099268	9.752571340151111E-4
6.0	25.843894428008124	18.814620280205993	16.20194298755853	39.13935078294867	1.9152127868647968E-4
7.0	26.683580260553562	23.239979147157474	18.36805672367614	31.691779167810587	0.016604700802235663
8.0	25.86338959083877	22.64131333930341	18.627625460063015	32.86765804665472	1.3563140084357097E-5
9.0	35.43758120475982	17.914736615462857	19.06075809552327	27.586917831747094	6.25250696220558E-6
10.0	30.01229574770762	23.164222145440842	23.520410747075637	23.30307031892332	1.0408525844179716E-6
11.0	27.46834948722336	23.29162649392906	21.02580686453663	28.203956987763423	0.010260166547533317
12.0	29.527933213737924	20.6487092283774	19.678139546640615	30.14521333410787	4.677136196990001E-6
13.0	29.847593140783818	20.456885978646746	19.67740325083885	30.018105685330397	1.1944400188133651E-5
14.0	29.901345138345597	20.6680828439583	20.095967838972324	29.334486889080875	1.1728964290675186E-4
15.0	30.266982195917535	20.611735566264887	20.021924131784736	29.09933580443352	2.2301599319259756E-5
16.0	30.252168967788258	20.557114093300434	20.18314763200513	29.007538203254533	3.11036516490547E-5
17.0	30.222108288897402	20.665703914642556	20.14772295888543	28.96446276497098	2.0726036370214433E-6
18.0	30.106671091701177	20.66736812578865	20.16209174861578	29.059338863383484	0.004530170510915396
19.0	30.053052484062555	20.709649659608424	20.035441947736217	29.201793690259414	6.221833339203461E-5
20.0	29.94995862700694	20.713782990903983	19.960823378571675	29.375428774443	6.229074397853286E-6
21.0	29.998989077305126	20.590794657484057	20.03974355515992	29.370373956677103	9.875337379207083E-5
22.0	29.974677154484812	20.39631094245174	20.04799431141523	29.580857819822782	1.5977182543245002E-4
23.0	30.061615604311363	20.246927266046185	20.17407993498287	29.516932148834663	4.4504582491984796E-4
24.0	30.055764600716955	20.280253868849076	20.189834562173367	29.474144880549108	2.0877114926769213E-6
25.0	30.179341830302192	20.257404458630774	20.166114251177927	29.394574855097606	0.002564604791500375
26.0	30.10960055210155	20.30544239002911	20.142636810580733	29.442308728680374	1.1518608230442449E-5
27.0	30.07175548050836	20.337955380551374	20.177830475374453	29.412454992648122	3.6709176889897115E-6
28.0	30.00989179657817	20.330359050239622	20.25434535643999	29.405225739361473	1.780573807400027E-4
29.0	29.985273435255344	20.31897472096226	20.176597884987473	29.51803078947477	0.0011231693201528704
30.0	30.0309668322573	20.30309097514381	20.182738681167052	29.483065859266926	1.376521649091289E-4
31.0	30.09887571319473	20.234499441929955	20.17639022081922	29.490226693582834	7.930473265954306E-6
32.0	30.127164615952136	20.264990709777987	20.219071062387453	29.38852132942446	2.5228245796275967E-4
33.0	30.230941638591613	20.201583512693208	20.179904689375828	29.387520210582256	4.994875709186667E-5
34.0	30.00404530653832	20.30921798592017	20.24315189029256	29.443527820093284	5.699715567147321E-5
35.0	29.977368187726345	20.382543008144594	20.167063814573314	29.47280869163449	2.1629792125841342E-4
36.0	30.066907688958455	20.265630194595012	20.201509422383726	29.46583542347627	1.172705865368708E-4
37.0	30.068943448066758	20.32015173329473	20.11231349496162	29.498583271260387	8.052416507378685E-6
38.0	30.166245672102836	20.158805953531484	20.124733120991163	29.550175427915942	3.982545857723915E-5
39.0	30.142015223149976	20.2253636893898	20.147193612383983	29.485405892609183	2.1582467059867562E-5
40.0	30.06416645558776	20.23555675944537	20.274158167049812	29.42432594604485	0.0017926718722128961
41.0	30.09971632478606	20.21392656657962	20.150118799438093	29.536213364375392	2.494482083618326E-5
42.0	29.99528128526138	20.32093914416069	20.228929697554513	29.45464818137522	2.016916481978367E-4
43.0	30.08553117682087	20.217780356925136	20.16818923770078	29.52847524594937	2.3982603847658862E-5
44.0	30.04273638109109	20.246812531316507	20.23218383966958	29.476206006798716	0.0020612411241014536
45.0	30.07716344624372	20.23894661878119	20.23193158573409	29.451955610277608	2.738963394931981E-6
46.0	30.084303398129723	20.189956592763277	20.297068018905016	29.428628606798675	4.338340330893235E-5
47.0	30.051080307086874	20.268992381635634	20.175225237656758	29.50467509771595	2.6975904786022636E-5
48.0	30.07081945801451	20.23179560194111	20.182686715051222	29.514050247098144	6.479778950123474E-4
49.0	30.11603326119681	20.250373337485595	20.201924634146586	29.425918111919724	0.005750655251283078
50.0	30.0930940774493	20.232808053856466	20.20125987796302	29.472835771919392	2.218811822164429E-6
51.0	30.101808868351128	20.163146404574324	20.228441960044766	29.50537316781723	0.0012295992125537641
52.0	30.034519277873358	20.208257274066582	20.27626249610939	29.480905756074616	5.519587605851891E-5
53.0	30.14759081818681	20.167961199850073	20.214478282346192	29.46986741144677	1.0228817015680704E-4
54.0	30.06036921420181	20.1967812324846	20.2444441616305	29.498157695983018	2.4769570007157567E-4
55.0	30.053282183935355	20.241991733414924	20.196304350532117	29.508079489797062	3.4224232054455084E-4
56.0	30.057446281072714	20.237584796787996	20.22072447750716	29.484240500566	3.944066133064193E-6
57.0	30.05046118130683	20.234422830009173	20.282407933003785	29.429931124306645	0.0027769313735639136
58.0	30.093066911187517	20.26203727983827	20.20073732926147	29.444140920612842	1.755909989448397E-5
59.0	30.139569552617772	20.25595074006703	20.193226418449925	29.411244769702787	8.519162487269673E-6
60.0	30.13313589539029	20.24888634543964	20.17503045832226	29.442100058032715	8.472428150876955E-4
61.0	30.131925225449702	20.290638953944967	20.160599489404245	29.41669361324412	1.4271795696572923E-4
62.0	30.1028545460793	20.23874516293141	20.200127478363463	29.458227600226333	4.5212399497128236E-5
63.0	30.192821282753602	20.22224856841368	20.157334079798982	29.42703664438575	5.594246479872041E-4
64.0	30.127740939452142	20.18266370137732	20.228992177017055	29.46053818112607	6.500102741889445E-5
65.0	30.08258279669881	20.2369190459738	20.21795839366738	29.456855316842308	0.005684446817706117
66.0	30.05658707441184	20.260317925250824	20.187655317163287	29.47792083210674	0.017518851067311495
67.0	30.07794985321327	20.2425193638566	20.202846366661873	29.475590392598367	0.001094023669883326
68.0	30.084336008249757	20.26523759195549	20.196734903587963	29.453556064856222	1.3543135056624225E-4
69.0	30.090034877388934	20.2420084106149	20.21443759171601	29.45348998304341	2.913723674637717E-5
70.0	30.116093617338347	20.18678854633521	20.204653273248947	29.492387446626577	7.711645091771878E-5
71.0	30.0170365449489	20.237454848697958	20.277302623555048	29.459137235424965	0.009068747373132846
72.0	30.11999257646253	20.179504500074724	20.229961815154162	29.466371373485455	0.004169734823129862
73.0	30.075000990051347	20.233223414324193	20.223976850023195	29.466212307935557	0.0015864376657047832
74.0	30.114134685417998	20.21486365956306	20.187273319840997	29.483718299107004	1.0036070937735873E-5
75.0	30.044013596400486	20.241077061019112	20.235533354499065	29.47680924900275	0.0025667390785829368
76.0	30.02975015706792	20.24978506706357	20.214231612400564	29.506231976493197	1.1869747492072211E-6
77.0	30.089581942544015	20.235930673034012	20.219268724148474	29.455082384467406	1.3627580609266754E-4
78.0	30.071377305858544	20.230770823095963	20.23618725858053	29.46166162886053	2.9836044312898786E-6
79.0	30.159270545394513	20.190341580943556	20.23791285510289	29.412150114128217	3.2490443082763127E-4
80.0	30.195879295919692	20.176538506867033	20.199183404642707	29.427894105700837	5.046868697321395E-4
81.0	30.078622552421656	20.213901367200105	20.27051598832753	29.423863564365394	0.013096527685312753
82.0	30.069181668261468	20.20434639382924	20.286417001548905	29.436623284439545	0.003431651920841668
83.0	30.130390723728112	20.253723159267523	20.144598985834797	29.468313245534716	0.0029738856348524145
84.0	30.15382283111038	20.24287350980967	20.18356720458429	29.41971824673893	1.8207756731357593E-5
85.0	30.148904073041017	20.22914088642921	20.210980895669028	29.410813469293995	1.606755667500441E-4
86.0	30.077545108105742	20.231447327316488	20.244131094934996	29.446568255676485	3.0821396628560334E-4
87.0	30.114596164901325	20.22661049107622	20.248184374160864	29.41058754533804	2.1424523549049698E-5
88.0	30.090888939539322	20.26903117263313	20.203432874661342	29.433630865393695	0.0030161477725042705
89.0	30.05805127784264	20.294415971970206	20.206259442989307	29.441236361590693	3.6945607150068576E-5
90.0	30.14983743484356	20.252663975772318	20.171330751505035	29.426134485605786	3.335227330700711E-5
91.0	30.093657167131227	20.233891055337164	20.26292833518559	29.409505478715335	1.7963630684651324E-5
92.0	30.084624820960126	20.256651773679472	20.267561461537582	29.391132122352598	2.9821470227185367E-5
93.0	30.11366797376237	20.2518770183462	20.25847418760163	29.375875509852072	1.0531043772252283E-4
94.0	30.133004431530825	20.229360451571818	20.25523535296497	29.38238851261641	1.125131598204555E-5
95.0	30.16009151023867	20.282162838422312	20.21840696904182	29.339335547697882	3.134599318588262E-6
96.0	30.092281420029686	20.25152886176502	20.260216005079656	29.395967424929246	6.288196391339916E-6
97.0	30.092287018316892	20.267381563613938	20.203828585218766	29.43614394039706	3.588924533476236E-4
98.0	30.030930585815195	20.312412583795382	20.22070216934869	29.435783190032712	1.7147100801731362E-4
99.0	30.073687773505338	20.277672718487953	20.240826229582108	29.40780312368052	1.0154744083186038E-5
100.0	30.07091898945118	20.269475899625476	20.23945612096392	29.420144533341453	4.456617972321716E-6
101.0	30.1383936630905	20.27250263056157	20.2150882968356	29.372966078051753	0.0010493314605800436
102.0	30.094653672624354	20.243221513104587	20.226408697411358	29.43555400540841	1.6211145128956807E-4
103.0	30.079210649681432	20.260181323665886	20.237532242171575	29.42296649906291	1.0928541820029196E-4
104.0	30.09036619141573	20.270441729583965	20.24976827908272	29.38941541521548	8.384702103272854E-6
105.0	30.14764559840648	20.273372558373822	20.264973672933554	29.31399975781132	8.412474822676193E-6
106.0	30.149896541341363	20.23679114008431	20.238687748511463	29.37450055355838	1.240165044800248E-4
107.0	30.102254207174568	20.254789937047306	20.274929206503337	29.367803176419706	2.2347285508131308E-4
108.0	30.086680120890573	20.264912084819482	20.23975586000848	29.408621206526224	3.07277552398047E-5
109.0	30.156917647581842	20.262150771833884	20.230560128416915	29.350355706052255	1.5746115098800182E-5
110.0	30.069314821177013	20.256255112745	20.27837818130819	29.395863536077837	1.883486919617994E-4
111.0	30.102736758708147	20.2666386410582	20.252975760292415	29.37751861023779	1.3022970344786047E-4
112.0	30.043656458182745	20.271709254017697	20.228900518527915	29.455726471611896	7.2976597453406E-6
113.0	30.09651318476117	20.255145746886807	20.227585714238533	29.420748695331532	6.658781958557659E-6
114.0	30.120783491909826	20.30128676990377	20.23865071340124	29.339278356467624	6.68317540199016E-7
115.0	30.15780006963218	20.263010713946077	20.22450615598705	29.346678297875982	0.008004762558713832
116.0	30.073504713215176	20.306184195515073	20.26640309411768	29.35390732384331	6.733087588204794E-7
117.0	30.081405705235547	20.290914655572003	20.276750857948063	29.349276011464852	0.0016527697795324764
118.0	30.11483631318783	20.297494299342436	20.27073746477221	29.3163407501819	5.911725156173559E-4
119.0	30.099508265038704	20.33221738017815	20.214624199793437	29.353648110495378	2.044494330106099E-6
120.0	30.096697666897803	20.318156247285714	20.24737024342978	29.337752574625664	2.326776104162704E-5
121.0	30.07994578422364	20.326969418424	20.273913123196024	29.319170299712127	1.3744442056882143E-6
122.0	30.06992744906028	20.313022812994067	20.24758049074336	29.36946648635972	2.760842577681103E-6
123.0	30.086910040876486	20.306759657833208	20.25486670475444	29.35144072612904	2.2870406821845935E-5
124.0	30.017464673560788	20.333145419219512	20.24570267494276	29.403686536204216	6.960727277389695E-7
125.0	30.04659016858815	20.361439243906876	20.249599686191555	29.342107353000717	2.635483126979898E-4
126.0	30.06109638042197	20.31542553854764	20.295994500134977	29.327454092056627	2.9488838783451156E-5
127.0	30.12324258320635	20.28429522496527	20.29679765919782	29.290030536793537	0.005633995837022347
128.0	30.062487906266615	20.332429070796277	20.30012974509732	29.304953277839786	0.0
129.0	30.088482815526994	20.31671456097504	20.27006569852453	29.323273718850718	0.0014632061227151743
130.0	30.072617256703143	20.304521547748347	20.291631367570005	29.331220529252445	9.298726059508827E-6
131.0	30.13259323931076	20.32500964499116	20.250520514719028	29.291872288601766	4.312377283218698E-6
132.0	30.121546386032183	20.33740851350977	20.27836619137288	29.262663018270434	1.5890814732039187E-5
133.0	30.103643056841396	20.394747391030997	20.27060698354394	29.231002568583662	0.0
134.0	30.038675156587242	20.34170112695398	20.28609731433162	29.333508894629485	1.7507497677065086E-5
135.0	30.00694646762841	20.348750997958444	20.304225612222403	29.340076188876306	7.3331443288714E-7
136.0	30.038992190281142	20.30699948177634	20.318965975770112	29.334172329811793	8.700223606068976E-4
137.0	30.0663813226918	20.367513075423542	20.31249643208824	29.253608428412157	7.413842622804001E-7
138.0	30.096875922369115	20.375942454058794	20.272473496799563	29.25470141812529	6.708647244293071E-6
139.0	30.048362933654055	20.390247136469554	20.287645488393334	29.272831387341093	9.130541419666655E-4
140.0	30.006470544991252	20.386610125548806	20.25982712607089	29.33216609126253	0.014926112126522291
141.0	30.034959292068592	20.37786574073052	20.307693477120132	29.279480731469892	7.586108648597026E-7
142.0	30.016786907120856	20.32859909803915	20.336164866733576	29.318415539788127	3.35883182882477E-5
143.0	30.048854043441548	20.367387489992804	20.255443977087722	29.32819078734762	1.2370213031049788E-4
144.0	30.163219477632357	20.318015341648742	20.27258373918331	29.24274498321926	0.003436458316324991
145.0	30.132017519568354	20.32606420089281	20.373148511586297	29.16876743369491	2.334257631921465E-6
146.0	30.240802182192844	20.259261710501576	20.323828322212993	29.176104646944534	3.138148055816859E-6
147.0	30.178929518556714	20.26646423034807	20.339621768898446	29.21242848404968	0.002555998147091145
148.0	30.11637269323335	20.410897652750997	20.328123271289293	29.144554552553103	5.183017325431491E-5
149.0	30.115288825936766	20.348008479184728	20.419316639599185	29.11731211833922	7.393694009996386E-5
150.0	29.79504079084789	20.379316291604514	20.586742804610047	29.23890011293755	0.0
