# Position (bp)	A	C	G	T	N
0.0	27.219677616059023	22.42159771487257	27.11721558318006	23.22928324703383	0.012225838854518521
1.0	28.517023760747378	19.161736216849885	20.00396965826842	32.29780876949499	0.019461594639324696
2.0	29.79356175140119	19.92023499593964	18.72158211749439	31.563916500142717	7.046350220670598E-4
3.0	31.708635033504905	19.41712169196144	19.919793841996665	28.953163155060256	0.0012862774767312564
4.0	32.73966903212438	18.877316218555666	20.083437784838523	28.299559559193682	1.740528774223908E-5
5.0	33.005097218032	19.011271035492232	19.79776184514812	28.18379331117244	0.0020765901552088194
6.0	28.88067304859779	18.654571726538492	18.211912831416473	34.25271061704582	1.317764014255571E-4
7.0	28.397569542795903	21.345194911770612	18.738960241369043	31.518212741456864	6.256260757444864E-5
8.0	28.53463967964603	20.835019526203247	19.139882395281116	31.49043184567609	2.655319352056469E-5
9.0	32.09810267755121	19.13998315347809	19.473452127134678	29.28844488270596	1.7159130059560587E-5
10.0	29.847660392893992	21.224956484246498	21.18617420089341	27.741140371752483	6.855021361570828E-5
11.0	28.88575491629758	21.23920370594075	20.24098383495547	29.63402952570139	2.8017104816051597E-5
12.0	29.85143782995232	20.04414096369886	19.807154106833934	30.297246883039353	2.021647553181305E-5
13.0	30.016851520951036	19.990377573792742	19.755151143706495	30.237506333518283	1.1342803144454995E-4
14.0	30.04437104197053	20.099737964429387	19.87363649156765	29.98203869561259	2.1580641984042867E-4
15.0	30.217218183914195	20.155604340655955	19.781581847615424	29.845268293170278	3.273346441508627E-4
16.0	30.312565485910437	20.04933726030074	19.890123895679945	29.74679047434089	0.001182883767996092
17.0	30.262691826301047	20.079935439620517	20.033233926845668	29.62410007521912	3.873201364686868E-5
18.0	30.381232131021125	19.90835780372333	20.08693534769897	29.623446849891817	2.7867664758433486E-5
19.0	30.19357304132853	20.01719818500873	19.896768767139587	29.892342310441904	1.17696081245481E-4
20.0	30.02992769464512	20.21433107476957	19.84911411346838	29.9065620508491	6.506626782490408E-5
21.0	29.85100626359235	20.280891098713017	19.85270065105052	30.015315198299046	8.678834506295897E-5
22.0	29.851431895369778	20.13141790231799	19.799191458123193	30.217907577325615	5.116686342134582E-5
23.0	29.953056568089693	20.01963320540677	19.933438720758552	30.093820312159558	5.1193585425130386E-5
24.0	29.98184693670685	20.066218254820285	19.98369417111941	29.968178550657797	6.208669565773877E-5
25.0	29.98696878379147	20.04930738852874	20.03079343177001	29.932882247196734	4.8148713047027626E-5
26.0	30.006565762652304	20.050485422709148	20.00948379304163	29.933350010012997	1.1501158392010613E-4
27.0	29.929131205790405	20.09234840458388	19.997245856844373	29.98114077611126	1.3375667008352747E-4
28.0	29.959643347187814	20.060340980044604	20.053759170935464	29.926158451708236	9.80501238769934E-5
29.0	29.912681875384084	20.09375528172751	20.00558016725832	29.987934398898393	4.8276731694541785E-5
30.0	29.90907328762128	20.08591973310671	20.013522510151045	29.991406466639702	7.800248125892886E-5
31.0	29.922062408867305	20.047236191883737	19.97842392336423	30.052154010765193	1.2346511953306805E-4
32.0	29.929332993720692	20.10614126662446	20.01248840514477	29.951951220535634	8.611397444425328E-5
33.0	30.007215647636098	20.0753644068319	20.001112392083893	29.916238538710815	6.901473729720627E-5
34.0	29.891168938069907	20.111081241410194	20.031225011536886	29.96646352616198	6.128282103618628E-5
35.0	29.852486147251188	20.13031948679537	20.005482234228182	30.011543675271753	1.6845645351084424E-4
36.0	29.915074855266905	20.060896959487227	20.058771953543676	29.965205749007172	5.048269502119784E-5
37.0	29.952817215749448	20.10753837088441	19.964126479134688	29.97538042117562	1.3751305583725536E-4
38.0	29.963765876897675	20.024485922795794	19.99804376152351	30.01343045136687	2.7398741615391163E-4
39.0	29.936100331185507	20.093532540793916	19.980305898706103	29.988285542062414	0.0017756872520603448
40.0	29.878509086681593	20.11504848799521	20.046776586865388	29.959355800713972	3.100377438359409E-4
41.0	29.903850842597286	20.055192847356686	19.99609736601837	30.044118179556495	7.407644711645004E-4
42.0	29.87417305132577	20.153446968954555	20.005151161713535	29.9671123047741	1.1651323204066637E-4
43.0	29.881456881637558	20.087981158201394	19.993338854973793	30.037099987528343	1.2311765890972117E-4
44.0	29.858970363073396	20.123585538868344	20.029634459309705	29.98771991892019	8.971982836725004E-5
45.0	29.861075273380735	20.128432509279467	20.043509193960947	29.966771140461567	2.1188291728811633E-4
46.0	29.914677533634542	20.05927135806865	20.064555085463766	29.96138021510931	1.1580772372857957E-4
47.0	29.91273132039304	20.115539600676826	20.000394545435146	29.971236219477245	9.831401774480987E-5
48.0	29.880178584356166	20.094121601775115	19.9969501606414	30.02863822734797	1.1142587935164284E-4
49.0	29.88488550033314	20.10343753023602	20.040281256886534	29.971309959547238	8.57529970672475E-5
50.0	29.891012082494626	20.12905756133376	20.011664857326547	29.96818930245103	7.619639403321278E-5
51.0	29.908536196039098	20.108311646947975	20.015549405560336	29.967519893208394	8.285824419871252E-5
52.0	29.869875976799488	20.105445449836452	20.07099686703643	29.953553100021637	1.28606305996956E-4
53.0	29.88851861095207	20.112569386333647	19.97842600884426	30.020342450000243	1.4354386977961123E-4
54.0	29.87243097769384	20.10007963030822	20.014075562610557	30.012872738239	5.410911483896212E-4
55.0	29.828732696919324	20.088991780908074	20.04509663678626	30.03679358137959	3.8530400674685356E-4
56.0	29.87536205444647	20.092270406188387	20.013802001152158	30.018424245467163	1.412927458201334E-4
57.0	29.864886321025402	20.074881359535233	20.07427055755322	29.985871211727083	9.055015905876303E-5
58.0	29.873985648238964	20.071655821531724	20.0201904055354	30.03328517197592	8.829527179974777E-4
59.0	29.871841083254182	20.086625283599798	20.033379071630385	30.00748635819082	6.682033248110394E-4
60.0	29.89990983430863	20.051586516245663	20.02046615180145	30.027899936252727	1.3756139153590062E-4
61.0	29.897251083042725	20.092475985174158	20.032821560287758	29.97722548326213	2.2588823322614604E-4
62.0	29.915445834458765	20.04591590582563	20.011293415619164	30.02726828984969	7.65542467553065E-5
63.0	29.92459414308627	20.091913213181037	19.97777673085638	30.00562919443151	8.671844480475217E-5
64.0	29.915046881723796	20.040056734897842	20.005583785585042	30.039239069761443	7.352803188536419E-5
65.0	29.871959989001645	20.055029960035924	20.000244162289817	30.072682156748808	8.373192380575794E-5
66.0	29.879483383167976	20.061629518462684	20.009882513286623	30.048913959854733	9.062522797908913E-5
67.0	29.88935570512557	20.060311832528495	20.034435840642104	30.015817572524846	7.90491789834538E-5
68.0	29.848498818949203	20.142314387580534	19.977847185360332	30.03124689735014	9.271075979164689E-5
69.0	29.866315698753148	20.103433572572204	20.013286130844975	30.01689702863451	6.756919516338349E-5
70.0	29.87695624653916	20.049392542990574	19.96957424768929	30.103990626979062	8.633580191655323E-5
71.0	29.79941602572163	20.11146332672884	20.026051303335393	30.0629760348232	9.330939093533537E-5
72.0	29.876223816269164	20.081453203692483	20.027309985938132	30.01490587744658	1.0711665364037477E-4
73.0	29.83575136360322	20.113637194449662	20.020553724537724	30.029965688859345	9.202855005116702E-5
74.0	29.87826848004531	20.085790472189746	20.006406032049053	30.029468396535602	6.661918028720007E-5
75.0	29.84333254175065	20.103188118514563	20.050113672380334	30.003307458549294	5.8208805153506295E-5
76.0	29.839377341152666	20.0949181935311	20.006131204271192	30.059458303109693	1.1495793534724538E-4
77.0	29.85255932200388	20.112391106413877	20.018413169099087	30.01651087846983	1.2552401331978293E-4
78.0	29.850343537796398	20.08600426712445	20.031026707519743	30.032530701634887	9.478592452458784E-5
79.0	29.878168524611432	20.109400961134202	20.02678821592085	29.985552484975003	8.981335851423557E-5
80.0	29.898492339624568	20.073175585399145	19.990329323024223	30.0379127374168	9.001453527018763E-5
81.0	29.81941455977235	20.121670129666068	20.037729667756228	30.021062481557255	1.231612481008232E-4
82.0	29.79618372335074	20.08706912540822	20.057785202591287	30.058868073207062	9.38754426900766E-5
83.0	29.845431543102386	20.13034090715055	19.978028809614496	30.046092456023644	1.0628410892274261E-4
84.0	29.849188464966893	20.111150481716	20.01836181218028	30.021217170538232	8.207059859570571E-5
85.0	29.848135786811937	20.099502734841117	20.009750201148652	30.042523771803147	8.750539514513766E-5
86.0	29.82257798500379	20.110409102818036	19.995684428442942	30.071240783126445	8.770060878429995E-5
87.0	29.838663405243416	20.084474654509762	20.022913380439604	30.05387297057863	7.558922858414765E-5
88.0	29.844549256767326	20.12394132650072	20.00441397885184	30.026998531909786	9.690597032221183E-5
89.0	29.777091781976704	20.11638247204995	20.038151992764437	30.068121243028155	2.525101807513785E-4
90.0	29.806134910777782	20.14183046276234	19.97388605103521	30.078017603915892	1.309715087765601E-4
91.0	29.798348072421515	20.146716162042086	20.017871352479897	30.036865739983316	1.9867307318738184E-4
92.0	29.796094323078258	20.174111552693226	20.031503732466845	29.9978565442212	4.3384754046228415E-4
93.0	29.78996300243103	20.18432810323249	20.01339050951514	30.012229278713143	8.910610819520283E-5
94.0	29.80598627439842	20.13523029450129	19.992906402744122	30.065707325072534	1.6970328363349378E-4
95.0	29.858167099485616	20.162567814628865	19.963978189878524	30.015165136580414	1.2175942657899414E-4
96.0	29.814839383370163	20.15340357382614	19.988535773048504	30.043079501248343	1.417685068511964E-4
97.0	29.799500738538725	20.198380362751863	19.92884853252234	30.073133663044526	1.3670314254263314E-4
98.0	29.801631086660713	20.18259495282309	19.981752838267067	30.033891295413607	1.2982683552425735E-4
99.0	29.779027429779504	20.19185701843122	19.97838695089749	30.050632811187267	9.578970451171497E-5
100.0	29.772817451311933	20.152526342569207	20.003402366882668	30.07115237340094	1.0146583524836508E-4
101.0	29.752240937335227	20.193640494807987	19.995359215887653	30.05866127653783	9.80754313035091E-5
102.0	29.761788560644366	20.178993274260645	19.9969917984175	30.062002417522027	2.2394915545769281E-4
103.0	29.782341103978382	20.18096016711969	20.0100754924417	30.026303767845697	3.194686145270521E-4
104.0	29.735567297805428	20.22021943973863	19.981696791041255	30.062386521230085	1.2995018460338866E-4
105.0	29.777829414997413	20.166053946651882	20.01384626927337	30.04211624029477	1.5412878256115028E-4
106.0	29.78699671628528	20.16974966160434	19.997888308824663	30.04512438701506	2.409262706575656E-4
107.0	29.765896120179626	20.149376649265946	20.020955921196062	30.063341839418644	4.2946993972158996E-4
108.0	29.740445644006286	20.192470656516125	20.042262065597853	30.024727415200697	9.421867904155734E-5
109.0	29.799599686408367	20.173812431869422	19.980598207431402	30.044817455650367	0.001172218640443043
110.0	29.72474268861892	20.200638454145654	20.02644827549273	30.04790512999608	2.654517466177317E-4
111.0	29.787016407226023	20.166969537943935	19.968121757565697	30.077308003620836	5.842936435066684E-4
112.0	29.783134978647286	20.148115260559354	19.94016308801096	30.128491549673324	9.512310907382695E-5
113.0	29.751804801873316	20.15243332969983	20.03839673799742	30.056981836151607	3.832942778277722E-4
114.0	29.760362869696337	20.223162629291007	19.9829934347319	30.033368618745264	1.1244753549392403E-4
115.0	29.81152810226444	20.162534363779976	20.052660831734578	29.973075657914205	2.010443068019546E-4
116.0	29.74746973343294	20.200865574065922	20.041770227248364	30.0097720393031	1.2242594967551377E-4
117.0	29.70529202609868	20.182039006794273	20.042496536029166	30.070010064820007	1.623662578749995E-4
118.0	29.71792515074257	20.212651917381518	20.02338548311211	30.045925764814996	1.1168394881127105E-4
119.0	29.78050001071326	20.19965341417742	19.97464648661722	30.045071035935806	1.290525562929623E-4
120.0	29.71835324210439	20.214352411535987	20.036183995638755	30.030996178011467	1.1417270940002755E-4
121.0	29.737241451183007	20.234092647719162	20.033570624564426	29.994931187908914	1.6408862449505065E-4
122.0	29.67346245238832	20.261235165622082	20.033071438221086	30.03210849522545	1.2244854305653338E-4
123.0	29.70254024526208	20.212326514968108	20.070337059867462	30.01452950601694	2.6667388540723856E-4
124.0	29.661736146514933	20.17685898476907	20.028935300739874	30.132334910024056	1.3465795206569337E-4
125.0	29.65098146815828	20.22511533483797	20.034748288131553	30.08904304284542	1.1186602677756372E-4
126.0	29.67354925958415	20.224463228942273	20.067149361203235	30.03472017744042	1.1797282992895656E-4
127.0	29.808097514284544	20.1574781802767	20.042070509642034	29.99224713794814	1.066578485835925E-4
128.0	29.89657463085852	20.071177203799827	20.13521455507713	29.896934424036953	9.918622756832964E-5
129.0	29.73211453648956	20.078773987690855	20.248488114530872	29.94049074317785	1.3261811085969145E-4
130.0	29.581121036507458	20.101963482059876	20.210169698143837	30.106563864925658	1.8191836317603014E-4
131.0	29.50853130819775	20.187909456531543	20.014664528650354	30.288765220241025	1.2948637932775852E-4
132.0	29.28893034639118	20.380467150991592	19.92748724170643	30.403014899138093	1.0036177270455356E-4
133.0	29.313513954488208	20.3021239168525	20.116875600514934	30.267340461277982	1.4606686637165503E-4
134.0	29.37795917559149	20.18334797771414	20.060046086485176	30.378137878289106	5.088819200887079E-4
135.0	29.50271523975575	20.083390782881665	20.161824884877937	30.251773129732413	2.959627522335107E-4
136.0	29.60451776987625	20.133546597622818	20.201035338870604	30.0606153123813	2.849812490309641E-4
137.0	29.876647375177402	20.080022814867235	20.075285382316906	29.967924442010336	1.1998562812146361E-4
138.0	29.941954904869228	20.08016778370309	20.189865258369746	29.787869591410963	1.4246164696699655E-4
139.0	29.285017567214116	20.584977315308233	21.29057783999267	28.83927825602033	1.4902146464900733E-4
140.0	27.44283736317625	21.44175990354602	21.2560743524753	29.85919297077237	1.3541003005940986E-4
141.0	28.96257775657733	19.75656742969072	19.28152326081422	31.99921794044775	1.1361246997486161E-4
142.0	31.037234680595592	19.496256296918478	20.875549197761618	28.5907907922341	1.6903249020334529E-4
143.0	31.200787928750977	19.042254760385834	21.36092907492335	28.39590557693298	1.2265900685700645E-4
144.0	33.63984141399811	18.666668559110875	18.69265881191242	29.000598773461654	2.3244151694296045E-4
145.0	27.843223630080765	20.21417727283914	19.036707130756994	32.904348594935406	0.0015433713876926553
146.0	27.95764309822964	20.40694871222711	18.937911723055286	32.697346075386506	1.503911014587874E-4
147.0	28.600302063929423	20.28052277327675	19.522166082596097	31.595486461667875	0.0015226185298505258
148.0	31.17044698656998	19.021472243096447	19.798996944512012	30.00828547172196	7.983540995992602E-4
149.0	31.770293805473287	20.512378828825167	19.263653160921137	28.439990776466644	0.013683428313766122
150.0	22.374341683630323	27.93905486690666	22.426360373371093	27.24775426504263	0.012488811049298472
