# Position (bp)	A	C	G	T	N
0.0	23.164406904424197	28.280310129982567	28.705909367072476	19.846209455294943	0.0031641432258220454
1.0	27.38832033819406	18.70028904658573	19.1864572956714	34.718033731733264	0.006899587815547651
2.0	29.51104353867054	20.861395796942524	18.493093140653897	31.130277759436897	0.004189764296144824
3.0	33.731119141098816	19.317383658352245	20.113692394058315	26.834443976385298	0.003360830105330824
4.0	33.93265349790605	18.44632608451906	21.338821324745815	26.27952168622849	0.002677406600583172
5.0	35.05267308331002	18.69030888344625	20.55125543377785	25.704497376571233	0.0012652228946445623
6.0	27.17870520550973	18.87630859191309	17.474748498499725	36.46774206028363	0.002495643793818846
7.0	26.846410368728396	23.016858417018934	18.61257260800405	31.522296688061303	0.0018619181873148496
8.0	26.41279104745043	22.218785632482582	18.88096611712297	32.48543368861966	0.0020235143243599904
9.0	33.275145179606604	18.88798557568607	19.600852962459673	28.232429117904328	0.003587164343325543
10.0	29.116044134795686	22.965254449366462	22.85693121012688	25.060043203300552	0.0017270024104174522
11.0	27.54377068683803	22.856333617869804	21.02082913340787	28.575690337473713	0.003376224410580154
12.0	29.15723407468877	20.803541822550375	20.220345059260403	29.817305739240336	0.001573304260117323
13.0	29.38745719607519	20.676034953488433	20.20243307946957	29.73264322877834	0.0014315421884701206
14.0	29.401612637643463	20.830284104810282	20.493753340781925	29.268507105303183	0.005842811461146225
15.0	29.668325772783472	20.86648918056006	20.35752135028708	29.106493505930644	0.0011701904387423183
16.0	29.70912633271336	20.807008331719498	20.453849309863628	29.027871466839272	0.0021445588642416257
17.0	29.719465134557105	20.885950064601225	20.501385193613654	28.891737918574844	0.0014616886531708412
18.0	29.69861050017491	20.741869689906103	20.62292834901756	28.921416671573397	0.015174789328031754
19.0	29.54731979520881	20.82898948593264	20.441086392673274	29.181219344429703	0.0013849817555704128
20.0	29.414823969085408	20.976167747902206	20.35508514222822	29.252722469057012	0.0012006717271554627
21.0	29.315340949643847	20.952708568630495	20.373309807582256	29.356510293092853	0.0021303810505525363
22.0	29.3383556112225	20.70926341065501	20.35190181475557	29.599549378855293	9.297845116279825E-4
23.0	29.428199475374285	20.578869611874683	20.53587140227776	29.45598941928421	0.0010700911890637113
24.0	29.376248456247783	20.67613213178943	20.551508046531513	29.394295822045624	0.0018155433856512418
25.0	29.44809092936456	20.630329985876024	20.54616094072252	29.374564568354337	8.535756825580129E-4
26.0	29.46781402226523	20.641554651279865	20.47213259406851	29.41673785785184	0.0017608745345565684
27.0	29.400779242325527	20.644510221398836	20.493325717761852	29.46042351103192	9.613074818669325E-4
28.0	29.374144273329712	20.655673191086425	20.567441143176314	29.40180183449223	9.39557915321857E-4
29.0	29.373438417317626	20.689972408057542	20.472318596718704	29.460404920096963	0.003865657809163272
30.0	29.344663480965416	20.64627991199058	20.51971491187683	29.48826920222775	0.0010724929394214822
31.0	29.353223395312266	20.61611227611046	20.482869437777172	29.54699065180853	8.042389915712494E-4
32.0	29.380911165933625	20.595668236108413	20.576489077910995	29.44532871376213	0.001602806284832415
33.0	29.488065323197326	20.545968115120758	20.52168195855819	29.440444764856398	0.003839838267324945
34.0	29.343743678613954	20.668631557873795	20.55927946818203	29.426523309292996	0.0018219860372209796
35.0	29.323169049891302	20.682922294275592	20.503816948608883	29.488824971999644	0.0012667352245800388
36.0	29.38661088217664	20.60845837268164	20.542247088704546	29.458957958874933	0.003725697562244024
37.0	29.33177045168374	20.64834585902198	20.460582583219676	29.558169333581287	0.0011317724933125562
38.0	29.398837944990657	20.528799512378367	20.457845798011	29.613046662953597	0.0014700816663776619
39.0	29.41398810415505	20.578488116005282	20.45062857659029	29.55592258980799	9.726134413836064E-4
40.0	29.315611992881983	20.572707422232973	20.573178814079128	29.53737940926745	0.0011223615384658553
41.0	29.393545298761588	20.52621632887219	20.469839308024188	29.609114439041882	0.0012846253001543918
42.0	29.290410130028643	20.69119311232635	20.51692173593887	29.499800532080396	0.0016744896257447801
43.0	29.32029735925533	20.540997089569025	20.497192944988083	29.637718367523135	0.00379423866442799
44.0	29.32166911002122	20.580779217934907	20.53275623625756	29.563483644125295	0.001311791661020259
45.0	29.367247880417175	20.548864614754393	20.55995339048482	29.519775823444693	0.00415829089891023
46.0	29.36685355058349	20.532337283859142	20.575274947162054	29.524498744199906	0.0010354741954077872
47.0	29.372716625537276	20.623036579637226	20.470325304483634	29.532407666880257	0.0015138234616057969
48.0	29.327378424118265	20.564925462449025	20.479569545222326	29.622067029410935	0.006059538799447491
49.0	29.367357422618678	20.54834426737089	20.554700022915707	29.52839710760644	0.001201179488285876
50.0	29.386586556465925	20.55946607572973	20.486583228696063	29.566250976653585	0.001113162454694288
51.0	29.38308035592863	20.44798741936202	20.531349688115615	29.632601994265666	0.004980542328075034
52.0	29.311043317017948	20.533260859070847	20.585143691189597	29.569629245399998	9.228873216106135E-4
53.0	29.401949073725074	20.535342507580538	20.462420487889094	29.599241601483122	0.001046329322166463
54.0	29.31440984212113	20.518803408895764	20.55062751325875	29.61447421930859	0.0016850164157645355
55.0	29.282658757473428	20.60034909045479	20.5029737557496	29.61180805070341	0.002210345618770639
56.0	29.314308948921358	20.524455480493835	20.533246964251145	29.627143271357	8.45334976664528E-4
57.0	29.338404275365555	20.51278938074415	20.56660055209873	29.580712386088354	0.001493405703207107
58.0	29.332720002968987	20.58291044790696	20.49301067077637	29.589515469012166	0.0018434093355131954
59.0	29.36794513115074	20.577500285417205	20.487738108537105	29.56582211817623	9.943567187210363E-4
60.0	29.36680459874555	20.594702153868795	20.50662940632252	29.529357705970355	0.002506135092780084
61.0	29.332297060729235	20.60696948376687	20.52525063881264	29.5347129384984	7.698781928525006E-4
62.0	29.348548259466494	20.550130625108125	20.51955254576875	29.58088170542742	8.868642292056882E-4
63.0	29.40955295957418	20.547701272998236	20.49001993462028	29.54989831622016	0.0028275165871548056
64.0	29.33885635014598	20.495956356670025	20.53727530608643	29.62702694228142	8.850448161407899E-4
65.0	29.35439866826665	20.547875485527783	20.501153357115985	29.59532554775397	0.0012469413356090437
66.0	29.272653317992226	20.546076081911668	20.515006244704296	29.626665041028577	0.03959931436322971
67.0	29.29117280069655	20.55452302225541	20.560079235990962	29.59120834241643	0.00301659864064846
68.0	29.27636662851994	20.56179633851093	20.51152518702776	29.648027973287515	0.002283872653856131
69.0	29.338358015812204	20.53230801591019	20.534607402587987	29.594060266140943	6.66299548680041E-4
70.0	29.348350931519303	20.4561248765557	20.501345026454512	29.693587106481417	5.920589890737487E-4
71.0	29.215668424190405	20.562696475795853	20.559065611701875	29.641592634805434	0.02097685350642749
72.0	29.28201043059299	20.525445927071274	20.531052050452974	29.6607441087652	7.474831175598734E-4
73.0	29.25061769224448	20.542296872354274	20.547542095267506	29.65343736269116	0.00610597744258263
74.0	29.30676148287894	20.495454012578463	20.507760061855514	29.68988891351002	1.3552917706006044E-4
75.0	29.304232579788742	20.510287822966955	20.567530817291974	29.617388645640318	5.601343120109327E-4
76.0	29.239213979332934	20.549184144046855	20.56119539495252	29.650075896780383	3.305848873118765E-4
77.0	29.33252549059154	20.54038790063812	20.486147427688977	29.640619710946197	3.194701351678142E-4
78.0	29.262862915817944	20.547713559070566	20.57137661398076	29.61778071927561	2.661918551176575E-4
79.0	29.304159963798504	20.510486858939526	20.54638309394737	29.638687435794846	2.8264751974681565E-4
80.0	29.35414734825677	20.491756987215123	20.539418968784112	29.614348680909735	3.2801483425695655E-4
81.0	29.276866592256688	20.49192069161258	20.57819806826782	29.623718058259474	0.029296589603439345
82.0	29.232240520550373	20.491031784443077	20.60951309587655	29.65541297684295	0.01180162228704394
83.0	29.33111187208211	20.50174278831158	20.483953093329994	29.682810619156243	3.8162712006708415E-4
84.0	29.311519431925653	20.527562841089313	20.535702504065753	29.624814911625354	4.003112939232301E-4
85.0	29.2713794811272	20.49923282760778	20.574781555863364	29.654096784467555	5.093509341046705E-4
86.0	29.276667643191466	20.522811694982103	20.541312676427374	29.659026306366865	1.816790321957955E-4
87.0	29.321412280460063	20.485107868078583	20.561045648387108	29.63229644052178	1.3776255246457204E-4
88.0	29.29395218176983	20.505512665679497	20.58193428267237	29.611495842088203	0.007105027790101071
89.0	29.246116390141985	20.54646073513404	20.517239408326073	29.69001120777256	1.7225862534171805E-4
90.0	29.255456062404267	20.49660882200785	20.523077635089216	29.72457218790258	2.8529259608654637E-4
91.0	29.20952869222382	20.492994528969025	20.613808115162033	29.68344401359775	2.2465004737709035E-4
92.0	29.24616322471632	20.494205487304143	20.613949052753313	29.645373450244744	3.0878498147858926E-4
93.0	29.242459940927883	20.483213149119475	20.645061333546717	29.628837493720766	4.280826851585215E-4
94.0	29.21563585165956	20.477386662136528	20.613173990844157	29.693569868396263	2.3362696348861126E-4
95.0	29.294453198182836	20.50972138745851	20.582718089916234	29.613005799126068	1.0152531635288576E-4
96.0	29.228512699918035	20.481682851784942	20.62825436740719	29.661309771577415	2.4030931241497986E-4
97.0	29.20035280089705	20.516863067758464	20.571187021051358	29.711092014222114	5.050960710144176E-4
98.0	29.145547371116304	20.527442470402335	20.624946067107373	29.700083604825032	0.0019804865489597492
99.0	29.202426128845794	20.49782847601013	20.620352796755487	29.679212970297776	1.7962809081565164E-4
100.0	29.22407813070464	20.487933552391382	20.595783132530123	29.688590726542536	0.003614457831325301
101.0	29.2077248700035	20.559309813798528	20.591368068864178	29.641133172998746	4.6407433505572977E-4
102.0	29.159470481664652	20.52606945508447	20.633445601374415	29.680863360879044	1.5110099741768394E-4
103.0	29.15872903561724	20.47772297597138	20.643480708576334	29.719932689401425	1.345904336196136E-4
104.0	29.131316384001515	20.50855046898009	20.729828841756483	29.63003008226298	2.742229989262211E-4
105.0	29.24998652132327	20.45715677797724	20.682919621159325	29.609737395440412	1.9968409975418884E-4
106.0	29.212865988955546	20.434609498070834	20.70541561315274	29.646945972173995	1.629276468869109E-4
107.0	29.169036074863325	20.452939396357927	20.689963353153225	29.687811764236404	2.494113891216729E-4
108.0	29.11918123476203	20.480508349016173	20.710178994518046	29.689834250813078	2.971708906678576E-4
109.0	29.188377088377997	20.473558822240097	20.689140325893955	29.648598242795902	3.2552069204831073E-4
110.0	29.050601461590077	20.466501859959298	20.712468543663192	29.77013949361681	2.8864117062201285E-4
111.0	29.164507218467055	20.47275094606562	20.700902331112967	29.661362152647076	4.7735170728247764E-4
112.0	29.1011022075138	20.439568939868217	20.70864951096488	29.750376454180234	3.028874728770093E-4
113.0	29.07220576432552	20.43052295786935	20.78517197034375	29.711979768222978	1.1953923839638589E-4
114.0	29.122231115606905	20.44839845418788	20.72669865011515	29.70230349575491	3.682843351485659E-4
115.0	29.154175724020227	20.408849570927597	20.747487294458036	29.67156205581097	0.017925354783166324
116.0	29.052933129877633	20.447323615136106	20.7601211586996	29.739388219249847	2.3387703680912726E-4
117.0	29.101944517213614	20.389090946104563	20.824420226150508	29.67782097498544	0.006723335545873238
118.0	29.117123709571025	20.393841810548157	20.81162065194833	29.677165117152448	2.4871078003714633E-4
119.0	29.06612426445364	20.44888143825324	20.753768456675854	29.730997332452812	2.2850816445389835E-4
120.0	29.00366728290578	20.47509138646706	20.822457511131027	29.698576895585603	2.0692391053083077E-4
121.0	28.987991877308872	20.51313562724375	20.841794469925752	29.65683284921228	2.4517630934875657E-4
122.0	29.01064275463726	20.452444408224387	20.83820924638652	29.698385250400154	3.183403516769533E-4
123.0	29.00158573100477	20.43747890301998	20.844197208358164	29.71644002561285	2.981320042387746E-4
124.0	28.866115455754493	20.532854107631596	20.836954189418314	29.763799823987526	2.764232080779154E-4
125.0	28.925334194325686	20.461028177997168	20.838398525333908	29.77516687144127	7.223090196894215E-5
126.0	28.9793737503084	20.479351802658844	20.889167396993628	29.651804323838327	3.0272620080131624E-4
127.0	29.039547438721623	20.449683482165216	20.86072340801029	29.638399341127762	0.011646329975109448
128.0	29.053114513510657	20.47029731998211	20.883474423646213	29.592904327197733	2.0941566328641861E-4
129.0	28.979453571270426	20.4169950847983	20.90010184652172	29.703272373023953	1.7712438559978745E-4
130.0	28.89465087560687	20.47855294146394	20.986512064146638	29.640096159810238	1.8795897231552297E-4
131.0	28.850920427062526	20.518401276237345	20.898837447585436	29.73174064203677	1.0020707792653518E-4
132.0	28.901288843798145	20.514088173878502	20.79053738505886	29.786570473077067	0.007515124187427197
133.0	29.301628041802108	20.371236115241615	20.597523395362238	29.729381010846286	2.314367477582458E-4
134.0	29.33970630043862	20.372763347740708	20.793060360977208	29.494218954849295	2.5103599416843387E-4
135.0	28.938385911521973	20.585042356209645	20.6777405535387	29.79862518273561	2.0599599406456875E-4
136.0	28.72076859900854	20.778988351044507	20.335280007947468	30.164811372765815	1.5166923366844652E-4
137.0	27.753521616138332	21.21139188371506	20.59384846414994	30.44089905237127	3.3898362539597524E-4
138.0	28.147637315035546	21.33101409408479	20.917527416904065	29.603436981941055	3.8419203454654775E-4
139.0	28.207663892079342	21.638455159446384	21.777923627155772	28.374737803715316	0.0012195176031822757
140.0	27.816286839874333	22.21652095630789	22.209828165886716	27.735710892450793	0.021653145480266766
141.0	28.00658925526279	22.081573434286994	21.474981924635795	28.43669435807095	1.6102774346992243E-4
142.0	27.255953050352584	22.707185311991072	23.681415486886003	26.355029635090617	4.165156797327635E-4
143.0	30.549763005217716	19.620572385904783	21.731256470532713	28.093688889413247	0.004719248931532547
144.0	32.60229171568905	19.207043734418328	19.632384260017695	28.556195287298465	0.0020850025764674695
145.0	27.32358780003609	20.843108945437045	19.348493051795703	32.48450941466643	3.0078806472959155E-4
146.0	27.595820298367702	21.017380967582078	19.424910997406688	31.961583714121545	3.040225219884289E-4
147.0	28.07963946583435	20.449930418380607	20.1375043392511	31.331389758445795	0.001536018088149006
148.0	30.3357712250173	19.526612530370212	20.64678083488223	29.49052511380103	3.102959292277044E-4
149.0	32.013626420463446	20.297976094219113	19.708479845558877	27.97991763975856	0.0
150.0	23.11251058911603	25.976989604607333	24.7122058852501	26.180891652821465	0.017402268205070955
