# Position (bp)	A	C	G	T	N
0.0	27.823021805653127	22.988130808352924	27.428771160778336	21.754694618267546	0.00538160694806711
1.0	28.594704884934842	19.144811999403917	20.014736421462214	32.2277234318545	0.018023262344532085
2.0	29.804183897355003	20.10461856652955	18.222259503183917	31.86858833092338	3.4970200814988633E-4
3.0	31.13444497409169	19.713518109568486	19.904022657932945	29.247956566818335	5.7691588544467414E-5
4.0	32.458790483598214	19.019199704528113	20.22181044677531	28.30019476531182	4.599786544605504E-6
5.0	32.980829226743396	18.910630659734085	20.002352275861274	28.105542703546917	6.451341143298657E-4
6.0	29.51126658450809	18.42926849958537	18.50794661037552	33.551448566581634	6.97389493918735E-5
7.0	28.69554236038064	21.044444463205814	18.74644768376717	31.513469657546278	9.583510010284247E-5
8.0	28.465293104144525	20.64975573173325	19.06040877799687	31.82439767473638	1.4471138897318358E-4
9.0	31.69788985408691	19.22773101092484	19.41780462522894	29.656459562629816	1.1494712949874184E-4
10.0	29.820296093518927	21.146813696739457	21.085223651154983	27.947531283292715	1.3527529391939487E-4
11.0	28.997012544921656	21.150311268577155	20.24661496643304	29.606015789016745	4.543105140582527E-5
12.0	29.886874431792698	20.120263622767183	19.904484432277496	30.088130121128586	2.473920340309758E-4
13.0	30.080744160579236	19.99109692786068	19.828449969085423	30.09962503252786	8.390994680188746E-5
14.0	30.08513463882872	20.103680170512202	19.89038582134176	29.920763111725346	3.6257591971517665E-5
15.0	30.28575016033391	20.107813907025974	19.790311716074157	29.81606534207748	5.8874488478347526E-5
16.0	30.418339214292295	19.985763996944833	19.939218474231044	29.656601374172915	7.694035891138625E-5
17.0	30.391893804869834	20.02929832611056	20.015263281082568	29.563466565208472	7.802272856359738E-5
18.0	30.508086538767948	19.874921435333793	20.141079653101826	29.475899942572365	1.2430224067219036E-5
19.0	30.338024911132187	19.989600788134613	19.90312078763365	29.769207169793262	4.634330628474236E-5
20.0	30.10459931679951	20.23009167853465	19.871214353853823	29.79399628643968	9.836437234293239E-5
21.0	29.928722413692793	20.28642298254905	19.84331797255871	29.941417876315228	1.1875488421873809E-4
22.0	29.9066681302736	20.149448116322265	19.805373768167602	30.138287095188964	2.22890047570167E-4
23.0	30.01967539625609	20.01083849115635	19.940544156138383	30.02881631968585	1.256367633361953E-4
24.0	30.023034174589608	20.068251268426515	20.00979130496289	29.898815670196434	1.0758182455580966E-4
25.0	30.031400529798606	20.047636439797316	20.034694846301015	29.88622059638402	4.758771903734803E-5
26.0	30.041079636307394	20.049269671422312	20.007944263776313	29.901544319170085	1.6210932389801143E-4
27.0	29.976776818402	20.077850715442665	20.00966427368134	29.935656014470545	5.217800344386165E-5
28.0	29.998389045015806	20.063514800061576	20.046487071706043	29.891479698358044	1.293848585303687E-4
29.0	29.957169180861182	20.093113270971948	20.023189342854756	29.925919519414318	6.086858977947786E-4
30.0	29.942157162643145	20.078740345626535	20.04806768253028	29.930621774489058	4.1303471098197626E-4
31.0	29.96094947351839	20.04803687759087	20.013822051141	29.976416371773933	7.752259758068618E-4
32.0	29.976263544425635	20.082821730039498	20.039702855452063	29.901069088570093	1.4278151271369995E-4
33.0	30.013604295188223	20.05750503427134	20.03323711506996	29.89558374113963	6.981433084720687E-5
34.0	29.94420840171455	20.087765329622762	20.041215759995858	29.926628181683267	1.8232698356105515E-4
35.0	29.935572590030834	20.086628304623854	20.007678383958726	29.969977082057813	1.436393287699693E-4
36.0	29.959744364196016	20.050273542985792	20.04761822184082	29.94226599487272	9.787610464986805E-5
37.0	29.971324332421446	20.0860844703909	20.004202293439494	29.938311587826465	7.731592169545E-5
38.0	29.978161056331963	20.027836798086383	20.002027463292443	29.991884480294672	9.020199453031295E-5
39.0	29.981966266801674	20.06206983589546	19.976711787891496	29.979160555852946	9.155355842606222E-5
40.0	29.938537989513165	20.087997329627267	20.04616938794899	29.927212830983013	8.24619275603325E-5
41.0	29.98580365648904	20.044355687648878	19.990400363751185	29.97936696268785	7.332942305154876E-5
42.0	29.932458135029066	20.09710501384589	20.02603446902759	29.944114245655822	2.8813644163416666E-4
43.0	29.91557515747244	20.07839639224052	20.025610479526424	29.9801935040768	2.2446668381888304E-4
44.0	29.925142291091568	20.077806910994017	20.020164480878684	29.97660393415825	2.823828774833963E-4
45.0	29.912097460489434	20.068923291188856	20.048275240697407	29.969975888451017	7.28119173285035E-4
46.0	29.93880990320146	20.035501332285747	20.06657456165518	29.9589929655901	1.2123726751209062E-4
47.0	29.927288446945795	20.06750950298756	20.02272668848936	29.98231373761558	1.6162396170319048E-4
48.0	29.9334644668259	20.061488602035787	20.030044612837354	29.97491599543941	8.632286155035717E-5
49.0	29.959014422688007	20.0592452576183	20.015281214781545	29.96630739032455	1.5171458759583666E-4
50.0	29.947923265836362	20.08622148788914	20.001338679163478	29.964422712253086	9.385485792922847E-5
51.0	29.942193844461773	20.063666927252584	20.01985314834071	29.973095229246084	0.0011908506988441829
52.0	29.93112350284262	20.065248855054556	20.05749341223059	29.946045896369235	8.833350299732288E-5
53.0	29.954556442033848	20.08188295594769	19.973916319347143	29.989071112270427	5.731704008917717E-4
54.0	29.930994413188035	20.072749639013516	20.011343104811814	29.98480249449952	1.10348487119243E-4
55.0	29.90740824519964	20.053438024991586	20.02905853839359	30.009696928160622	3.982632545620755E-4
56.0	29.92769351219675	20.04379098816615	19.993858107298365	30.03459346705827	6.392528046553428E-5
57.0	29.925559411948516	20.04390348864355	20.04127610833735	29.989183608493686	7.738257689688031E-5
58.0	29.940243581553094	20.017607805431094	20.012105442015656	30.029963145441446	8.002555870844132E-5
59.0	29.972728789698827	20.01707905765338	20.01941286004858	29.990617628162457	1.6166443675089197E-4
60.0	29.966395550772678	20.007901108480333	20.018560463757876	30.00663836423218	5.045127569340891E-4
61.0	29.94995552541555	20.03081727344679	20.03301986850691	29.98600820728699	1.991253437599761E-4
62.0	29.95958485065543	20.01543990810473	20.001129498441575	30.023750209423245	9.553337501936235E-5
63.0	29.974495274485534	20.040195329532327	19.98398940272577	30.000321709984345	9.982832720262977E-4
64.0	29.963242370312226	20.004764848286435	20.015465013972815	30.015675890454872	8.518769736509159E-4
65.0	29.952690515202097	20.020080751279284	19.994368256417495	30.032777784394565	8.269270655882139E-5
66.0	29.921751839767158	20.028219292927403	20.009677250792635	30.040287273089984	6.434342282336193E-5
67.0	29.9548269227997	20.002613425144872	20.02676397451125	30.015722482783165	7.319476101178582E-5
68.0	29.934279469687265	20.070185933155134	19.98410938510507	30.011320729089086	1.0448296344332662E-4
69.0	29.928221004998225	20.035192641298273	20.00284978330734	30.033660493029974	7.607736619160508E-5
70.0	29.947432112556516	20.004932139379292	19.9650368564938	30.082513858996535	8.503257385322882E-5
71.0	29.89238753677498	20.057483274879267	19.992467487435604	30.05726923887455	3.924620355987642E-4
72.0	29.9436217360357	20.01493691606738	20.021363383567454	30.01994216732497	1.3579700450165813E-4
73.0	29.89994545377125	20.034973943864582	20.02630006079788	30.038600229707217	1.8031185906936057E-4
74.0	29.93638219384216	20.036947961237185	19.992847411224503	30.033214246169454	6.081875266959237E-4
75.0	29.93363392482366	20.022274933518418	20.00534216006503	30.038648817676545	1.0016391634725578E-4
76.0	29.912724164233833	20.03310733690912	19.995648516055482	30.058382663883265	1.3731891830531367E-4
77.0	29.926099925657912	20.056686688624854	19.996712991070904	30.020420074437453	8.03202088794603E-5
78.0	29.918898180769087	20.03153501495788	19.990604061426094	30.058785026768327	1.7771607861929184E-4
79.0	29.951506886760594	20.0246568415395	20.012199565662126	30.01110333564204	5.333703957377552E-4
80.0	29.975504523659634	19.9931687776984	19.968784780610697	30.062388907292327	1.5301073894941978E-4
81.0	29.91515630953201	20.0366426892823	19.997251514635796	30.05084117693712	1.083096127759853E-4
82.0	29.901927665480976	20.01453755981615	20.024947397276797	30.058495552546	9.18248800728267E-5
83.0	29.92004622370052	20.054437165623472	19.957116943515913	30.06832443327253	7.523388756365548E-5
84.0	29.93736917165653	20.04465551951648	19.98473305342717	30.03315249268522	8.97627146055762E-5
85.0	29.91591713236101	20.029364437557103	19.981595818928714	30.07290210648113	2.2050467204385793E-4
86.0	29.901668093793237	20.030155548878923	19.966272152637778	30.10104966922607	8.545354639873041E-4
87.0	29.91812523795499	20.01361254155738	19.991251368073026	30.07660788926247	4.029631521305607E-4
88.0	29.926646222832353	20.036138966852725	19.983981886229525	30.053017018153188	2.1590593220769633E-4
89.0	29.893541466326116	20.05407602030492	19.984360314893255	30.067940329134558	8.186934115317588E-5
90.0	29.894586109590854	20.053613757136336	19.968030525145235	30.08289014690989	8.794612176874326E-4
91.0	29.88368021382481	20.05408597355317	19.97803903269971	30.08402737222192	1.674077003954874E-4
92.0	29.895795907532214	20.04772403549354	19.995782054738022	30.06061403783042	8.39644058090894E-5
93.0	29.880298094424678	20.082123062965707	19.986267903893083	30.051222705072668	8.823364386540417E-5
94.0	29.9215737690989	20.030710547099208	19.966755720119	30.0808875483287	7.241535419536544E-5
95.0	29.91636506879335	20.08307730311467	19.96269151918435	30.037637407398254	2.2870150937749506E-4
96.0	29.916480167438852	20.052794810984807	19.958133269819886	30.072475693697577	1.1605805888065268E-4
97.0	29.903791634433418	20.060050673433377	19.94858493285852	30.087249191422217	3.235678524697386E-4
98.0	29.885890057685877	20.09178452694011	19.949249306719587	30.072994614165022	8.149448941053813E-5
99.0	29.87723844926685	20.07608338821542	19.95393747251921	30.091170943290773	0.0015697467077424323
100.0	29.87666160143254	20.063967988635397	19.9664439233275	30.09282395057829	1.0253602627208143E-4
101.0	29.887644746529656	20.070615259865118	19.95497619777156	30.086678747947516	8.50478861437062E-5
102.0	29.875219425800154	20.085221305904547	19.962181823987542	30.07728385199532	9.359231243756498E-5
103.0	29.894535434008002	20.068006443899055	19.96179488366811	30.075511326118885	1.519123059422142E-4
104.0	29.852933502870236	20.107545845196658	19.94782506136404	30.09160827661449	8.731395457858786E-5
105.0	29.876490868717887	20.07658264540108	19.979323892853888	30.067438492523824	1.6410050332544803E-4
106.0	29.895796534998432	20.067857670395814	19.966441662909936	30.069812030471272	9.210122454857666E-5
107.0	29.866549695892324	20.069423508185036	19.983574614728095	30.080293948582803	1.5823261174127988E-4
108.0	29.840382755260777	20.071602550380817	20.010172766576982	30.07751029266813	3.316351132953374E-4
109.0	29.882851579094567	20.05481154698395	19.963403969286308	30.09882149561226	1.1140902291240786E-4
110.0	29.826942641539034	20.077446406651507	19.993585220819806	30.10191108531788	1.1464567176992294E-4
111.0	29.888797972988947	20.04913350663731	19.967948404718573	30.094000796822527	1.1931883264817808E-4
112.0	29.88651634475094	20.040891938880318	19.951239818445654	30.12124212970808	1.0976821500531213E-4
113.0	29.853546615626907	20.057290384250287	19.993121067565443	30.09594177754458	1.0015501277484342E-4
114.0	29.853059185727997	20.096983970241812	19.948932844325203	30.100887580141826	1.364195631627316E-4
115.0	29.891136211519058	20.045580776054177	19.99956213906109	30.063602688385455	1.1818498021965372E-4
116.0	29.83971075129156	20.10112472701157	19.99047615616899	30.068581310532817	1.0705499506237769E-4
117.0	29.820790701061924	20.06791246679477	19.98736961435934	30.123824106667435	1.031111165329163E-4
118.0	29.820027811561772	20.087759723127604	19.999341943484346	30.092749523397394	1.2099842888642434E-4
119.0	29.859568290770984	20.084052242279608	19.961462029058374	30.094771073750458	1.4636414057479482E-4
120.0	29.815272805232073	20.106815333439833	19.995871793097056	30.08184172388913	1.9834434190956146E-4
121.0	29.824395199740174	20.109606611205532	20.01057687868655	30.055312163941473	1.0914642627313776E-4
122.0	29.80707131539345	20.1117895255812	19.98498488004488	30.096038782613803	1.1549636666199153E-4
123.0	29.81182885417764	20.079589570192386	20.02226266089418	30.086216335530334	1.0257920545566761E-4
124.0	29.79373895925263	20.07409413568911	19.9857181491955	30.146332320429654	1.1643543311152334E-4
125.0	29.77021290373886	20.10209761812448	20.00350768501558	30.124066369297925	1.1542382316230847E-4
126.0	29.791149972461795	20.101863889075187	20.01512362008822	30.091754126910896	1.0839146390123912E-4
127.0	29.897630185697043	20.026295623537287	19.999225621039983	30.076723084654073	1.2548507161553986E-4
128.0	30.011302209138545	19.913019753206758	20.09084886969558	29.984697076046835	1.320919122855044E-4
129.0	29.822577722518112	19.954194441260366	20.2146900731307	30.00840814658352	1.2961650729961284E-4
130.0	29.695470516091767	19.979469888015288	20.14271034604061	30.182205279922574	1.4396992976656715E-4
131.0	29.621109140463474	20.033001126383724	19.935476681586355	30.410282294940615	1.307566258305007E-4
132.0	29.3561049969587	20.252644129356074	19.838747680694706	30.552385738291953	1.174546985727616E-4
133.0	29.443620616667594	20.134203532304095	20.00367275507	30.418366458414486	1.366375438233868E-4
134.0	29.515586431130874	20.056255781357113	19.96856526743641	30.459466155876573	1.2636419903178813E-4
135.0	29.66991738706489	19.936408496365836	20.076485731637955	30.317080232916805	1.0815201452171207E-4
136.0	29.7477063205182	20.01806132772303	20.097389493704057	30.136710568325654	1.3228972905850834E-4
137.0	29.908558214231572	20.00346333593474	20.007829696674982	30.080015815753057	1.329374056470829E-4
138.0	29.920389853617092	20.046281488830896	20.145659201758733	29.88753428696479	1.3516882849065032E-4
139.0	29.44640552013415	20.40537686015646	21.088495251595464	29.059620075212134	1.0229290178685879E-4
140.0	27.969876675936106	21.113231219782186	21.05484977027568	29.86193307766063	1.0925634539966838E-4
141.0	29.51149121392968	19.586067242178125	19.346728545602986	31.55560798620458	1.0501208462914208E-4
142.0	31.43731671375583	19.299344109413664	20.63117568022044	28.63207901231359	8.448429648139152E-5
143.0	31.299753666015746	18.976151114907918	20.944991357674063	28.77904830791091	5.5553491362102E-5
144.0	33.04082737292314	18.80380586026808	18.492673925902718	29.662618941344437	7.389956162780042E-5
145.0	28.051907180641926	20.180193225747196	19.017419212360505	32.750039524386445	4.4085686393084987E-4
146.0	28.288436032079005	20.282041988867096	19.105408498535475	32.32403534462278	7.81358956454217E-5
147.0	29.152430432440728	20.04881329250276	19.8071731042975	30.9914944862498	8.868450920904963E-5
148.0	31.555187372638226	18.556147853719594	19.993893237569093	29.894363924503057	4.0761157002409693E-4
149.0	31.788276485016816	20.36533372250916	19.24783974363212	28.582808429046686	0.015741619795218258
150.0	21.540050172043077	27.624607574518738	22.629966464529172	28.202364345301454	0.003011443607559044
