# Position (bp)	A	C	G	T	N
0.0	22.568962210477654	29.04492736210593	28.914469692289085	19.469158638257255	0.0024820968700691383
1.0	26.883949339215768	18.15488103817618	18.740615413533607	36.214845388571106	0.005708820503346234
2.0	29.522575750502984	20.950994862957163	18.752513586678983	30.769629517164322	0.004286282696551344
3.0	34.43345468509245	19.17713452609972	19.922921042202493	26.46284625229507	0.0036434943102658024
4.0	34.26379171076792	18.26565882989641	21.333124125580447	26.134662296440403	0.002763037314818937
5.0	35.48435620136086	18.508093365824934	20.556489681608095	25.44968176797641	0.0013789832296986356
6.0	26.500118221753123	18.871626619491572	17.047610083356986	37.57787591721708	0.002769158181238208
7.0	26.540546810546722	23.41385992632182	18.454895858468934	31.58888165545248	0.001815749210049327
8.0	26.081700511385826	22.438977026316817	18.793276194866255	32.68397275834395	0.0020735090871535746
9.0	33.8813196270905	18.678068539404563	19.559168022780725	27.877784710072724	0.003659100651499219
10.0	29.0427711305901	23.302068277011394	23.240850340693576	24.412744134309698	0.001566117395230894
11.0	27.26334933867445	23.17844198686801	21.086979982567005	28.468349945930647	0.0028787459598889863
12.0	29.098707865056795	20.836894235085154	20.109641518578456	29.953317655420513	0.0014387258590751446
13.0	29.319844480515627	20.705938692049248	20.20259522990432	29.77010396573095	0.0015176317998602852
14.0	29.332482837442956	20.895767197484655	20.546285725944813	29.21964131446529	0.0058229246622852745
15.0	29.61813064927325	20.929040161573354	20.403284441942855	29.048538224679664	0.0010065225308744164
16.0	29.69322288550469	20.825835216909606	20.52557735937788	28.95301448111799	0.0023500570898375853
17.0	29.68553665564632	20.910236346994154	20.57740899611973	28.825176762414202	0.0016412388255956753
18.0	29.635510290224897	20.826532617303666	20.67227352209717	28.851386353667223	0.014297216707035407
19.0	29.465509703423994	20.9344402929051	20.46647604420695	29.132343710417896	0.001230249046060921
20.0	29.320501854661586	21.032480630945326	20.411678995259116	29.234201156473	0.0011373626609789717
21.0	29.244977531147388	21.00287005775816	20.450371378016463	29.29963239037228	0.0021486427057084085
22.0	29.264506972374566	20.775426857042046	20.411233505523942	29.54768253904463	0.0011501260148126977
23.0	29.374929451544745	20.629690067914204	20.598166308516227	29.395753637260263	0.0014605347645604743
24.0	29.34713163572286	20.6769566072653	20.63532831736668	29.33901742302516	0.0015660166199956268
25.0	29.424422883554012	20.659810814417636	20.604527082290048	29.310301087572654	9.381321656450716E-4
26.0	29.378775258973278	20.69085831379544	20.545632862263847	29.38305572713759	0.0016778378298396323
27.0	29.307021825958884	20.721428265249827	20.574762513565393	29.395743839936056	0.0010435552898379048
28.0	29.257453868107834	20.720333825832142	20.67710452436971	29.343866243548707	0.0012415381416036326
29.0	29.28799666725413	20.740122880807256	20.568731313475745	29.399490988967507	0.0036581494953635595
30.0	29.294562759934095	20.691475670989433	20.605759978053392	29.407082811898412	0.0011187791246672128
31.0	29.287569839261845	20.628755789241733	20.596187363689822	29.486166217775043	0.0013207900315529437
32.0	29.324491664135643	20.640817159867428	20.663469905521282	29.369550929947113	0.001670340528530348
33.0	29.45731049406565	20.593775585578193	20.61741023736744	29.32805390462197	0.003449778366753478
34.0	29.264405420610075	20.697690507937306	20.640402836308475	29.3958820320918	0.0016192030523449537
35.0	29.25555772783854	20.75690884982046	20.576108238484995	29.410243963038795	0.0011812208172182262
36.0	29.314471833385085	20.651601327933765	20.604040464976112	29.426674803542124	0.0032115701629107677
37.0	29.312332591615203	20.65322486623203	20.54038653191903	29.492846907459597	0.001209102774141088
38.0	29.339602493937207	20.54032098078796	20.55993554710441	29.55849400525581	0.0016469729146154342
39.0	29.34319043747265	20.624127427813292	20.537691513568493	29.493943160428405	0.0010474607171623445
40.0	29.272684859233657	20.60969155031913	20.66453181277959	29.4519312094343	0.001160568233322276
41.0	29.29686035782457	20.614565776999168	20.568378948536978	29.518865503475833	0.0013294131634516912
42.0	29.22354186299264	20.712395500920692	20.600086379989122	29.462311398072096	0.0016648580254481115
43.0	29.2783981382027	20.580025504810624	20.57027281223518	29.567932925787744	0.0033706189637515488
44.0	29.276977190296517	20.607460229674214	20.61371622818498	29.50058405502726	0.0012622968170284117
45.0	29.28097264458015	20.58311085750093	20.63582660670018	29.496648879048493	0.0034410121702470723
46.0	29.290229619061474	20.57233730544133	20.668353296025423	29.467827366565373	0.0012524129064018662
47.0	29.288019293465123	20.611294762897078	20.56205178061949	29.537228425585322	0.0014057374329884966
48.0	29.26378677918095	20.603855592576785	20.58000628966218	29.54699107180123	0.00536026677885326
49.0	29.337735119028185	20.596179902161303	20.611530182355366	29.453419315719565	0.0011354807355757753
50.0	29.322775460828097	20.595447746662416	20.57111799182161	29.50943197048189	0.001226830205986218
51.0	29.332051624556556	20.52120003389975	20.598478268382475	29.543688444674075	0.004581628487146273
52.0	29.280691393627585	20.575300703940123	20.663989706193895	29.478850476930447	0.0011677193079576396
53.0	29.32003868405787	20.584425260249144	20.563313400877757	29.53112828792025	0.0010943668949810739
54.0	29.25585414447366	20.548526675634246	20.628450666941873	29.565535923669454	0.001632589280768623
55.0	29.260196703668502	20.62307212113503	20.576599587326246	29.538174155068997	0.0019574328012219658
56.0	29.239857253373785	20.599534355136438	20.628782811406452	29.530822607301495	0.0010029727818261333
57.0	29.283155004896155	20.565136951312432	20.644115072525114	29.50631661715105	0.0012763541152476527
58.0	29.286574186012786	20.574207518295736	20.60323248693727	29.53446250193587	0.0015233068183362532
59.0	29.31112682853104	20.590220933964968	20.62521311145467	29.472695091347546	7.44034701778491E-4
60.0	29.317396316414513	20.58770662465293	20.611438454521508	29.481242019727755	0.0022165846832939264
61.0	29.275086565809055	20.633754648199293	20.603546113336087	29.486980471850305	6.322008052562546E-4
62.0	29.300711298999836	20.5823111975117	20.610298668267323	29.505812136345998	8.666988751399086E-4
63.0	29.358684707737464	20.565825718583955	20.57818586163407	29.49463855619933	0.002665155845181174
64.0	29.28762803972635	20.538666641349312	20.661816370174776	29.511289736798872	5.992119506831444E-4
65.0	29.300761580332118	20.578759023800895	20.619564411115686	29.49951925859026	0.0013957261610363753
66.0	29.224821174099358	20.60507768194595	20.588292008755104	29.542168392861885	0.03964074233770372
67.0	29.275615032004726	20.548821992708874	20.623445915778042	29.54919359881596	0.002923460692398166
68.0	29.255932371622013	20.59518214941806	20.60636060609078	29.540814376266212	0.0017104966029376854
69.0	29.26124258558212	20.559110877178778	20.637067028362047	29.54187501265259	7.04496224467073E-4
70.0	29.290778288171143	20.493168497330778	20.629561686084124	29.58574826353722	7.432648767323789E-4
71.0	29.206769057854398	20.5574329195991	20.66171932487407	29.5531077035649	0.02097099410752146
72.0	29.262851423771234	20.503310205450333	20.686782301370005	29.546415837767633	6.402316407964581E-4
73.0	29.245100984196938	20.554006613909486	20.673381293031813	29.522064004400654	0.005447104461111409
74.0	29.252608220055563	20.52256757478112	20.613585197901052	29.611001761549417	2.37245712842873E-4
75.0	29.210832548715143	20.555981178062822	20.670441448172287	29.5622570682169	4.877568328528358E-4
76.0	29.2081340227831	20.57205567473106	20.62984885518763	29.58954653963116	4.1490766705284775E-4
77.0	29.25485839453544	20.54483190492036	20.660449947902883	29.539466731646137	3.930209951815626E-4
78.0	29.228200811290268	20.545133317702625	20.656493288211433	29.5699077552796	2.6482751607326467E-4
79.0	29.25060485472331	20.521544965404363	20.686102932842605	29.541417042311718	3.302047180007086E-4
80.0	29.30178013223561	20.526992725317434	20.642747851954393	29.52807310048175	4.061900108127781E-4
81.0	29.220224264883516	20.504347096986447	20.709825967242665	29.536192440091042	0.02941023079632949
82.0	29.186763229994895	20.493013503818368	20.735299908106228	29.574451054412165	0.010472303668337984
83.0	29.269825794339354	20.542251784886396	20.607991182350105	29.57954761825676	3.836201673800286E-4
84.0	29.27648895621561	20.506402586579032	20.665562395610003	29.55111968991978	4.263716755800455E-4
85.0	29.269785202488308	20.509132879585383	20.689545629175306	29.531142793552934	3.9349519806292874E-4
86.0	29.229898788409464	20.52248893612105	20.67750188368933	29.569818648466033	2.9174331411847035E-4
87.0	29.260282962259804	20.511806000737092	20.725115192879425	29.50250006063562	2.957834880642489E-4
88.0	29.239545923781208	20.540371418732203	20.662641783827436	29.55024144097445	0.0071994326847044455
89.0	29.18404564046367	20.565579456597185	20.662391762057002	29.587759954177738	2.231867044028041E-4
90.0	29.229379191061213	20.534812311924213	20.68372827660947	29.551730096430322	3.5012397478036416E-4
91.0	29.191311103379526	20.5131334337882	20.73753074900996	29.55773190345666	2.9281036565426436E-4
92.0	29.16021911134023	20.523445159902913	20.738323532199242	29.577661574213575	3.5062234403574394E-4
93.0	29.1935360907145	20.493684699983564	20.750516763302645	29.561862900660284	3.995453390012619E-4
94.0	29.207917965582997	20.47867317727891	20.73225282818993	29.580914472233715	2.4155671444219283E-4
95.0	29.229829862771584	20.53743466969258	20.69682905814773	29.535638313142893	2.6809624521154974E-4
96.0	29.172624463428804	20.531822962456246	20.73355338290114	29.561703598848414	2.955923653949108E-4
97.0	29.16166789909149	20.555688547339233	20.657207323798364	29.62489217247403	5.440572968733143E-4
98.0	29.139999830162562	20.506691123257635	20.76266208860419	29.589007554935336	0.0016394030402788352
99.0	29.14256041975979	20.527840092700718	20.752654727930288	29.576812508633886	1.3225097532088595E-4
100.0	29.136183517957303	20.508369151135263	20.781061907485583	29.57158932932004	0.002796094101811182
101.0	29.21426392728732	20.514017246970564	20.728869056670888	29.542361640178168	4.881288930625995E-4
102.0	29.112350822501483	20.493146811634755	20.78150902699387	29.612801600174453	1.917386954380379E-4
103.0	29.130705598548158	20.47117849884112	20.760473877456857	29.63744606982855	1.95955325321112E-4
104.0	29.12942504240282	20.495175110001508	20.814465371835553	29.560734084382407	2.0039137772011258E-4
105.0	29.199440583149688	20.468039963033647	20.801037901448577	29.531290158528783	1.9139383930573254E-4
106.0	29.152072601133217	20.455299845485715	20.79592565002886	29.596477908741512	2.239946106896668E-4
107.0	29.118619436093756	20.455190707676728	20.82598269704332	29.59981981167738	3.8734750881753565E-4
108.0	29.109928601664027	20.462957009600455	20.855399941471227	29.571552602992913	1.6184427138223983E-4
109.0	29.164122798087273	20.47005857871029	20.799354247583338	29.566237806423505	2.265691955917489E-4
110.0	29.042695131121942	20.444095532167605	20.890950154201775	29.62194882369354	3.1035881513694427E-4
111.0	29.132679123495205	20.427921088205665	20.845147021673885	29.59359848231573	6.542843095122246E-4
112.0	29.069396117402434	20.430059659233713	20.863992782675002	29.636370744733455	1.8069595540029575E-4
113.0	29.098075938670547	20.436228227691426	20.865309612993915	29.59999688531739	3.893353267302062E-4
114.0	29.105058936497567	20.48906562649681	20.8696649779273	29.535773911831775	4.3654724654809E-4
115.0	29.097394092800823	20.469424408200535	20.826766902700424	29.588503279502582	0.01791131679563837
116.0	29.032733893847855	20.472660464779743	20.90207207371849	29.59221654861748	3.1701903643369247E-4
117.0	29.062565106215693	20.431732771941967	20.92991419061111	29.570188434645285	0.005599496585948315
118.0	29.079398365420207	20.390591267575015	20.924555068532527	29.605295159375434	1.601390968194974E-4
119.0	29.072652843352166	20.468909598316827	20.86020803565898	29.598021661616336	2.0786105569304408E-4
120.0	28.977704320141946	20.4357970799581	20.932003602171854	29.654084284422854	4.1071330525207204E-4
121.0	28.94481412828236	20.44977461937807	20.982056274086982	29.623062144502644	2.9283374994565684E-4
122.0	28.98440799976669	20.446720120115035	20.933464473965195	29.63496054962412	4.468565289501882E-4
123.0	28.955484906437746	20.458888567756535	20.938365135685252	29.647089208518068	1.72181602395784E-4
124.0	28.933730153511235	20.46184628659298	20.926230076793008	29.6778582438051	3.352392976788289E-4
125.0	28.964425669524807	20.461796554624033	20.958413167682476	29.615174956434288	1.8965173439220413E-4
126.0	28.92085776435459	20.491827145410014	20.986566030841608	29.60043504821499	3.140111787979652E-4
127.0	29.04810068255166	20.42742558546431	20.985010642064168	29.527249896414027	0.012213193505837907
128.0	28.973843379913617	20.47256628173128	21.05311775928801	29.500312762000103	1.5981706699243778E-4
129.0	29.017536655934563	20.423174817264183	21.05717564392621	29.50197691872607	1.3596414897319877E-4
130.0	28.984605352636216	20.45907643734145	21.058654764658062	29.497445601718642	2.178436456279325E-4
131.0	28.906505957447635	20.515513516988026	21.00138101369132	29.57620994524641	3.895666266062319E-4
132.0	28.923952555614257	20.491902839963668	20.886894457214357	29.691450100050815	0.005800047156905145
133.0	29.335722834852547	20.28719631010852	20.63937258708392	29.737388978492664	3.1928946235303563E-4
134.0	29.41148322973936	20.316663592908093	20.926065306570035	29.345588491847895	1.993789346186629E-4
135.0	29.03834933374062	20.505812120020085	20.721946727818732	29.733452297103224	4.395213173332923E-4
136.0	28.794787755459144	20.711623846177847	20.44805039465658	30.045354456734614	1.835469718114679E-4
137.0	27.767110244532038	21.195005801835766	20.673288734234553	30.364319433978004	2.757854196385418E-4
138.0	28.042747898728383	21.402295311075054	21.021006794341865	29.533318331300162	6.316645545383124E-4
139.0	28.199378363195553	21.568062208030277	21.899392407308852	28.332058275678552	0.0011087457867660104
140.0	27.946147439865683	22.225092300224013	22.427395686272764	27.379430744770396	0.021933828867145573
141.0	28.142997759115374	22.209191117440504	21.78558713271482	27.861805133789886	4.188569394123437E-4
142.0	26.647940880910365	23.21460985555196	24.44725559949025	25.689819397843106	3.7426620432314895E-4
143.0	30.569170072259855	19.502524145537848	22.15506879533917	27.76899472545498	0.00424226140814797
144.0	33.15524360504629	18.974979868531516	19.799656194495686	28.066408146248694	0.0037121856778165496
145.0	27.078342342342342	20.817585585585586	19.401801801801803	32.702270270270276	0.0
146.0	27.514593721858088	21.029531339708036	19.389030883608694	32.06655261754394	2.914372812398908E-4
147.0	27.659687251523984	20.38136466707895	19.945224843184025	32.011661807580175	0.0020614306328592042
148.0	30.061735009763304	19.725734628756488	20.631816449969044	29.580713911511168	0.0
149.0	32.59895601553949	19.971915855814682	19.560275669629434	27.8673490251735	0.0015034338428971772
150.0	23.29322208137034	25.676246696813177	25.325273242136998	25.688860298059396	0.016397681620090945
