# Position (bp)	A	C	G	T	N
0.0	23.893122819114	28.825297403983065	30.39355543596452	16.86558059424034	0.022443746698074814
1.0	27.61762261701471	18.11435033487039	18.79950401478573	35.4422056443324	0.02631738899677088
2.0	29.957146163879138	20.433201961801384	17.592450565807745	32.01719611377853	5.194733203149087E-6
3.0	34.29526758752591	18.979258666862318	19.485047721818542	27.24029833661219	1.276871810387159E-4
4.0	34.805750589174785	18.049212682235396	20.678848977111493	26.465960169606852	2.2758187147474895E-4
5.0	36.23164069006867	18.025078174728158	19.895293383099904	25.84533049051278	0.0026572615904843894
6.0	27.960319162276804	18.01991267664782	16.775077865291507	37.24468687448718	3.421296696081151E-6
7.0	27.63061153422126	22.4711042498911	17.90736186043043	31.990917801550122	4.553907088626006E-6
8.0	26.783254680485857	21.745408765330883	18.123037255492953	33.348090666929224	2.0863176107604415E-4
9.0	34.05284980951035	18.443396707399735	18.888421576304605	28.615275699070114	5.620771519135116E-5
10.0	29.83804767000109	22.57820845377971	22.382019065351237	25.201250767315475	4.740435524905477E-4
11.0	28.134583743765383	22.427050823286486	20.542923783507273	28.895437116679997	4.5327608577243655E-6
12.0	29.902804067170326	20.288652434825504	19.75298196895915	30.05555869830549	2.8307395304758774E-6
13.0	30.193127247578524	20.127730745548952	19.696607968551053	29.97469368349187	0.00784035482960172
14.0	30.221390999246378	20.3133715166589	19.92549350775358	29.539740019117573	3.957223566494208E-6
15.0	30.569299226754847	20.308980015026133	19.731345206817526	29.39037046717981	5.0842216857364055E-6
16.0	30.656626249192183	20.21826512377419	19.920634405759586	29.20447083358254	3.38769149709591E-6
17.0	30.645505608279443	20.2809946870779	19.94694972756003	29.11944517096119	0.0071048061214377504
18.0	30.722658981436666	20.09349474512256	20.10699689699805	29.076847684373057	1.6920696614927218E-6
19.0	30.522457449028796	20.18175776758856	19.866894312721595	29.428888213029154	2.2576318992370117E-6
20.0	30.30873051307106	20.37061093945573	19.754256627325535	29.566399096321362	2.823826321488312E-6
21.0	30.18719692362645	20.374659480624587	19.765626024384016	29.672271154024404	2.4641734054650394E-4
22.0	30.16492584011467	20.160997515311372	19.707759377017414	29.965832533588276	4.847339682695972E-4
23.0	30.268479314443216	19.997949990757068	19.91772551825487	29.815803850278765	4.132626608139465E-5
24.0	30.259577029194695	20.041666716250337	19.971077136947095	29.722497482424572	0.005181635183302894
25.0	30.341192312060567	20.006315981096485	19.9573090412659	29.69222786374385	0.002954801833200126
26.0	30.331801908864698	20.029715292107923	19.913170772105826	29.720623761053627	0.004688265867923055
27.0	30.288777625135765	20.056520051322128	19.957761738208156	29.686388409762753	0.01055217557119342
28.0	30.274149006777613	20.037762847714095	20.03891674917328	29.64894038844921	2.3100788581264273E-4
29.0	30.240440247822352	20.03093598616709	19.967306603209263	29.76131317567665	3.9871246404097724E-6
30.0	30.255322997074956	20.024501753109327	20.003081179738835	29.717085510293188	8.559783694950812E-6
31.0	30.269442189059127	19.9573694731371	19.97149496819683	29.801689939701227	3.4299057206951625E-6
32.0	30.333316021541272	19.968522775391914	20.039736489900097	29.65763614758074	7.885655859704596E-4
33.0	30.411293312079458	19.919213572051046	19.995796730434616	29.647495660895864	0.02620072453902164
34.0	30.228659069626286	20.008751986577266	20.052056721443616	29.71052417592318	8.046429646283781E-6
35.0	30.205551408149216	20.065685127695172	19.99360797192598	29.735144551905933	1.0940323701146058E-5
36.0	30.294553826130105	19.95374641951164	20.05131802808183	29.700374803849428	6.922427000368106E-6
37.0	30.283340792671474	20.011022256373863	19.95756779187258	29.747063626392734	0.0010055326893505172
38.0	30.36701928054102	19.857802496378046	19.968827769009142	29.805294994903196	0.001055459168595186
39.0	30.361766405647355	19.91628125656864	19.96880747729108	29.75313673964557	8.120847350326736E-6
40.0	30.26452350664161	19.95197605247106	20.078826806170646	29.687999234148137	0.0166744005685512
41.0	30.311464462165283	19.911772304588794	19.986769968390753	29.789984530316115	8.734539050656693E-6
42.0	30.234679733416908	20.014863221104815	20.072055708603955	29.67833133025934	7.000661498338863E-5
43.0	30.297616118063658	19.927012253443284	20.00287561065742	29.771950141579783	5.458762558492555E-4
44.0	30.2833473531584	19.92588321004229	20.051159938764712	29.739137570967493	4.7192706710291147E-4
45.0	30.31368355259038	19.918335564216434	20.052872557214094	29.699001900236766	0.016106425742320206
46.0	30.300017422013863	19.881432161825092	20.131895429011877	29.68664205801087	1.2929138302022732E-5
47.0	30.253547010507013	19.952049277545157	20.031092844206604	29.76330498017155	5.887569674235471E-6
48.0	30.293084215265537	19.919318054529704	20.037695801311006	29.749896030944136	5.897949617921387E-6
49.0	30.383837539775293	19.92008793083083	20.031473734050735	29.661837640482453	0.002763154860686275
50.0	30.337012359687286	19.91282531222155	20.006653349038302	29.733747482332014	0.009761496720845598
51.0	30.338375972624316	19.854985664919422	20.048797650175175	29.757836561610933	4.150670156826846E-6
52.0	30.270247818960627	19.887904181594294	20.11222959507365	29.729612464022054	5.940349375826997E-6
53.0	30.359860522535826	19.866596942217498	20.03231331867906	29.741224455594644	4.760972971480344E-6
54.0	30.325283794720097	19.864186304734467	20.055498118997857	29.75502582034088	5.9612066963117085E-6
55.0	30.302706028961296	19.905705948912562	20.012810187126505	29.775678403461548	0.003099431538088778
56.0	30.304950648454703	19.908722538254953	20.02631369803696	29.760010721259995	2.3939933891907454E-6
57.0	30.30239159778375	19.91110587806679	20.082999512411938	29.703494617761756	8.39397576111191E-6
58.0	30.325421634378756	19.946479918545993	20.008649030485604	29.71944581202593	3.604563716494071E-6
59.0	30.360525075454923	19.931281521939106	20.009628784968864	29.698559200429838	5.417207271348785E-6
60.0	30.379539566194584	19.93006203874442	20.001236089806568	29.689158687430606	3.6178238240994763E-6
61.0	30.353840519649715	19.97000179800978	19.981754344793615	29.694400317103103	3.0204437892148747E-6
62.0	30.34103665136839	19.924552158908394	19.998633511881003	29.735774651692598	3.0261496124494925E-6
63.0	30.412525061682427	19.902825076133524	19.963897414356776	29.720746991150577	5.456676700181474E-6
64.0	30.371224855463225	19.86467960684503	20.01766714967323	29.746423528899413	4.8591191042675545E-6
65.0	30.34195885621945	19.912857327677695	20.003318998790967	29.741861774926758	3.0423851345362785E-6
66.0	30.309415332658208	19.92254212857561	20.018781634123854	29.74925358873774	7.315904588801169E-6
67.0	30.315937612638056	19.91735827176308	20.02462901722098	29.742060440066332	1.465831155123506E-5
68.0	30.338437644672293	19.93420139479444	19.99606836778722	29.73121488041164	7.771233440564729E-5
69.0	30.330113651221417	19.924506789370547	20.017662844754796	29.72771180966997	4.90498326986847E-6
70.0	30.367418228765764	19.878063846704105	19.989151781904685	29.765364914075594	1.228549857342019E-6
71.0	30.245676658361386	19.94401252836404	20.060549180341894	29.74828755279469	0.0014740801379881801
72.0	30.348000088542264	19.87893571455305	20.027111444809403	29.745950902326474	1.8497688066457015E-6
73.0	30.314971814712226	19.928916039874796	20.029586761048698	29.726525384364276	0.0
74.0	30.37585229593884	19.898843850049946	19.960698302842378	29.76460493224057	6.189282634476571E-7
75.0	30.31110598979419	19.91316767755287	20.02963492309011	29.74609016946779	1.240095035427097E-6
76.0	30.29619068972097	19.94130897389396	20.005044471535264	29.757452758801133	3.106048676951233E-6
77.0	30.342064453578498	19.923474921743143	20.011470148422802	29.722990476255557	0.0
78.0	30.316697097215307	19.91889836061648	20.02555997722861	29.73839871512944	4.458498101599568E-4
79.0	30.386293445925578	19.88653980423883	20.03122506427546	29.69589545804202	4.6227518113331545E-5
80.0	30.430319759396717	19.869240393317856	20.00190406557747	29.698535781707957	0.0
81.0	30.330159473456504	19.908646860437603	20.062786876705403	29.69729674045919	0.0011100489413052466
82.0	30.290578676093734	19.889279574869757	20.093389943809456	29.72611028461838	6.415206086767642E-4
83.0	30.36900950547274	19.93299915692615	19.947798352850562	29.75019235523862	6.29511928385464E-7
84.0	30.375509733207956	19.91509200812826	19.989712215886225	29.71968604277756	0.0
85.0	30.384222609970003	19.90561534782024	20.005902224175685	29.704259818034075	0.0
86.0	30.32666948858691	19.899409711164854	20.028799822232575	29.741878262507566	0.0032427155080960017
87.0	30.351755241297422	19.889362232100087	20.04707653692973	29.71180598967276	0.0
88.0	30.352186746633635	19.91226680422224	20.01359160908621	29.72194848218375	6.357874170256889E-6
89.0	30.31362710194681	19.94700046825153	20.00242691381289	29.735496146291617	0.0014493696971504748
90.0	30.375226349583233	19.925413727245544	19.983007988386714	29.708021853872786	0.008330080911720461
91.0	30.333367573383107	19.917129866981245	20.047633590317957	29.701868329555925	6.397617670486147E-7
92.0	30.34554506950915	19.922801252113384	20.04237534042787	29.6892783379496	0.0
93.0	30.346294395459385	19.936729859935788	20.03677857127578	29.680196530953477	6.423755768291789E-7
94.0	30.357076286468327	19.907671170018197	20.033109544693506	29.702141067235633	1.9315843386575225E-6
95.0	30.384921689921985	19.961936237548912	20.00841534049003	29.644117635444694	6.090965943835048E-4
96.0	30.358341199489093	19.91820883495164	20.044203545004997	29.67924642055427	0.0
97.0	30.354232939874798	19.927653376430086	20.002342845845998	29.715770837849114	0.0
98.0	30.288074739833114	19.972153340689772	20.014334466420284	29.725437453056824	0.0
99.0	30.291403992693205	19.974052866333082	20.044791686088296	29.689751454885418	0.0
100.0	30.29105807990109	19.959869711113146	20.037314414322584	29.711757794663185	0.0
101.0	30.370616637351315	19.978907352187374	19.996840893908065	29.65363511655325	0.0
102.0	30.35145848718853	19.924594025845952	20.008051617612534	29.715844116160184	5.1753192796948705E-5
103.0	30.32175670813684	19.934827159708593	20.012880368772716	29.730535763381855	0.0
104.0	30.326065850503454	19.959419599305193	20.018752424641324	29.695756859420314	5.266129724180794E-6
105.0	30.373074724353966	19.94368746892953	20.03582915320058	29.64436910877494	0.0030395447409868807
106.0	30.381690113529302	19.914095157704722	20.019813685732572	29.684401043033404	0.0
107.0	30.336912813072527	19.92802329256095	20.044140519401743	29.69092337496478	0.0
108.0	30.329384343228632	19.934179231469088	20.02876612448116	29.70767030082112	0.0
109.0	30.36912935389056	19.943412679601643	20.01518580411967	29.672272162388126	0.0
110.0	30.29823460011995	19.935205619352352	20.04467418127712	29.71113195743334	0.010753641817241687
111.0	30.34412171238389	19.94946792060144	20.02290808304369	29.68350228397098	0.0
112.0	30.284722109265168	19.944166243513873	20.013080561474506	29.75565496134507	0.0023761244013924612
113.0	30.31943380723716	19.930990513042016	20.00519043621129	29.744137029238004	2.482142715282107E-4
114.0	30.357171314207697	19.973846418343914	19.998877267030565	29.670105000417824	0.0
115.0	30.39617310596341	19.92918605777259	19.991025511874295	29.683615324389706	0.0
116.0	30.303807973770226	19.96442484758541	20.036625371426194	29.69514112948262	6.777355521419371E-7
117.0	30.318873986145622	19.957517366220507	20.07099789017358	29.65261075746029	0.0
118.0	30.352764707107564	19.94620199784806	20.047049575224047	29.653983719820324	0.0
119.0	30.337608707939566	19.98217312324909	19.98540129319053	29.69481687562081	0.0
120.0	30.32398755712562	19.981016773182773	20.010477449866286	29.684247592679043	2.706271462788096E-4
121.0	30.309358790663165	20.000472761501253	20.03454497553892	29.654999031429703	6.244408669577624E-4
122.0	30.307442047277117	19.97958682296175	20.003664490034083	29.70930663972705	0.0
123.0	30.313538306424938	19.973372259552328	20.031398556612185	29.681690877410556	0.0
124.0	30.249019492763118	20.000515536746164	20.00785777782459	29.74260719266613	0.0
125.0	30.290060928330796	20.0080159110317	20.018819227900117	29.68310393273739	0.0
126.0	30.306419730095875	19.9599344462917	20.054415137420932	29.679230686191495	0.0
127.0	30.35914238875047	19.932488170756436	20.055153992232576	29.653215448260518	0.0
128.0	30.322071338670288	19.974151401347743	20.045201408862155	29.658575851119807	0.0
129.0	30.346971883152936	19.9556689840209	20.037336635524454	29.660022497301714	0.0
130.0	30.321277224163133	19.947107272702056	20.036650683945634	29.69355385945331	0.0014109597358700297
131.0	30.349252381856644	19.96592952334088	20.002463924984394	29.681973558918344	3.806108997368592E-4
132.0	30.346189605429775	19.9846732930694	20.026117952524626	29.618071981633797	0.024947167342406387
133.0	30.340742076041977	20.03809544136667	20.024319764791773	29.596842717799575	0.0
134.0	30.289495885963607	19.99394450100501	20.02806717707949	29.68849243595189	0.0
135.0	30.24371980724332	19.99571078496875	20.055171054295784	29.703257476726915	0.0021408767652287635
136.0	30.28033900041474	19.968367188662288	20.062927541863537	29.68836626905943	0.0
137.0	30.290357963033763	20.014744270587865	20.065552523188394	29.6292599192238	8.532396616945234E-5
138.0	30.313396858135683	20.028561148814816	20.021348620157376	29.634183436152767	0.002509936739356937
139.0	30.276423482267422	20.04427155796852	20.03848592697563	29.640768006686695	5.102610173900527E-5
140.0	30.271716226042493	20.038902567231233	20.007959572720356	29.681414313512295	7.320493626741646E-6
141.0	30.293326967999022	20.02243301004187	20.057851307962686	29.62638871399642	0.0
142.0	30.238144394854217	19.99526807716772	20.082400164812146	29.67492960655384	0.009257756612079168
143.0	30.26819449304778	20.031667235754654	20.004328299907645	29.686599511785527	0.009210459504398897
144.0	30.325207087400397	19.997441604766717	20.041371482939006	29.635979824893884	0.0
145.0	30.325858362161362	20.004990067118484	20.070729011842552	29.5984225588776	0.0
146.0	30.39595738410662	19.957950351759784	20.019869377136825	29.62622288699677	0.0
147.0	30.352586496310067	19.981455455553963	20.050065932560347	29.615848892795015	4.322278060746707E-5
148.0	30.31668122819371	20.05530697377661	20.05636665511342	29.571645142916264	0.0
149.0	30.308492134580185	20.0088404343056	20.102719773706497	29.571634228918803	0.008313428488918202
150.0	30.031780384172542	19.97291428151832	20.112234504696772	29.883070829612368	0.0
