# Position (bp)	A	C	G	T	N
0.0	26.565069856409696	23.959475754013386	25.15644181536442	24.258877991926273	0.060134582286223655
1.0	28.829534594600016	18.890188749123062	19.46256212954081	32.81185123140442	0.005863295331686197
2.0	29.932813505346296	20.00837205202665	18.770816170451194	31.282981124376914	0.005017147798940326
3.0	32.12686402677994	19.357821601620536	19.76743417846481	28.74385470887387	0.004025484260847453
4.0	32.63192518246769	18.87007440067732	20.285889869643245	28.211053246256146	0.0010573009555962269
5.0	33.14502403938253	19.016994135527845	19.827496850722586	28.008369671065058	0.0021153033019884544
6.0	28.850905266450628	18.981646753079144	18.238891741794912	33.92330764478431	0.005248593891001974
7.0	28.602329023503202	21.351696993049206	18.8481218816514	31.17315931517074	0.02469278662545184
8.0	28.41517332755135	20.92029420935041	19.061293767700587	31.602463152015552	7.755433820932051E-4
9.0	32.068460881760096	19.16646310358297	19.499531784432435	29.263113430657373	0.0024307995671276686
10.0	29.840438024586174	21.287622302799196	21.237516071501275	27.6221911938188	0.012232407294553488
11.0	28.92085722421644	21.254769427179422	20.26327774444813	29.54413804061821	0.01695756353779422
12.0	29.84050605271235	20.1009101378233	19.843930142680765	30.212736503283367	0.0019171635002142712
13.0	29.998556989317148	20.06398545241374	19.786437032495737	30.149506295636396	0.0015142301369759188
14.0	29.995529320078546	20.16435821939989	19.93257965218946	29.902842382019536	0.004690426312570009
15.0	30.159617502931507	20.20459762541517	19.854837077695482	29.78034568973576	6.021042220869745E-4
16.0	30.231330736252072	20.093532765296224	19.952517597333667	29.7190648974285	0.003554003689541875
17.0	30.181632102535204	20.131256562771078	20.046987019836177	29.638089637764548	0.002034677092995536
18.0	30.22064406366948	20.045457523993324	20.092695919358466	29.63636571934077	0.00483677363796707
19.0	30.11440190897617	20.088907799278175	19.93302326328128	29.862973606432192	6.934220321814391E-4
20.0	29.977093292823024	20.241460952130005	19.917545655570848	29.863328350678692	5.717487974285026E-4
21.0	29.870804470738406	20.273241198324136	19.921318762292717	29.93307344634506	0.001562122299683496
22.0	29.862104452713762	20.150565967550914	19.885298749935405	30.101347801521154	6.830282787630047E-4
23.0	29.934991361666796	20.050067281620617	19.976350355764044	30.035681294948418	0.0029097060001237692
24.0	29.949337239629852	20.09227270319251	20.01117351931773	29.944742659575212	0.002473878284695589
25.0	29.950257683072266	20.079039908345717	20.070997980683153	29.894375499155196	0.005328928743667455
26.0	29.975955570990305	20.084820816149474	20.03367521853422	29.904444342827762	0.0011040514982349596
27.0	29.91376781797782	20.12628584129924	20.02157607728581	29.93744102844494	9.292349921905474E-4
28.0	29.91956412481578	20.11500252399932	20.078581950283038	29.885142120163728	0.001709280738136852
29.0	29.891999213101904	20.127887664253013	20.036065776428448	29.942308765706027	0.0017385805106085118
30.0	29.881111824195166	20.114590748843163	20.046628659419234	29.956563288069095	0.0011054794733376277
31.0	29.882948938908072	20.10028940784138	20.030707208998308	29.98494970081501	0.001104743437229185
32.0	29.878981787690854	20.139755251953606	20.061566822090178	29.918383686643253	0.0013124516221076556
33.0	29.94447602331333	20.1189341448016	20.056495248408343	29.877128944863564	0.002965638613163069
34.0	29.859359578901195	20.161647635944295	20.04883440121126	29.92831170631404	0.0018466776292064369
35.0	29.823135985964562	20.156737863955023	20.041002211549834	29.97644784345291	0.0026760950776767256
36.0	29.869492246293937	20.128287475165422	20.072484979693588	29.92781560409064	0.0019196947564093431
37.0	29.901041564075676	20.131636488268857	20.003756528669093	29.96319746281731	3.679561690611414E-4
38.0	29.933160884767553	20.059362547071125	20.026338429619557	29.98028381861384	8.543199279258491E-4
39.0	29.910070044248037	20.13620875502908	20.00799925281071	29.9449368429706	7.851049415692005E-4
40.0	29.84436747388306	20.14038779973165	20.08001569175092	29.93261487595664	0.0026141586777320256
41.0	29.868940313449855	20.109310247279872	20.02401101296951	29.997109785475896	6.286408248721658E-4
42.0	29.829696008223433	20.174820990240825	20.058553962095875	29.934678225082255	0.0022508143576134834
43.0	29.834114079693304	20.11874157586489	20.05460602693053	29.989950094542035	0.002588222969246365
44.0	29.818884123190813	20.143618925490024	20.08923981019983	29.947624027800025	6.331133193058985E-4
45.0	29.815975042597344	20.146235071370032	20.08938129565977	29.944491435212463	0.003917155160390222
46.0	29.840488809743448	20.111775459810254	20.11733708819369	29.929624805517506	7.738367350983646E-4
47.0	29.868013912648365	20.17022217038475	20.03451732814025	29.926325882603148	9.207062234765785E-4
48.0	29.838497965316833	20.114865329783576	20.043306080598683	29.99758566098712	0.0057449633137862605
49.0	29.868909024749385	20.126785040700888	20.07180757648015	29.923402266584244	0.009096091485332903
50.0	29.849038791363974	20.152973950527326	20.059885072959894	29.937122778333936	9.794068148691838E-4
51.0	29.866565268211225	20.12942601241437	20.0754347176301	29.924750112406308	0.0038238893380026285
52.0	29.848817272674793	20.13300149607807	20.122642432622	29.89494805061634	5.907480087990692E-4
53.0	29.85175993656081	20.153520881285726	20.02139269908057	29.970707533767673	0.0026189493052172744
54.0	29.8255638153598	20.137423152000434	20.07323983900867	29.962886538278738	8.866553523591194E-4
55.0	29.8004428889262	20.131202608696956	20.085945210214636	29.97979784817367	0.0026114439885325386
56.0	29.810421021331056	20.144363301707717	20.06773368063341	29.976557174331347	9.248219964746634E-4
57.0	29.834559052788418	20.12460721916253	20.114755468637018	29.918936669023903	0.007141590388130489
58.0	29.8130906420906	20.139439545979894	20.07767548748596	29.966754014384428	0.003040310059121259
59.0	29.8418947417422	20.128566441995037	20.076823504252587	29.95194361321361	7.716987965712889E-4
60.0	29.85167731144289	20.108495666289617	20.067248287088745	29.968314100120303	0.004264635058443856
61.0	29.854993896771052	20.15040704061446	20.08199635794437	29.911530912895252	0.0010717917748662793
62.0	29.864131807755278	20.116759137209602	20.070722302943892	29.94633673166443	0.002050020426797423
63.0	29.873037367792605	20.147533964142053	20.029378234341056	29.946883128724533	0.003167304999753345
64.0	29.859283019389153	20.09411922636757	20.075387680941514	29.96952486369406	0.001685209607701908
65.0	29.81175073789432	20.11080681649268	20.07307613449911	29.995630804690844	0.008735506423048786
66.0	29.786589086898623	20.115068746104622	20.084750409898305	29.99094334563563	0.022648411462824487
67.0	29.814852474685072	20.11329490738821	20.099468738280127	29.970149237514388	0.002234642132203529
68.0	29.782641064724963	20.188039419699887	20.05142733586384	29.973302754099972	0.0045894256113359
69.0	29.811882328554407	20.16135689910935	20.07750884354996	29.945517952124963	0.00373397666131815
70.0	29.819542294036044	20.103191391610807	20.04053002291058	30.036295181071527	4.41110371046186E-4
71.0	29.753030895284265	20.146917988080972	20.07545407916354	30.011772664644713	0.012824372826513143
72.0	29.808652083297105	20.124782727686284	20.09724097341658	29.962646095322476	0.006678120277559374
73.0	29.788793947225706	20.16894201712649	20.077428806856247	29.959387664406034	0.005447564385523086
74.0	29.84532586230359	20.132447233373266	20.060593389302927	29.95896558780238	0.002667927217842288
75.0	29.79093412381786	20.16060630023692	20.096704271528576	29.94630036555646	0.005454938860179099
76.0	29.780493699208076	20.15339312739211	20.06915488916097	29.996047690438594	9.105938002488931E-4
77.0	29.794990894999955	20.16924104860102	20.06837857252969	29.96601044324328	0.0013790406260555676
78.0	29.77921592482763	20.154429513487827	20.089132528073733	29.975103170275975	0.0021188633348363283
79.0	29.82650696423172	20.168168836081225	20.09355379450114	29.90920593736599	0.002564467819927124
80.0	29.841165939503416	20.12812365935567	20.050290798197548	29.979830595492494	5.890074508696955E-4
81.0	29.752734464373898	20.18181818521489	20.112017019057348	29.935381752111084	0.0180485792427813
82.0	29.75538240034936	20.146165307320096	20.105958688663588	29.988595392805312	0.003898210861639971
83.0	29.79095959907987	20.17056589003493	20.045434116571105	29.988132787564926	0.004907606749173514
84.0	29.803286253251233	20.168038298141706	20.07533289696713	29.949473007389287	0.00386954425064639
85.0	29.794185615315214	20.151813578915377	20.084298429443567	29.968033589640115	0.0016687866857296788
86.0	29.752101525655554	20.18813514250609	20.066417981957034	29.992738663517187	6.066863641286198E-4
87.0	29.748715869934944	20.15855090276326	20.101999066121675	29.990523853827295	2.103073528281934E-4
88.0	29.766661828413987	20.192352923559604	20.07802190454174	29.958935369939553	0.004027973545120549
89.0	29.72450336430387	20.189763458662142	20.083834255688313	30.001350716306025	5.482050396489295E-4
90.0	29.741084041019988	20.18941377358176	20.057426395315993	30.011879283766145	1.9650631611364385E-4
91.0	29.72545839051966	20.19504662925928	20.091168955895043	29.988065952464716	2.6007186129740407E-4
92.0	29.734580534720028	20.220173829878483	20.098557855510606	29.946363843759432	3.2393613144891185E-4
93.0	29.73481853183702	20.230619360651346	20.104328382364265	29.929451803093045	7.819220543209513E-4
94.0	29.753411442652872	20.196626771575055	20.088150592752882	29.96147032125873	3.4087176046167206E-4
95.0	29.78778502430058	20.22390443441368	20.051920461953973	29.936100521275925	2.8955805584003565E-4
96.0	29.74330776300923	20.210306689483616	20.074133674970994	29.972108689350264	1.431831858978648E-4
97.0	29.740702728985074	20.232812286147514	20.026265084641615	29.999364732681023	8.551675447744202E-4
98.0	29.712212892343352	20.238000871827687	20.092648310908697	29.955925001359677	0.001212923560585318
99.0	29.715874874103232	20.242339440364077	20.073037855578725	29.96847505200122	2.727779527453503E-4
100.0	29.701405900400196	20.205633589521348	20.09066508516128	30.000363854047535	0.0019315708696379305
101.0	29.697485134934716	20.239614265513783	20.09228501271598	29.967587133705955	0.0030284531295686184
102.0	29.695726405827838	20.221399064140364	20.102275205842123	29.98014406127682	4.552629128604218E-4
103.0	29.72062419176767	20.21786669293259	20.123595010726007	29.93767214019597	2.4196437776824215E-4
104.0	29.68014729005171	20.26676550376677	20.092362173493466	29.960549505192922	1.7552749512975298E-4
105.0	29.71911786428953	20.236071782060126	20.099472717368375	29.945135961515394	2.0167476657776963E-4
106.0	29.714403885805318	20.220839497645088	20.10725699281567	29.95706949208846	4.301316454571131E-4
107.0	29.68484262239427	20.204956105572506	20.131618407358893	29.978074196036804	5.086686375324452E-4
108.0	29.671001535803796	20.245904282537705	20.14660197011597	29.93630896754496	1.8324399756898952E-4
109.0	29.734552879125868	20.222118461435514	20.08514450497808	29.957946529257264	2.376252032718874E-4
110.0	29.66146475379446	20.238725679439245	20.14180923064405	29.95762393046234	3.7640565990779585E-4
111.0	29.703171774346227	20.22485916062725	20.083372331299415	29.98828756066267	3.091730644411024E-4
112.0	29.700771912852776	20.208478743685156	20.058056393326268	30.03226424160676	4.2870852904146046E-4
113.0	29.6780388255727	20.204281199622557	20.13225208671924	29.985036381644193	3.915064413101775E-4
114.0	29.697015983742126	20.261530073328363	20.108275918577093	29.932832069045396	3.459553070252193E-4
115.0	29.71944378874449	20.212609873861584	20.17496772668146	29.882878904358538	0.010099706353928317
116.0	29.663678046607828	20.27331789704463	20.151745429363725	29.9109596632896	2.989636942150525E-4
117.0	29.639355273172463	20.228536897995365	20.14990356766796	29.978923029065434	0.0032812320987784236
118.0	29.638660296097267	20.263168946487962	20.14946719658511	29.94776916594195	9.343948877108834E-4
119.0	29.69371550686023	20.243648304613608	20.103297889281723	29.959075858545532	2.6244069890992593E-4
120.0	29.633019160233708	20.267501462895734	20.15296963722488	29.946096527106906	4.132125387679705E-4
121.0	29.682391863737134	20.276883488420413	20.15349014530316	29.88692939494959	3.051075896976629E-4
122.0	29.618127549086577	20.287782468683208	20.148845743475224	29.945016815952165	2.274228028285029E-4
123.0	29.6238916278168	20.239841579914792	20.190091164448543	29.94595170429954	2.2392352033151963E-4
124.0	29.591959828254243	20.2190460198145	20.154562860890408	30.034015391405745	4.158996351000576E-4
125.0	29.578489414812488	20.270084778931796	20.164763856573853	29.98592787517797	7.340745038907617E-4
126.0	29.602590651336584	20.262891992636433	20.18771646873785	29.94635327698017	4.4761030895904165E-4
127.0	29.6830283264544	20.21261555698403	20.17661376144666	29.919648716796445	0.008093638318464193
128.0	29.726276247176877	20.146975983913382	20.256195298544508	29.869224684692984	0.0013277856722456812
129.0	29.608739225900127	20.160586045425934	20.340232744051605	29.888223420509537	0.0022185641127982166
130.0	29.529503431061944	20.154144623634807	20.34886363054013	29.967001257835108	4.8705692801844956E-4
131.0	29.45790231624535	20.209531338682332	20.238082820668886	30.093342739743704	0.0011407846597305967
132.0	29.284359576354436	20.33833691574435	20.202229948822527	30.17290179810513	0.002171760973557606
133.0	29.291198457350866	20.307172620646032	20.304585631976106	30.096718312937888	3.249770891152174E-4
134.0	29.33677938029109	20.25154149501439	20.23438690229902	30.176648764304154	6.434580913493E-4
135.0	29.401038220216048	20.15696393644834	20.334106521833164	30.104768870867193	0.003122450635260537
136.0	29.477007888974903	20.200111341398248	20.379172719288754	29.942496644178203	0.0012114061598901952
137.0	29.739077478204273	20.11246425810152	20.26904151930083	29.87883820894265	5.785354507239688E-4
138.0	29.82171756384904	20.107247309418323	20.36809757521649	29.701728572516096	0.0012089790000565132
139.0	29.1738399548231	20.592223352857246	21.420658611574126	28.806479720863493	0.00679835988203809
140.0	27.393306010198724	21.440243225028368	21.40536710229982	29.74318336103999	0.017900301433101944
141.0	28.98288725958034	19.743761044901067	19.423315520123346	31.849561037188867	4.7513820637570803E-4
142.0	31.16530883950233	19.38210451466027	21.07781530354898	28.373936345404193	8.349968842245893E-4
143.0	30.817179666397347	19.17353080537337	21.46799436412364	28.530651305850334	0.010643858255309245
144.0	33.30662882634082	18.674539641338033	19.169334550411833	28.84516217770385	0.004334804205465433
145.0	27.68658326332308	20.23630702606557	19.21072442754958	32.86612230913049	2.6297393128181003E-4
146.0	27.888732952132102	20.55955656245888	19.096118579863816	32.45537434045483	2.1756509037585867E-4
147.0	28.318318590688087	20.080769748234058	19.58729564223108	32.010257637855084	0.003358380991691525
148.0	30.739142127130602	19.15160360993339	20.220130314718006	29.888801524988178	3.224232298198928E-4
149.0	32.08471847669416	20.005403906145453	19.38756410788448	28.520316272329126	0.0019972369467865327
150.0	23.525088630028076	25.760916434107695	24.083275592135823	26.579809207269157	0.05091013645925238
