# Position (bp)	A	C	G	T	N
0.0	23.028747396327663	29.177065654241417	30.214863221185755	17.55633106339713	0.022992664848026555
1.0	27.57341258501109	16.314675232188584	17.814550223100973	38.27018302474834	0.027178934951006047
2.0	30.52788822247226	19.923102618658064	18.370879863556183	31.17812575372576	3.541587731422015E-6
3.0	36.46803344073574	18.538011771650133	19.118940401000977	25.87488839271596	1.2599389718824408E-4
4.0	35.84490869214882	17.780332257465446	20.590116707187526	25.784407365923023	2.3497727518704842E-4
5.0	37.30048013834901	17.78422509325383	19.63778509211487	25.274777293010892	0.0027323832714014795
6.0	25.907679971486996	18.331611071983804	15.683828247884069	40.076879211532834	1.4971122949498858E-6
7.0	26.33994819441457	23.321319089099195	17.52588641909511	32.81284330904985	2.9883412704258545E-6
8.0	25.9640029514417	22.302759658864716	18.12222335588216	33.6108001669912	2.1386682023696982E-4
9.0	35.53921401354597	17.75474458726944	18.739455626955635	27.96654057203596	4.5200192995883395E-5
10.0	29.970212236094063	23.073984414002528	23.053211424252467	23.902073059751316	5.188658996241318E-4
11.0	27.51947328382254	23.040720107698704	20.533343062532296	28.906461067716872	2.4782295956007104E-6
12.0	29.697516537497705	20.19907323145605	19.276314642277292	30.827093607810685	1.980958266473722E-6
13.0	30.079222918728515	20.01495175773414	19.286136455370087	30.61150951223614	0.008179355931118749
14.0	30.125797564125982	20.2791208722417	19.71956204405477	29.875516552727337	2.966850210690126E-6
15.0	30.519888403122753	20.238019158294676	19.55255718995076	29.689531789924313	3.458707494251307E-6
16.0	30.55218061399968	20.12865382450719	19.786179821488552	29.532983764702042	1.975302535607964E-6
17.0	30.579432669352347	20.198492463650847	19.79270442383722	29.422129031492577	0.007241411667007909
18.0	30.572340109673164	20.07279085963769	19.907814226838454	29.447052830717425	1.973133274719765E-6
19.0	30.458117053007328	20.141050651569476	19.71020683226766	29.690622501822713	2.961332826017536E-6
20.0	30.2974245635827	20.268413810357398	19.57309682990961	29.86106084569606	3.950454232609995E-6
21.0	30.240530809193462	20.217113756386517	19.66452449612948	29.877540895794326	2.900424962162054E-4
22.0	30.24605764742891	20.00316173175088	19.625389521781866	30.124865017253256	5.260817850896378E-4
23.0	30.302717208130453	19.84887605967005	19.8466380331552	30.001732083089816	3.661595447686823E-5
24.0	30.3272438157394	19.912660775804436	19.87631020709657	29.878501987913058	0.005283213446532966
25.0	30.44874445686047	19.896633759168434	19.845100633690944	29.80639138147524	0.0031297688049102736
26.0	30.42666759522018	19.939496131641157	19.759716236532906	29.869228856482177	0.004891180123577666
27.0	30.35238348551445	19.987889330777932	19.819997308375978	29.828796114963186	0.01093376036845501
28.0	30.324086380620052	19.957485973796015	19.89784366560742	29.820351361405162	2.32618571352168E-4
29.0	30.262566582634943	19.93827058563126	19.80804057443695	29.99111927216152	2.985135324617272E-6
30.0	30.32177059674361	19.9182390588118	19.82591712962481	29.934066736052934	6.478766845871518E-6
31.0	30.361228591384904	19.857970407584812	19.820764413097464	29.960029599672993	6.988259828312333E-6
32.0	30.415812934579282	19.890025196222034	19.894662451815474	29.798632463076036	8.669543071732405E-4
33.0	30.54149183258785	19.819806374180775	19.837248693339816	29.774946804732856	0.02650629515870745
34.0	30.261269959394767	19.96409647255372	19.90844396842479	29.86618207528978	7.5243369411325075E-6
35.0	30.23655675471003	20.029488469968346	19.84534243006265	29.888604808154255	7.537104714282127E-6
36.0	30.36038547506088	19.878037415098905	19.9013928350633	29.860178234842436	6.039934476374826E-6
37.0	30.3396613901731	19.956162243962012	19.767910336268034	29.935194703509016	0.0010713260878348447
38.0	30.450301118327534	19.7492259959978	19.800895786799817	29.998470606917355	0.0011064919574952756
39.0	30.421869493778857	19.86425525401394	19.803983984584267	29.909885196938834	6.070684101394852E-6
40.0	30.31705887976405	19.870789243104415	19.926687884802394	29.86852055600705	0.016943436322090964
41.0	30.384763061447988	19.820653331102527	19.796001028536548	29.99857547099144	7.107921491138762E-6
42.0	30.26296473289455	19.96941096426522	19.90126619660107	29.86628893870748	6.916753168039513E-5
43.0	30.378870903568817	19.836509916148877	19.815394069595545	29.96860663361391	6.184770728562221E-4
44.0	30.33285184004562	19.865837882830135	19.896787450492532	29.904013013811714	5.098128200032301E-4
45.0	30.379356370481258	19.842838868213523	19.89975954691504	29.861622661511593	0.016422552878585597
46.0	30.403707396702128	19.773304747804897	19.98270840999389	29.84025128029787	2.8165201215884567E-5
47.0	30.343464154604433	19.883126052240126	19.829179850245875	29.94422378730243	6.155607130993859E-6
48.0	30.36990593671956	19.82706500168396	19.841844167810553	29.961181810832244	3.0829536821457696E-6
49.0	30.44444175793503	19.84997934449963	19.859760400312958	29.84292200779605	0.0028964894563229073
50.0	30.410127535816777	19.820843671195178	19.850078509758113	29.908854584283816	0.01009569894611307
51.0	30.416442569737693	19.750602427906546	19.86823214191576	29.964720794713195	2.0657267995331127E-6
52.0	30.36717039841467	19.782833259062915	19.93135633650491	29.918635350105443	4.655912061616133E-6
53.0	30.47019193102577	19.743427321852252	19.846532270876853	29.939840702835617	7.77340950742604E-6
54.0	30.40242811306641	19.757130765663312	19.895140385927494	29.94529762095055	3.114392234063643E-6
55.0	30.37545426540903	19.817605819248854	19.851098092047707	29.952669320047832	0.0031725032465759963
56.0	30.389951626269784	19.809804981205822	19.87609685665833	29.92413976309579	6.772770275082316E-6
57.0	30.359555961119096	19.818482661065246	19.971406959649418	29.850551286867127	3.131299113741627E-6
58.0	30.411553943558573	19.858442445384423	19.841082016690375	29.888918457317715	3.1370489147175373E-6
59.0	30.439406141640813	19.84384491855565	19.84852294915788	29.868222324066974	3.6665786827461997E-6
60.0	30.46382636696439	19.849920377119215	19.798654936203054	29.887594646877623	3.672835715443632E-6
61.0	30.452436152210886	19.893168212398567	19.78059894545262	29.87379406177984	2.628158081479923E-6
62.0	30.419607060332886	19.822707003470992	19.81626678706519	29.941416516172463	2.6329584651697323E-6
63.0	30.53927395255247	19.79127626328858	19.76793870213008	29.90150791704159	3.1649872734279245E-6
64.0	30.46116131943296	19.73009947391716	19.86485083805635	29.94388678332066	1.5852728658053996E-6
65.0	30.40813803352747	19.804615338830413	19.852208419410122	29.935036620172628	1.5880593689007603E-6
66.0	30.38120317026377	19.845943959822428	19.832044076604465	29.94080667191849	2.1213908532128474E-6
67.0	30.375339480770524	19.824451315859108	19.868478667380383	29.9317151286218	1.540736818493122E-5
68.0	30.417525921104264	19.854169452502163	19.834713158774104	29.893511096104643	8.037151482565164E-5
69.0	30.41439545148572	19.82803723465456	19.861650334964438	29.8959153790333	1.5998619852394069E-6
70.0	30.448875825511035	19.75971188326694	19.831481200409026	29.959930022284535	1.0685284649652035E-6
71.0	30.31107860473491	19.829812969229753	19.930642663697355	29.92688238616481	0.0015833761731690666
72.0	30.453190054643635	19.7509764047436	19.85480764550521	29.941023750144204	2.144963347482995E-6
73.0	30.392868542671387	19.82306338644837	19.85506720990954	29.929000323750426	5.372202753120681E-7
74.0	30.459415951829993	19.7870603137567	19.808052466031036	29.945470730135753	5.382465135337753E-7
75.0	30.363152461329275	19.828425196265748	19.891940125304473	29.916480060231855	2.1568686585129446E-6
76.0	30.354866218231063	19.834482287098297	19.855526172052933	29.955124782393728	5.402239809682117E-7
77.0	30.42574443215022	19.810460931240133	19.885222127874552	29.878572508735097	0.0
78.0	30.401053446749827	19.798139370371196	19.89276301481001	29.907535517514606	5.086505543632183E-4
79.0	30.500682667702534	19.75716452316621	19.87625407907289	29.86584114480867	5.758524969257626E-5
80.0	30.544609333523155	19.7517362278661	19.842867557664086	29.860786880946655	0.0
81.0	30.40128723179717	19.780962800517248	19.92928351441223	29.887295498833684	0.0011709544396734852
82.0	30.389673259568163	19.755466182969432	19.949125870595136	29.90506968913908	6.649977281885335E-4
83.0	30.48971591557003	19.80670487499976	19.74947071831771	29.954108491112503	0.0
84.0	30.500236363517192	19.795715662025046	19.81104247239996	29.8930055020578	0.0
85.0	30.510057285532984	19.776284090093665	19.844431740316608	29.869226884056747	0.0
86.0	30.408537553186086	19.764433643137806	19.903296570877647	29.920531347036487	0.003200885761973279
87.0	30.45333780962695	19.757535653342554	19.915695096655487	29.873430336607186	1.1037678234979442E-6
88.0	30.427747974982367	19.817393407808474	19.84515233682834	29.90970019726226	6.08311855961574E-6
89.0	30.37110771556721	19.870276996915358	19.831077140155518	29.926063518541945	0.0014746288199661084
90.0	30.517474194163125	19.795035711593933	19.789959410247626	29.888794736453605	0.00873594754170958
91.0	30.45608995615287	19.768151531460727	19.897562031899234	29.87819592397382	5.565133459413287E-7
92.0	30.445855516427518	19.799314281207074	19.88980776536615	29.865022436999254	0.0
93.0	30.466365929904704	19.782123423975694	19.89901869601204	29.852490832412343	1.1176952176805882E-6
94.0	30.471120450432426	19.76234565342524	19.890205528054672	29.876326687637196	1.6804504682743274E-6
95.0	30.517645555268576	19.823993405349587	19.839975132524582	29.81769934771099	6.865591462648805E-4
96.0	30.450328587327608	19.782504621203227	19.92572566131514	29.841441130154028	0.0
97.0	30.457575297042876	19.803111916273963	19.820110884580362	29.9192019021028	0.0
98.0	30.372084159104705	19.85740170018794	19.868699491646847	29.90181464906051	0.0
99.0	30.392367716240287	19.837856899266924	19.90065070810037	29.869124676392424	0.0
100.0	30.392280535999415	19.828972340638785	19.87929592999187	29.899451193369934	0.0
101.0	30.49932038317964	19.844113105169594	19.83070907712291	29.825857434527858	0.0
102.0	30.458368906288424	19.762418117860854	19.85681787802115	29.92233579254299	5.9305286582162375E-5
103.0	30.423621585860296	19.78505850407432	19.860774256033782	29.930545654031604	0.0
104.0	30.439734260403267	19.81403511777945	19.88312468519689	29.86309963303689	6.303583504129405E-6
105.0	30.51151597056651	19.794888104687736	19.90141083889011	29.789207899335736	0.0029771865199083166
106.0	30.525929709644327	19.749208305288583	19.868511354390325	29.856350630676765	0.0
107.0	30.463191521680226	19.766706464183567	19.91178149751487	29.858320516621333	0.0
108.0	30.43352069222353	19.79907725277425	19.879072548468784	29.888329506533434	0.0
109.0	30.51682472273587	19.801808166095565	19.86017031084342	29.821196800325144	0.0
110.0	30.403491002905845	19.77513200935139	19.925560509466088	29.88506219730722	0.010754280969454813
111.0	30.470725527982236	19.79881955632607	19.869524446912006	29.860930468779696	0.0
112.0	30.40189900072905	19.80651696421315	19.832031046217853	29.95712260298079	0.0024303858591556374
113.0	30.461531537721516	19.766333009358878	19.846389169359735	29.92548192865787	2.6435490200094156E-4
114.0	30.515324799196442	19.828607364633495	19.841116574777494	29.81495126139257	0.0
115.0	30.559416084812035	19.764482627512287	19.835149423399674	29.840951864276004	0.0
116.0	30.415007107114445	19.82303620617868	19.899545865950834	29.862410229934166	5.908218705618938E-7
117.0	30.434209185522654	19.80608480110598	19.941751767342954	29.817954246028417	0.0
118.0	30.500140747071157	19.79800663837561	19.892906863914927	29.808945750638298	0.0
119.0	30.472636819625937	19.833096029019767	19.834719125100207	29.85954802625409	0.0
120.0	30.455337159994055	19.838627561681562	19.868394613020683	29.83734843305907	2.9223224462618966E-4
121.0	30.419213824468994	19.864550537556354	19.894849828349667	29.82071458297608	6.712266489013749E-4
122.0	30.42876536300118	19.834537167410705	19.852923208989548	29.883774260598567	0.0
123.0	30.448712021080503	19.809380761299764	19.888011685699393	29.853895531920344	0.0
124.0	30.379849326580562	19.822899695135256	19.86399335862819	29.933257619656	0.0
125.0	30.42010234381737	19.850087263067977	19.876188688409748	29.853621704704906	0.0
126.0	30.460001420171306	19.77885248600793	19.92793092964229	29.833215164178473	0.0
127.0	30.53029176776047	19.75188291403054	19.92627018122796	29.791555136981035	0.0
128.0	30.47070895163273	19.825441832041594	19.910275783166174	29.793573433159505	0.0
129.0	30.492742086981465	19.78201792173036	19.89221983795795	29.83302015333022	0.0
130.0	30.465392058787415	19.763755385710063	19.923611191060107	29.845900275704672	0.0013410887377463254
131.0	30.537034880794607	19.79785875244429	19.864426924852136	29.800288555678716	3.9088623024952996E-4
132.0	30.525941421232915	19.81479524148563	19.889758424839865	29.74413887120322	0.025366041238368445
133.0	30.51196328239149	19.877579930937635	19.884560817900983	29.725895968769894	0.0
134.0	30.428387955203227	19.824861269960312	19.89741877957343	29.84933199526303	0.0
135.0	30.378507076455374	19.82866183790216	19.92443411779885	29.86633753795873	0.002059429884885592
136.0	30.43550653598655	19.767477218623693	19.93480957580275	29.862206669587003	0.0
137.0	30.449931868604086	19.847210164723712	19.938663224118276	29.764116232291226	7.85102627000876E-5
138.0	30.50484165150949	19.868059474245225	19.868616535211405	29.755883993020383	0.0025983460134971674
139.0	30.4399851229689	19.881742457547105	19.886863086845242	29.79134035933317	6.897330558724585E-5
140.0	30.398770982123995	19.886384555787686	19.84881383883931	29.866016509290144	1.4113958862493185E-5
141.0	30.43097269449202	19.860281893741686	19.930059480391197	29.778684642348523	1.2890265766923538E-6
142.0	30.384730829360844	19.806149933056076	19.951315428334404	29.848297163545602	0.009506645703074846
143.0	30.439891484804686	19.846536642891085	19.84452989481326	29.859464020247344	0.009577957243621215
144.0	30.535660552796003	19.791663103199543	19.883101315348295	29.789575028656163	0.0
145.0	30.53422133097602	19.83242429651578	19.947695129835555	29.685659242672653	0.0
146.0	30.651897574678166	19.70445272691834	19.89508616412063	29.748563534282862	0.0
147.0	30.573699948946103	19.76105376844709	19.931437911565855	29.73377173745441	3.6633586538022835E-5
148.0	30.529339367891513	19.87089117916899	19.92580625657952	29.673963196359978	0.0
149.0	30.526339331419223	19.80511682765928	19.988096368545712	29.67228413409666	0.008163338279124438
150.0	30.30723961304161	19.705445813565696	19.99398638974512	29.99332818364757	0.0
