# Position (bp)	A	C	G	T	N
0.0	23.14520655202028	29.189241378957842	29.605516469632793	18.007622160300247	0.05241343908883707
1.0	27.34784938400134	17.311784821024744	18.299450125522775	37.04024125859851	6.744108526258787E-4
2.0	30.37954628274181	20.28167919036047	18.153511522005154	31.185016065668176	2.469392243924385E-4
3.0	35.683629266165426	18.77043916224145	19.413473064004585	26.131586714845117	8.717927434207404E-4
4.0	35.573586152248446	17.83870339141633	20.92040486521122	25.666908056660304	3.975344636937817E-4
5.0	36.85498121409873	17.984752715178775	20.049646640224754	25.109794063983028	8.253665147137361E-4
6.0	26.73998146178616	18.385735442782387	16.356021947317387	38.51806217811438	1.989699996877013E-4
7.0	26.795617283126877	23.227070951508214	17.804678717681767	32.15829636684329	0.014336680839861345
8.0	26.24394186565913	22.2835930507186	18.292447892384526	33.179994638267296	2.2552970450164527E-5
9.0	34.94396397245008	18.191686835458484	18.958353674466572	27.905987136279126	8.381345741454729E-6
10.0	29.72004526141967	23.130405421157683	23.02611733505509	24.12342884322454	3.1391430164678183E-6
11.0	27.637412699799924	23.009294513061178	20.74901522195217	28.595359791218904	0.008917773967825823
12.0	29.662153507002454	20.47003451183816	19.655068740094453	30.212739061908657	4.179156271080742E-6
13.0	29.98691861177579	20.308181163244672	19.649278393817067	30.05560303853953	1.8792622941247928E-5
14.0	30.028161364647598	20.517739011784943	20.00434584001627	29.44962858529845	1.251982527373581E-4
15.0	30.412295117608206	20.503241020674036	19.843393027759316	29.24104164090445	2.9193053994487402E-5
16.0	30.457320747002985	20.409641475951815	20.049369692023827	29.08363473824634	3.334677503625198E-5
17.0	30.426254646084384	20.499457889445505	20.067742688584943	29.00654060962972	4.166255444234773E-6
18.0	30.414483232058696	20.370276376896673	20.188214652389426	29.023044236415824	0.00398150223937769
19.0	30.26350810666906	20.457625831910946	19.961496598496975	29.317301209815504	6.825310751058081E-5
20.0	30.083375378644444	20.592805691281267	19.85989337413756	29.463914082277515	1.1473659213869618E-5
21.0	30.02577706995149	20.55455655346007	19.899474157463263	29.520081010694792	1.1120843038009235E-4
22.0	30.008073272126317	20.328193544520534	19.88123650941728	29.782287074948282	2.0959898758566626E-4
23.0	30.10618018592897	20.148654070899813	20.086893274535882	29.65793023397919	3.4223465614336617E-4
24.0	30.126906161649575	20.19094702159104	20.12718654551883	29.55495765132027	2.619920288296448E-6
25.0	30.230476584757817	20.17177615799783	20.100644159411925	29.49471730474284	0.002385793089594128
26.0	30.187304800143767	20.220072365149736	20.03774637784785	29.55486227056007	1.4186298581747918E-5
27.0	30.12679122320852	20.26626548861611	20.086859765830685	29.52007983923764	3.683107048059417E-6
28.0	30.090737693857676	20.249260734958778	20.159001456479768	29.500817284157076	1.8283054669547484E-4
29.0	30.07131541883186	20.224893523942402	20.063058801510905	29.639698120832353	0.001034134882487085
30.0	30.096246952561184	20.21167756202483	20.09693782189727	29.594997500927477	1.4016258923821485E-4
31.0	30.140929457239412	20.139804573234294	20.08153508339949	29.637722403238513	8.482888288584339E-6
32.0	30.18315027425765	20.151371770799305	20.163756387932423	29.501474969475982	2.4659753464221037E-4
33.0	30.306893118898536	20.092887157481883	20.106395848812987	29.493781785017003	4.208978959404755E-5
34.0	30.066841798710414	20.219914875389183	20.16742802682144	29.545751212572775	6.408650618771773E-5
35.0	30.036282811665675	20.282177064215684	20.103916524551305	29.577373566763242	2.500328040897357E-4
36.0	30.141498988695574	20.155731665081962	20.15734201817512	29.54529581587807	1.3151216927460578E-4
37.0	30.1307769083592	20.216022164972085	20.04069350343928	29.612495584806265	1.1838423173691839E-5
38.0	30.233196086307064	20.037004192157358	20.060330128568687	29.669429673464244	3.9919502646584804E-5
39.0	30.217926640580266	20.12690430989798	20.060682563318245	29.594459445219822	2.7040983682626767E-5
40.0	30.115740747141555	20.14546987139533	20.18957296018443	29.547602873803957	0.001613547474722567
41.0	30.163325129611803	20.1022022515861	20.072671006416662	29.661764652808913	3.695957652847742E-5
42.0	30.05401765846376	20.234463584200498	20.17198225892162	29.539326719830083	2.097785840443597E-4
43.0	30.15342745936139	20.118601587953624	20.093276919453963	29.634667265278214	2.6767952812535024E-5
44.0	30.11276719537411	20.14106490147093	20.17020794872068	29.573730356874446	0.002229597559831163
45.0	30.160142126996924	20.1292077683328	20.163916315742622	29.546731592844356	2.196083292036902E-6
46.0	30.155443180743035	20.076453204486537	20.248412646299876	29.51964913843052	4.1830040034100286E-5
47.0	30.108501533467606	20.173310405469756	20.115482369809918	29.602670928879416	3.4762373299839916E-5
48.0	30.137199412805295	20.127311709074565	20.123744112095814	29.61111079701555	6.339690087845865E-4
49.0	30.199107578694147	20.132283433439767	20.142731439259638	29.520882870523018	0.004994678083430768
50.0	30.16023413550666	20.1238951562313	20.125521443202533	29.590345929086237	3.335973274317149E-6
51.0	30.175614737986265	20.052436220905182	20.15204865186719	29.618769899415113	0.0011304898262465566
52.0	30.107649610281673	20.099601746924485	20.212042586371346	29.58064346323374	6.259318875338775E-5
53.0	30.206015077987402	20.05448549914524	20.144329610856463	29.595073437398568	9.63746123317211E-5
54.0	30.146266001333178	20.072793142183336	20.17581922312952	29.604848038707566	2.735946464078239E-4
55.0	30.1295336745236	20.1255989873447	20.133890693920286	29.610621132432573	3.5551177884048313E-4
56.0	30.131986407728796	20.12608952107322	20.15782795179862	29.584089905371314	6.214028050823112E-6
57.0	30.125007387800373	20.12560294292019	20.222578460280737	29.524377447372597	0.0024337616261039256
58.0	30.148160792782342	20.159899824205613	20.14265633803049	29.54927338953805	9.655443510444365E-6
59.0	30.19035565612685	20.151496936113425	20.13146663870816	29.5266779214119	2.847639665235354E-6
60.0	30.205502378493854	20.1462871265772	20.10163167666656	29.54556697143756	0.0010118468248232362
61.0	30.179832857643518	20.198161634819947	20.090490224779092	29.53138072999591	1.345527615359712E-4
62.0	30.171973216565068	20.130121444423466	20.108903358308496	29.588950888750258	5.109195271319223E-5
63.0	30.253317906805748	20.105435889350428	20.075838280984076	29.564918668136748	4.892547230003226E-4
64.0	30.192488063705547	20.061116856392537	20.164962462318787	29.581363361785385	6.925579774333676E-5
65.0	30.144123759749135	20.12475027325846	20.140239872283523	29.585928149823854	0.00495794488502623
66.0	30.11115649744353	20.148637295116394	20.12747729671509	29.596873710343157	0.01585520038182475
67.0	30.123319496694073	20.144692298647186	20.143056549320633	29.587832427135385	0.00109922820272517
68.0	30.146188267699632	20.158734678537463	20.128265490502404	29.566637680345902	1.738829145974065E-4
69.0	30.151522387194806	20.142946175986793	20.154223889629666	29.551271856369944	3.569081879196736E-5
70.0	30.188902672246286	20.077960207350774	20.115957380719188	29.61708117677843	9.856290531904751E-5
71.0	30.0602307887745	20.144199899912973	20.20616458670197	29.58108561502864	0.008319109581913231
72.0	30.180455519380224	20.076428635055983	20.14787836814122	29.591514569967075	0.0037229074554944704
73.0	30.134223817116506	20.125334016922576	20.155356826518137	29.58361609279873	0.0014692466440495388
74.0	30.196765535036572	20.10491207016883	20.095833911225398	29.602474243319875	1.4240249323031897E-5
75.0	30.116489455662173	20.129073350376395	20.167083777256448	29.585156364758326	0.0021970519466630056
76.0	30.10240248939422	20.14135847213599	20.144230056854575	29.61200898161522	0.0
77.0	30.153485564069584	20.122923689686477	20.168934442063428	29.554515655254853	1.4064892565407916E-4
78.0	30.131815050492705	20.13032393272826	20.17622322681246	29.561632387365982	5.4026005958228056E-6
79.0	30.222646450612434	20.087581547762902	20.158420343503376	29.530993418138067	3.582399832187146E-4
80.0	30.25986468872175	20.079926530244027	20.14095482512144	29.518636666548524	6.172893642588781E-4
81.0	30.146437316964715	20.110137413533433	20.207535510511693	29.523819880555273	0.012069878434883967
82.0	30.11889377076466	20.092238131489182	20.23129568149718	29.554480533459166	0.0030918827898104594
83.0	30.208725205445948	20.131847044991137	20.063091740352952	29.593674316888187	0.002661692321779703
84.0	30.209882908610584	20.132538642028692	20.11539385081765	29.54216258197449	2.2016568580916996E-5
85.0	30.229871383509316	20.112998854583992	20.126052813203845	29.53088922788243	1.8772082041801821E-4
86.0	30.142617566494202	20.11739604859994	20.172747253025864	29.566898825295517	3.403065844788727E-4
87.0	30.160753917980692	20.1028956555973	20.18849591793676	29.547831664790785	2.2843694465512435E-5
88.0	30.152567647543453	20.155687368504655	20.143235986468763	29.54569006207146	0.0028189354116673303
89.0	30.096572080058998	20.18852768821935	20.13150419203678	29.58334880599286	4.7233692016253735E-5
90.0	30.22100114342526	20.152509127221638	20.09441677304428	29.532039904289338	3.3052019488368704E-5
91.0	30.167075181813978	20.12305603096341	20.18453837141812	29.52528599214809	4.4423656397909074E-5
92.0	30.150348392849164	20.148287905630603	20.192978147591667	29.508359186522586	2.6367405983827902E-5
93.0	30.167079586034944	20.15217354330173	20.178195337633237	29.50245641354174	9.511948834534295E-5
94.0	30.189818991216942	20.118773136318104	20.169682320784695	29.521710380194587	1.5171485673107772E-5
95.0	30.224004865236488	20.168622713228167	20.13280197826564	29.47456663754654	3.8057231606606967E-6
96.0	30.162480812638037	20.133220523233387	20.1952485534643	29.50904629171379	3.8189504826478726E-6
97.0	30.15953556805074	20.145748788110033	20.129303606872302	29.56512715578802	2.8488117890270397E-4
98.0	30.07892946574043	20.202340843317756	20.14652674265338	29.57200870637146	1.9424191697360685E-4
99.0	30.09620570914686	20.186753450986604	20.180515713799878	29.536508399461166	1.67266054924524E-5
100.0	30.1042135577292	20.17468408141031	20.16402651058153	29.557070684850235	5.165428730778358E-6
101.0	30.188957053338143	20.194873089587507	20.125486407163233	29.489735992386485	9.474575246269777E-4
102.0	30.167922652341982	20.120764967744485	20.14951286265334	29.56167136430723	1.2815295295628696E-4
103.0	30.137886559591067	20.135718655748644	20.15645475819631	29.569827709990328	1.1231647365766322E-4
104.0	30.142487772635757	20.175383382793868	20.17227815571406	29.509842167017165	8.521839146615163E-6
105.0	30.206708013981544	20.158209803962524	20.184713075597077	29.450360551497063	8.554961792948366E-6
106.0	30.207058314051043	20.12106557798308	20.164395683960716	29.507381323358718	9.910064643814142E-5
107.0	30.157257853320836	20.138176142210877	20.20209913813438	29.502291084230908	1.7578210299923802E-4
108.0	30.142492503764178	20.157135470658616	20.160886610728458	29.539452112823984	3.330202476776816E-5
109.0	30.204143870134786	20.150407986374802	20.16489640204277	29.480541709308277	1.0032139362948717E-5
110.0	30.111455722129666	20.14646469118036	20.209663928595077	29.532218162577205	1.9749551769144023E-4
111.0	30.1570984646142	20.16196800354639	20.16575324858028	29.515064229400696	1.1605385843655885E-4
112.0	30.102801274143197	20.17000619161347	20.138977654140653	29.588204038545207	1.0841557467789461E-5
113.0	30.14445693051333	20.139271953937193	20.142379387363714	29.573884242034275	7.48615148746121E-6
114.0	30.18715206127792	20.19121317982356	20.152100998452237	29.46953307690589	6.835403944655566E-7
115.0	30.23273846978173	20.15141266088576	20.12975719349536	29.478660824358784	0.007430851478368725
116.0	30.122459526785544	20.181831930632924	20.19096545697441	29.50474170633706	1.3792700606296086E-6
117.0	30.132518240259405	20.178695442975332	20.22358575946516	29.46376421683453	0.0014363404655709502
118.0	30.17032244754302	20.164468365342408	20.19739888316126	29.467294393899955	5.15910053358885E-4
119.0	30.162028430938083	20.201908489437535	20.123691307791066	29.51236967298229	2.098851028080549E-6
120.0	30.148200955541967	20.206939783076358	20.156694246272583	29.488146734544934	1.8280564164646627E-5
121.0	30.122951750727207	20.235742345736714	20.181559643422574	29.459742020410147	4.239703359261828E-6
122.0	30.112200579655973	20.220941724540666	20.15014356022162	29.51671129450691	2.8410748337264505E-6
123.0	30.13041838245414	20.188147528545837	20.18027740328579	29.501130989676742	2.5696037489719268E-5
124.0	30.05325602951887	20.219242642936923	20.158963777218244	29.56853683283146	7.174945034539826E-7
125.0	30.092692590525242	20.234199883378277	20.167981205633563	29.50488832872204	2.3799174087886198E-4
126.0	30.126004966549267	20.17782741093759	20.209940639497717	29.48620450948256	2.2473532865972294E-5
127.0	30.176878423857534	20.158480560103346	20.221158534722925	29.4382622934113	0.005220187904895335
128.0	30.123086450034997	20.222490726297334	20.209697693518002	29.444725130149667	0.0
129.0	30.147177296211776	20.197405047905555	20.18929804322795	29.46474927971276	0.0013703329419591686
130.0	30.121099273408507	20.176772901119843	20.20375021068843	29.49836797950039	9.635282828496271E-6
131.0	30.16949033272803	20.207782051678567	20.1586541705255	29.46406971789385	3.7271740500009196E-6
132.0	30.179618989495104	20.215389724629347	20.19569672870258	29.409279559841515	1.4997331449828476E-5
133.0	30.153461944818616	20.28288563752642	20.189500767151696	29.374149387596788	2.2629064814597395E-6
134.0	30.0836734288617	20.229654712314822	20.201898610257686	29.484764142979948	9.105585846678005E-6
135.0	30.03749946189041	20.234092598646384	20.233851317865696	29.494555094503955	1.527093548666555E-6
136.0	30.082236645186526	20.18159603722504	20.241431668138297	29.49387727587916	8.583735709713027E-4
137.0	30.1151350016432	20.242423396741206	20.237445984832036	29.404994069802388	1.5469811683507206E-6
138.0	30.154693360504087	20.25222220621189	20.188171276478535	29.40490770758384	5.449221649916421E-6
139.0	30.100200970257017	20.272218745868106	20.205331059565776	29.421420102881275	8.291214278267194E-4
140.0	30.06264095492879	20.26266950683679	20.162688128057958	29.499104455268377	0.012896954908086554
141.0	30.09133028869368	20.25242706595229	20.221026845309133	29.43521500532392	7.94720980060085E-7
142.0	30.054804305459694	20.20038146412215	20.249553135097713	29.4952298731787	3.122214174381618E-5
143.0	30.087023120881128	20.250236273282386	20.16313546953577	29.49951075524919	9.438105152446332E-5
144.0	30.291694425234784	20.161566644037443	20.171903309373647	29.371708467374525	0.0031271539795999096
145.0	30.24431753194674	20.16414585034749	20.358944149392787	29.23258919524463	3.273068344301849E-6
146.0	30.443336246560428	20.046822717727387	20.27329977985464	29.236537952504456	3.303353091679181E-6
147.0	30.330509294057116	20.05539950390755	20.280098045273093	29.331774210233558	0.0022189465286798007
148.0	30.234560830478014	20.280531534318595	20.24791587114816	29.23692197005097	6.979400425777061E-5
149.0	30.207649906168044	20.189116748124526	20.425734255106054	29.177431240855654	6.784974572035609E-5
150.0	29.95950486271857	20.118496830778486	20.65753685208762	29.26446145441532	0.0
