# Position (bp)	A	C	G	T	N
0.0	26.167389336672723	24.961104587895893	24.024965245511044	24.834977066247248	0.01156376367309198
1.0	28.502318723363402	18.577327557461672	18.811183809784186	34.088888637765066	0.0202812716256741
2.0	29.78012816105865	20.110559967496968	19.12687282618465	30.97590973015663	0.00652931510309916
3.0	33.05089615022857	19.094714316877482	19.613265692671213	28.24073524967054	3.8859055219790445E-4
4.0	32.71530927456286	18.790439557705582	20.44232382966963	28.05126919628401	6.581417779143241E-4
5.0	33.53987420675372	18.876910350782957	19.876191477543586	27.704890535902077	0.0021334290176568374
6.0	28.071564341651587	19.185701657194773	17.914407911088993	34.81759093926181	0.010735150802834274
7.0	28.363547681390628	21.39790397753637	18.91304697431668	31.322338729538306	0.0031626372180107356
8.0	27.881095532867604	21.092710927945745	19.01751153288678	32.0047273600999	0.0039546461999744745
9.0	32.500751552888	18.857173100237983	19.402499827872653	29.23763236592777	0.0019431530735956656
10.0	29.958651274882893	21.357716163554347	21.55711688744203	27.126087342176547	4.2833194418184854E-4
11.0	28.765479711089643	21.369616510302702	20.367908845157835	29.496525672458056	4.6926099176545496E-4
12.0	29.74553919152958	20.063693015881228	19.78086448868134	30.40908811209848	8.151918093734436E-4
13.0	29.910468869242717	20.033875161289384	19.71889523926896	30.329748028822305	0.00701270137663285
14.0	29.902952596560322	20.149285758308736	19.913378866790698	30.034131032987805	2.5174535243924196E-4
15.0	30.083884887674163	20.175616701312112	19.862864158345328	29.876681177004897	9.530756635022931E-4
16.0	30.1076729179387	20.104920700337107	19.928334271861637	29.85588632144606	0.0031857884164971846
17.0	30.04659816538096	20.140152203545362	19.971807827443477	29.836917014955777	0.00452478867442627
18.0	30.00731225231296	20.138600052380916	19.9727564086586	29.87662042935989	0.004710857287629199
19.0	29.975143789877173	20.143315533681026	19.883536901807993	29.997549631214053	4.5414341975267154E-4
20.0	29.911499254728223	20.204871381029964	19.87137130259678	30.011688759639544	5.693020054836641E-4
21.0	29.903133543734278	20.176226280208734	19.896293950841567	30.023745240986038	6.009842293843114E-4
22.0	29.87735500333637	20.069732480786346	19.90408690692183	30.145474462991196	0.003351145964263918
23.0	29.923133715039153	19.995528705107503	19.951441605104034	30.12928115611532	6.148186339941365E-4
24.0	29.9422941937281	20.034613514831154	19.972295684938185	30.0484114578909	0.002385148611661513
25.0	29.976240129486985	20.0011657333275	20.01891619179887	30.001986853111106	0.0016910922755391032
26.0	29.983705451250543	20.02492443928618	19.98539743653997	30.003368322326985	0.0026043505963194895
27.0	29.920376434410663	20.072830698726786	19.973515364455277	30.02767041616493	0.00560708624234279
28.0	29.9106083739185	20.063320735802048	20.02741265259807	29.998417852879182	2.403848021989552E-4
29.0	29.883106829460175	20.075251287773593	19.99442915660859	30.04673663940093	4.760867567145053E-4
30.0	29.864519026083723	20.054833467249512	19.99500190674028	30.085432540088636	2.1305983784577446E-4
31.0	29.90570505312996	20.039062401660843	19.986573136164566	30.068456167209302	2.0324183533042853E-4
32.0	29.898802197147013	20.083878707634558	20.010090090685452	30.006683318434273	5.456860987122342E-4
33.0	29.974137873371475	20.046002363745583	20.009762983715348	29.956657621645334	0.013439157522260995
34.0	29.86706844031376	20.12044412076141	20.017466516868765	29.994878038484973	1.4288357109289604E-4
35.0	29.845968423385855	20.117741112776276	19.978973988252584	30.057014081514822	3.0239407046556637E-4
36.0	29.89194533538869	20.073272525808118	20.01570154915991	30.01868125338907	3.9933625420724117E-4
37.0	29.924060834746392	20.082378567871956	19.9498016800272	30.043143703416725	6.152139377300943E-4
38.0	29.939416127576422	20.00260030319683	19.98640279605029	30.070318189697886	0.0012625834785721757
39.0	29.914650248983616	20.08275093174374	19.978486745296056	30.023013510145862	0.0010985638307279913
40.0	29.866265640341165	20.084059042876294	20.043482143196893	29.993330489110676	0.012862684474978403
41.0	29.880597141979752	20.053273346388423	19.964682109457506	30.101185702583017	2.6169959130621716E-4
42.0	29.851043029410278	20.13092666736381	20.0036765465843	30.014085662753885	2.6809388772596984E-4
43.0	29.854718580717986	20.068831635566557	20.000587242472413	30.07506234162024	8.001996228022487E-4
44.0	29.83494755769592	20.098962624148427	20.02196715340033	30.042624735092154	0.0014979296631690737
45.0	29.838786713226146	20.095033353687874	20.036650701714528	30.021085077237036	0.00844415413441757
46.0	29.877884214372784	20.038751892348	20.09255227219994	29.990451530776994	3.6009030228056844E-4
47.0	29.897334735150288	20.09429287750402	19.994758652040648	30.0133054207192	3.0831458584420975E-4
48.0	29.883758734915066	20.05648213871831	19.989859517681268	30.069740701418873	1.5890726648649649E-4
49.0	29.8735593194076	20.073370811163414	20.033671509860305	30.018044035879786	0.0013543236888870444
50.0	29.87898246497947	20.095011859574647	20.01793936386123	30.002971661795147	0.005094649789502025
51.0	29.88696933368868	20.062028440574764	20.044783894731097	30.00604809509862	1.7023590684343677E-4
52.0	29.865533460147798	20.071550499844708	20.084946726833998	29.977871728762416	9.758441108147446E-5
53.0	29.902451873653703	20.070885671174555	19.987255874477135	30.039251390653927	1.551900406851854E-4
54.0	29.854290018797077	20.06804557177977	20.028909954000966	30.048626782231324	1.2767319086596523E-4
55.0	29.82421026587267	20.09550888170072	20.022629117873773	30.056010419147057	0.0016413154057868676
56.0	29.82824416742519	20.09016169402848	20.02512037392408	30.05621293079688	2.608338253680668E-4
57.0	29.86172862709123	20.074324892155722	20.068880566106824	29.994923871104127	1.4204354208826754E-4
58.0	29.86782518119734	20.089317566388264	20.020729496265556	30.02196004424484	1.6771190400341376E-4
59.0	29.88786497524123	20.085783365468682	20.02047122477868	30.005675777246164	2.0465726523796922E-4
60.0	29.892021968673998	20.05697211958633	20.016434071108716	30.031331387075966	0.003240453554989671
61.0	29.898368005625752	20.08614640849304	20.044239788284408	29.9706415642707	6.042333261034747E-4
62.0	29.901765710195544	20.06111503081845	20.03026434745059	30.006448671816123	4.062397192955169E-4
63.0	29.92870148292831	20.08999326351638	19.978029253032524	30.00309664246638	1.793580564031277E-4
64.0	29.90574237091893	20.04539306102756	20.01614243324417	30.031467663889604	0.001254470919729265
65.0	29.847011202722683	20.05574863873752	20.02696747254206	30.070062413106914	2.1027289082100942E-4
66.0	29.840614179764007	20.068898261354082	20.02737002150978	30.062813670946376	3.038664257579308E-4
67.0	29.8593808540218	20.053317565800565	20.050251736898083	30.03688063717489	1.6920610466324078E-4
68.0	29.842278960638435	20.147199764963382	19.996728127045113	30.01357250081469	2.206465383834238E-4
69.0	29.85363525755772	20.1184680645727	20.012813732541126	30.014646558253965	4.363870744861074E-4
70.0	29.863179403339174	20.054338432908267	19.998047445255096	30.084346569382674	8.814911478481132E-5
71.0	29.807348497005435	20.10980342609644	20.028116787827674	30.053780218350255	9.510707201955239E-4
72.0	29.866715804758453	20.048656720503825	20.057259597692816	30.02725030022798	1.1757681692742821E-4
73.0	29.8502714743071	20.100413759005935	20.037915836868	30.011302006347133	9.692347183211103E-5
74.0	29.896925776434678	20.062197330989623	20.017001563553798	30.023765712908695	1.096161132011656E-4
75.0	29.850562991036334	20.099294958117717	20.05089750140869	29.9989690321732	2.7551726405815075E-4
76.0	29.838441951266553	20.07955161423258	20.021008355835765	30.06039743895186	6.006397132379484E-4
77.0	29.855829280826185	20.102807444511416	20.019339769198684	30.021858286294428	1.652191692860942E-4
78.0	29.8454841512479	20.075972703476967	20.039168566870437	30.03882080090633	5.537774983694169E-4
79.0	29.885086789008774	20.10138880000694	20.047430081168514	29.965597567341533	4.967624742385374E-4
80.0	29.916133711679265	20.065554567804337	20.006103414843317	30.012109203725444	9.910194763897991E-5
81.0	29.833258140900902	20.110774716502352	20.07037040087916	29.98497524246919	6.214992483924977E-4
82.0	29.824605032221246	20.07207647948135	20.07258738636487	30.030315923978534	4.151779539977538E-4
83.0	29.881582130397522	20.091051793445178	19.99810508523448	30.029162457474012	9.853344880817834E-5
84.0	29.88499652623292	20.087678720433352	20.030023933944502	29.997073725504414	2.2709388480897215E-4
85.0	29.870122366820674	20.08758327050626	20.042927660606736	29.999217346867535	1.4935519879269975E-4
86.0	29.8300783377148	20.10963462499254	20.015531718294106	30.0430291584038	0.0017261605947512418
87.0	29.84999543983782	20.085249937131422	20.034206736892752	30.03040387259459	1.4401354341765912E-4
88.0	29.84716270516172	20.1036185248981	20.038273292589125	30.010842357754036	1.0311959702400262E-4
89.0	29.799560960877976	20.106003065917573	20.046903374868645	30.04680414211022	7.284562255935051E-4
90.0	29.84385529864356	20.095979869438235	20.019199426983423	30.036082277106047	0.004883127828736916
91.0	29.80480778983321	20.115830052781227	20.05595713214479	30.019350004894065	0.004055020346705153
92.0	29.802137217137087	20.132558549245736	20.068664065330513	29.996540624891676	9.954339498527493E-5
93.0	29.819632036013772	20.154610028938375	20.06914876176246	29.95464983133947	0.0019593419459249545
94.0	29.837768773948405	20.11181726240201	20.051962781977142	29.998275652169205	1.7552950324464664E-4
95.0	29.886155927519752	20.122310713384834	20.006873193980766	29.983918360112078	7.418050025684525E-4
96.0	29.83660736401319	20.11185817156877	20.05751405696418	29.99379491994974	2.254875041194155E-4
97.0	29.825894218052923	20.158236461357937	19.98293821347601	30.03204552659235	8.855805207817242E-4
98.0	29.808483474144765	20.16398771137828	20.046509027267902	29.97935869224506	0.0016610949639941077
99.0	29.817103793180895	20.14972001609974	20.031801340210315	30.00101518451517	3.596659938859942E-4
100.0	29.799476678346082	20.1187101593228	20.054125619275258	30.02355249900301	0.004135044052850689
101.0	29.818503217396024	20.131001583446313	20.057797354619275	29.991873622874365	8.242216640194219E-4
102.0	29.800784141366936	20.112698532912194	20.069934000356366	30.016225502144202	3.5782322030388246E-4
103.0	29.828495170667026	20.116406295391673	20.08498291918816	29.969999752516063	1.1586223707652978E-4
104.0	29.778100757627502	20.18303483387562	20.052313272567286	29.986352521111147	1.9861481844253578E-4
105.0	29.831840872839166	20.13321807473208	20.068653002667766	29.96078139854764	0.0055066512133533875
106.0	29.824957884340726	20.12169895480957	20.062962584122875	29.99021491216418	1.656645626475702E-4
107.0	29.81071748600478	20.11204908972812	20.0813354220597	29.99576521744995	1.3278475745179345E-4
108.0	29.775929232195956	20.147823455083802	20.10358476319023	29.97258715621292	7.539331709534983E-5
109.0	29.85796858694838	20.11894316301032	20.04767729604938	29.975340408027083	7.054596483163669E-5
110.0	29.759077345160673	20.148138972206294	20.08490450429284	30.002072805932194	0.005806372408002546
111.0	29.80587084252204	20.124384708156967	20.049571560727696	30.020012809764456	1.6007882883919272E-4
112.0	29.815544232211433	20.09619955728729	20.00986573272971	30.076964128323002	0.0014263494485613985
113.0	29.79914550197104	20.105214952441475	20.096809695753954	29.998475360694798	3.544891387299965E-4
114.0	29.79634219780557	20.17044215465912	20.06593868347019	29.967189979788444	8.698427667725272E-5
115.0	29.84008036582721	20.12266746031216	20.12764180121452	29.90952378414165	8.658850446066866E-5
116.0	29.76996446177756	20.190417720042937	20.102466896147824	29.93709457869359	5.634333809216679E-5
117.0	29.74967120654047	20.14477714688959	20.088227659046076	30.017234202231162	8.978529270262354E-5
118.0	29.750346513824326	20.176807890906943	20.08728196428053	29.985387083617837	1.76547370364265E-4
119.0	29.79132787126055	20.16641033368007	20.04467678718349	29.997521491269207	6.351660668336027E-5
120.0	29.773141957592287	20.164189286642312	20.10442572004269	29.958034425974354	2.0860974835514053E-4
121.0	29.80376924857353	20.182863068393043	20.108450060059305	29.90451375859698	4.038643771471707E-4
122.0	29.744257173186682	20.19430931354008	20.097845891558936	29.963481427222906	1.0619449139712717E-4
123.0	29.75170590521608	20.15715790212929	20.114400566912703	29.97570146023883	0.0010341655030969366
124.0	29.728959843362713	20.124496136805057	20.102018853109936	30.04439094316325	1.342235590429819E-4
125.0	29.725798754596134	20.165727604165276	20.084220038764006	30.023714970774318	5.386317002679339E-4
126.0	29.755903571055605	20.170257329750303	20.11890980795095	29.953321639118556	0.0016076521245863005
127.0	29.81196088969037	20.15096130764846	20.109145291813597	29.92786323028454	6.928056303666962E-5
128.0	29.82111538227396	20.10307655663979	20.155593380564312	29.92007058953698	1.4409098495041996E-4
129.0	29.744506333976002	20.09539903130241	20.220728769657605	29.939218525456653	1.4733960733611794E-4
130.0	29.736595580145796	20.05246756939908	20.26649505050765	29.94366667094257	7.751290049005481E-4
131.0	29.648785782083365	20.108685921753597	20.244568393006336	29.997683560487104	2.763426695976324E-4
132.0	29.58055316732341	20.17929836166297	20.23425126714517	29.993802384342295	0.01209481952615589
133.0	29.543209862357838	20.17824835600559	20.26736854762942	30.011058918728008	1.1431527914806299E-4
134.0	29.528680825875647	20.176289984330516	20.199803466507525	30.095143430213344	8.229307296588791E-5
135.0	29.575194622720502	20.103390302784756	20.2394129864053	30.080888529993192	0.001113558096241743
136.0	29.68324926537135	20.113344310293556	20.290649973059015	29.91259384628691	1.6260498916335312E-4
137.0	29.994620813113386	19.988945303272576	20.18406530905716	29.832045917056703	3.226575001727019E-4
138.0	30.052864860637236	19.995595804847028	20.28005839985622	29.67022303521164	0.0012578994478737774
139.0	29.1599834084167	20.65354929928065	21.46615236546694	28.720184208309036	1.3071852667351528E-4
140.0	26.986438459487992	21.69345628670754	21.388678429976522	29.931211222763647	2.1560106429548937E-4
141.0	29.04649222064749	19.598689166021416	19.081617745126987	32.272114011931905	0.0010868562721979805
142.0	31.59826750028916	19.2632500937317	21.205191565716078	27.923966211026514	0.009324629236545258
143.0	31.05476307023271	19.13971264137368	21.448211214869836	28.352773076565164	0.004539996958607557
144.0	34.15279758966473	18.283141651187766	19.32828612403192	28.23536024678976	4.143883258277805E-4
145.0	27.448365216251823	20.21044348953151	18.913787825417273	33.42662320794702	7.802608523669601E-4
146.0	27.769865795753017	20.62712185839835	18.854482282497706	32.74832827366655	2.017896843641331E-4
147.0	27.876081249128205	19.80182015243386	19.27962661576989	33.04186591790684	6.060647612072781E-4
148.0	30.496996709139047	19.39785780300416	20.219580137996456	29.88516124688131	4.0410297902484897E-4
149.0	33.57480760785583	19.087879177291626	18.903096545362143	28.418815987626513	0.015400681863896423
150.0	24.204098705784574	24.474509126239145	25.250272413770265	26.068051381195534	0.0030683730104855266
