# Position (bp)	A	C	G	T	N
0.0	26.701946015849167	24.253306746918682	25.30664383634555	23.72636365844233	0.011739742444274536
1.0	28.676420400548075	18.89226496485619	19.26653308412626	33.14410474345839	0.020676807011088483
2.0	29.66732570183029	20.231851516701756	18.751088622207305	31.343159112984836	0.006575046275814077
3.0	32.095475106801544	19.393609292644655	19.67800282460511	28.832504271341197	4.085046074950996E-4
4.0	32.28425650372837	19.039608900239102	20.30874759422021	28.366753747359624	6.332544526913339E-4
5.0	33.11017328432908	18.959996369430904	19.92215700458364	28.005537148392396	0.002136193263983827
6.0	28.694818164059676	18.974906953418795	18.17677129528419	34.14262023426605	0.01088335297129203
7.0	28.631434945031327	21.21456068440058	18.91572280254539	31.234960289730733	0.003321278291968053
8.0	28.211370437080873	20.85952583934975	19.030589754979168	31.894354999077134	0.004158969513072112
9.0	32.116385405837036	19.037780145033313	19.398582348824633	29.4452075115953	0.002044588709714846
10.0	29.93079512318191	21.20880860587482	21.25773083365735	27.60223596991865	4.2946736727296974E-4
11.0	28.9725778221234	21.15702191274851	20.262195537441443	29.607763139313352	4.415883732912269E-4
12.0	29.85539921005807	20.016062423667243	19.81396616549523	30.313741066675377	8.311341040765529E-4
13.0	29.99543711077406	19.970069913104428	19.75643813019302	30.271108491716227	0.006946354212269867
14.0	30.003839056280874	20.065050258758937	19.89736959481993	30.03351136757463	2.297225656263301E-4
15.0	30.172474520006382	20.094061003638394	19.83264714585215	29.899885405736686	9.319247663856708E-4
16.0	30.226107239262	20.029847755441267	19.915521907762503	29.82517680857037	0.0033462889638594968
17.0	30.183723593791406	20.053828582244105	19.964359044274214	29.793529644100143	0.004559135590130822
18.0	30.194760088493943	19.998018727212838	20.016347682512574	29.785916962861226	0.004956538919424497
19.0	30.127516527317294	20.029631192457682	19.879595904135467	29.962810064156027	4.46311933536638E-4
20.0	30.00134200846012	20.15691606960274	19.857165351387216	29.98404862234803	5.279482018922123E-4
21.0	29.925509293588505	20.17054885644257	19.858211848669384	30.04513259160404	5.974096955083558E-4
22.0	29.902232065373436	20.05074992103399	19.847460739790208	30.196164834846957	0.0033924389554135827
23.0	29.965377586044863	19.967850009396713	19.93418516839494	30.131943683289386	6.435528740989859E-4
24.0	29.979547208715857	20.005489482072335	19.957979955450895	30.054595864018108	0.0023874897428111984
25.0	29.999391758330447	19.97777227942281	20.003066953132702	30.018113343404295	0.0016556657097474697
26.0	30.006110083958887	19.993361998289615	19.97382114527853	30.02404800721596	0.002658765257006323
27.0	29.948094359745873	20.03301771543865	19.968169898231864	30.04514360562729	0.005574420956317325
28.0	29.95553224568329	20.020334247054723	20.01643103303751	30.00745771076764	2.4476345683624424E-4
29.0	29.928171380422242	20.03690183311823	19.98403414816567	30.050441024427087	4.5161386677095515E-4
30.0	29.903507736816458	20.026070624253606	19.998955746409308	30.071226655270205	2.392372504190691E-4
31.0	29.93968632610442	20.006531241108032	19.980179032958056	30.07339784704123	2.0555278825855672E-4
32.0	29.93044879316654	20.046839120635436	20.00391746944419	30.01824519959842	5.494171554175893E-4
33.0	29.992500776779735	20.013874013049897	20.01155176411384	29.968329674936655	0.013743771119874125
34.0	29.908957331870674	20.07008827960256	20.015431281808887	30.00537530953025	1.477971876317995E-4
35.0	29.88654971037003	20.067231105329842	19.982806973296924	30.063099552319635	3.1265868357021833E-4
36.0	29.928176584977685	20.031352423090144	20.020714245449078	30.019372578935755	3.841675473416653E-4
37.0	29.948567079055298	20.051200391553117	19.95850459964067	30.04110345501001	6.244747409056308E-4
38.0	29.962523892138844	19.977708137606772	19.981099965467113	30.077439939086105	0.001228065701170373
39.0	29.94400298267185	20.043276359161098	19.97064335150132	30.041024395885245	0.0010529107804830616
40.0	29.908611386223114	20.05289201782794	20.02707929473367	29.998389032003747	0.013028269211525376
41.0	29.924967726710438	20.013833776967292	19.98048516335128	30.080469111722053	2.4422124893222485E-4
42.0	29.881566208219834	20.087096219797523	20.00853021802352	30.022545378612037	2.6197534709044337E-4
43.0	29.891875066674217	20.03496307911658	20.00158665588113	30.070745146532786	8.300517952899502E-4
44.0	29.880420543721613	20.050978365106705	20.0220756485571	30.045104587227268	0.001420855387317085
45.0	29.86894809405023	20.05248234044438	20.03384329493739	30.036275268174624	0.008451002393373623
46.0	29.91659485091133	20.00497988796032	20.069013671013618	30.00907806870171	3.3352141302347684E-4
47.0	29.91296575412161	20.045811652396893	20.001029325984682	30.03990293880381	2.903286930063351E-4
48.0	29.908302995275584	20.02792295759954	19.992415955107276	30.071193434723654	1.6465729395698564E-4
49.0	29.916334956901068	20.03459288918006	20.028861109097924	30.01885441048198	0.001356634338966995
50.0	29.923266275338417	20.05520856643079	20.00477195380179	30.011683947960133	0.00506925646887203
51.0	29.917038028830493	20.03971206730305	20.019516557616566	30.02356674664054	1.6659960934620757E-4
52.0	29.909856173773086	20.03786079832499	20.059599637666032	29.992591144559615	9.22456762762317E-5
53.0	29.923978983791955	20.046339664976333	19.978526253132067	30.051002090826728	1.5300727291235803E-4
54.0	29.894140559234977	20.03139351623854	20.019324300361042	30.05501609347635	1.2553068909164185E-4
55.0	29.866982605258645	20.053790861010523	20.01945765076928	30.058072533766	0.0016963491955543678
56.0	29.885211001649992	20.045172420102347	20.005986853050945	30.06333936536661	2.9035983010484545E-4
57.0	29.890595465123898	20.043078591973533	20.05199940182837	30.01418794928652	1.385917876796556E-4
58.0	29.903147295381178	20.055245274470302	20.0045123488336	30.036937269541042	1.5781177387487903E-4
59.0	29.915978436341177	20.04833508458729	20.003181613057617	30.03229569010875	2.091759051701034E-4
60.0	29.92273443911926	20.02297598639302	20.0134673805721	30.037496532694654	0.003325661220961883
61.0	29.922312255710796	20.049264090327462	20.032993219721497	29.994817057706925	6.133765333213703E-4
62.0	29.924965149993575	20.033537492712753	20.012299524620826	30.028841388745185	3.5644392766244536E-4
63.0	29.936967233168378	20.057455918516602	19.974369758288038	30.03100976413367	1.9732589331001538E-4
64.0	29.93548963955275	20.025663886038046	19.999669417191495	30.037884670078657	0.0012923871390591193
65.0	29.891360540126794	20.03254320603248	20.001685802923053	30.074195122073522	2.1532884415279203E-4
66.0	29.885972642109728	20.039638702384035	20.014270918178248	30.059826346963973	2.913903640150564E-4
67.0	29.901002244518605	20.025464570486097	20.032980838745015	30.040380851858018	1.7149439226575455E-4
68.0	29.881103703013327	20.104661272348306	19.984261736509314	30.029742456407277	2.3083172177031704E-4
69.0	29.888190987333445	20.078282687614525	19.998919715017998	30.034138128338473	4.684816955598627E-4
70.0	29.905260334463225	20.01888278585749	19.97787883831751	30.097898829465247	7.921189653361425E-5
71.0	29.850399414188484	20.07701495357783	20.0070900636749	30.064537386367284	9.581821914995552E-4
72.0	29.9043962968024	20.029532887971254	20.035281604841813	30.030650906338263	1.383040462686724E-4
73.0	29.885668190802413	20.069561324094327	20.01578109174467	30.028903730893198	8.566246539054138E-5
74.0	29.923560829440515	20.041910396963846	19.999982839519305	30.034449178174537	9.675590179509642E-5
75.0	29.87970785348472	20.064816189903475	20.02647721928448	30.02868304477978	3.1569254753988476E-4
76.0	29.87869959336572	20.050335209450992	20.00228913493071	30.068085191735562	5.908705170194546E-4
77.0	29.884530211706817	20.077600087671613	20.006874318114605	30.030838267113314	1.5711539365151838E-4
78.0	29.88144464056838	20.056071268102574	20.015332088791105	30.04657578778171	5.762147562316432E-4
79.0	29.910971893383515	20.06421988630816	20.02557589959496	29.99872024833413	5.120723792414664E-4
80.0	29.948219141933002	20.036201206321937	19.980251932975126	30.035236192999715	9.152577021699839E-5
81.0	29.864082630743518	20.074009554486892	20.03761284519585	30.023647093874178	6.478756995650134E-4
82.0	29.85644628170369	20.04229161870198	20.0467955388009	30.054057393609725	4.091671837023978E-4
83.0	29.9011890047087	20.07394555866049	19.972644625233638	30.0521152741621	1.0553723507330413E-4
84.0	29.899574842661274	20.06934602495981	20.00425724773959	30.026599979139647	2.2190549968241553E-4
85.0	29.89477214891133	20.05619356408777	20.015613058855248	30.033262727476785	1.585006688666312E-4
86.0	29.864107408431522	20.07822625226731	19.998766968340806	30.05720877428851	0.0016905966718464911
87.0	29.876808024288913	20.05335014830074	20.020701384773496	30.04900812056223	1.3232207461332413E-4
88.0	29.890222647888137	20.07371571856504	20.007597745762734	30.028361839471607	1.0204831248368081E-4
89.0	29.837463199356364	20.081828953290383	20.019467864047115	30.060519463784637	7.205195215009912E-4
90.0	29.867117054386593	20.077883445438584	19.99383252379511	30.056333241409956	0.004833734969758032
91.0	29.844023625833422	20.09007828535719	20.020677510693545	30.041043998143568	0.004176579972278342
92.0	29.85684739134663	20.0925967219263	20.03034537189572	30.020108403873998	1.0211095736207881E-4
93.0	29.853558729541085	20.11962011696012	20.03327285121647	29.991419803652903	0.0021284986294181915
94.0	29.869986079385413	20.078402114475857	20.019422671772464	30.032031332781	1.5780158526592392E-4
95.0	29.90624735353908	20.106669154892305	19.975439016279424	30.010900703063765	7.437722254302954E-4
96.0	29.87858607163035	20.082045290689166	20.01018572970537	30.028931191956353	2.517160187569945E-4
97.0	29.860235984788286	20.11884629100172	19.96637265328995	30.053612375173984	9.326957460600098E-4
98.0	29.83928234143864	20.139704576003577	20.011292383791343	30.007989572938598	0.0017311258278397198
99.0	29.844068946437908	20.125442949414122	20.004451846588626	30.025710958112008	3.2529944733589644E-4
100.0	29.834586185136942	20.101039541559356	20.016081038463323	30.044007354841956	0.004285879998421841
101.0	29.835541625597195	20.117337832589723	20.020169074504455	30.026121715625376	8.297516832553267E-4
102.0	29.83253764584129	20.105813373573977	20.026162496700685	30.035147986144032	3.384977400176076E-4
103.0	29.856577379217526	20.104605906458968	20.033644090606035	30.005030824000833	1.4179971663817707E-4
104.0	29.81723595556654	20.156506194219347	20.007130974911984	30.01892593787528	2.0093742685021757E-4
105.0	29.85241214696065	20.112296988417363	20.02384688894089	30.005774204357316	0.00566977132377499
106.0	29.854042255536385	20.097175223532236	20.029588945240224	30.01902917125522	1.6440443593993996E-4
107.0	29.84090012607952	20.102074468609736	20.037041180193853	30.01985619163455	1.2803348233835694E-4
108.0	29.807975182236323	20.131107106948946	20.06528108056195	29.995547675291988	8.895496079480922E-5
109.0	29.864136780157143	20.102626374091663	20.01920262105496	30.01396253649543	7.16882008119031E-5
110.0	29.787961220956117	20.12586023568095	20.054983154350165	30.025488157857716	0.0057072311550527355
111.0	29.836672526675095	20.109106510159442	20.02375449534227	30.03029659371287	1.6987411031676596E-4
112.0	29.849003116430715	20.087463892658977	19.978849123385178	30.083255298537363	0.0014285689877629845
113.0	29.818102197285445	20.09419277953507	20.06012520831501	30.027221188297997	3.5862656647156753E-4
114.0	29.82073427396547	20.144964710659128	20.0244124126274	30.009793386460586	9.521628741638959E-5
115.0	29.86206764573983	20.099016888008908	20.081663775167215	29.95717720859669	7.448248734763047E-5
116.0	29.812537288607118	20.15447185191982	20.05825925888684	29.97468643004741	4.517053881618309E-5
117.0	29.772327351214265	20.119518172170782	20.056745526761	30.051333505905355	7.544394860348855E-5
118.0	29.77454884616584	20.143037033764518	20.059505127719092	30.02272822719716	1.8076515338997997E-4
119.0	29.83021582851339	20.13469571673834	20.017438437672393	30.01757624094515	7.377613073151445E-5
120.0	29.79422119919765	20.130794644573356	20.06646234268298	30.0083198075699	2.0200597611575078E-4
121.0	29.80655519160293	20.15464625146909	20.08089105699795	29.957502008094135	4.054918358981552E-4
122.0	29.773016332696443	20.153777842457163	20.065479523012996	30.007640119618795	8.618221460554122E-5
123.0	29.77775076236822	20.126295105367483	20.09493266007909	29.999941726981955	0.0010797452032551907
124.0	29.772046560000476	20.094976454821555	20.069031301409574	30.06383248211349	1.1320165490431554E-4
125.0	29.76518541732529	20.135859389741412	20.054576792610096	30.043847922178497	5.304781447074716E-4
126.0	29.786334694798803	20.138091402443152	20.081983434032573	29.991927079363727	0.001663389361742526
127.0	29.854143085695313	20.097009549627128	20.064376742770147	29.984394237701473	7.638420593589303E-5
128.0	29.89794666381026	20.03305429447861	20.1273923922475	29.94145891357025	1.4773589337610475E-4
129.0	29.791063052084745	20.042598273080785	20.212139787635	29.954066963991515	1.319232079583402E-4
130.0	29.72762807673572	20.028401939972333	20.22140257599455	30.02176524507284	8.021622245657263E-4
131.0	29.650142974004158	20.080776374411265	20.13120158404293	30.137601771835698	2.772957059562827E-4
132.0	29.515276668209918	20.19737190353421	20.093462434641182	30.181317150332003	0.012571843282685496
133.0	29.522503275666068	20.159024628889917	20.17587422366981	30.14248908575351	1.0878602069174026E-4
134.0	29.53042831517071	20.141889666657267	20.117605891632103	30.209999097947467	7.702859246136981E-5
135.0	29.607183815543713	20.068751055305363	20.178862356792386	30.143999736206982	0.001203036151550784
136.0	29.703521348438066	20.099370711481885	20.19973653952999	29.997225382481307	1.4601806875569941E-4
137.0	29.951338010307317	20.023431418104302	20.11292154755032	29.911969366522438	3.3965751562625685E-4
138.0	29.991460050753044	20.027315533420186	20.203523111500594	29.77634329362797	0.0013580106981999924
139.0	29.289464206155436	20.531986730198586	21.262588130097402	28.915833649266986	1.272842815914312E-4
140.0	27.437554325008957	21.413350871172838	21.247629253052448	29.901262208802425	2.03341963337444E-4
141.0	29.24213646349424	19.58539014283425	19.24273229393837	31.928538161297045	0.001202938436096078
142.0	31.515270308897435	19.268868661505163	20.985178690753553	28.220926564405147	0.00975577443869874
143.0	30.968662328959308	19.14487681760862	21.275027108918184	28.606807034282244	0.004626710231641201
144.0	33.571556632848115	18.533904323165697	19.107002201743413	28.787132829378663	4.040128641074437E-4
145.0	27.75688070881995	20.227015465107876	19.027325654226768	32.98800004876521	7.781230802012731E-4
146.0	28.110617180390374	20.496894246634465	19.099284802663988	32.292998409634336	2.0536067683979878E-4
147.0	28.481383248175362	19.852743983626958	19.57815557247399	32.087128584828754	5.886108949319337E-4
148.0	30.882371200882197	19.01280619674655	20.326909757265096	29.777560957659816	3.5188744634425604E-4
149.0	32.67366443042612	19.550233828365705	19.180175293491907	28.580486222259516	0.015440225456751135
150.0	23.177738553081657	25.72295867884722	24.49913287160147	26.59694223284751	0.0032276636221447237
