# Position (bp)	A	C	G	T	N
0.0	26.379075836808454	24.92335110461063	24.80802685606171	23.877703004989957	0.011843197529251817
1.0	28.50833342444569	18.654601535519053	18.930369466492778	33.88546707741821	0.021228496124263217
2.0	29.702722259608727	20.246203682072387	18.95520935984867	31.089203015230847	0.006661683239365408
3.0	32.54602171099032	19.33055575935823	19.639459419285156	28.483564775109073	3.983352572194408E-4
4.0	32.47778677814364	18.983326599115628	20.41133087201367	28.126895132603195	6.606181238630455E-4
5.0	33.31175977893546	18.94943718305213	19.936132556182184	27.80050281306952	0.002167668760701227
6.0	28.269116854495397	19.11123785743037	18.02320888479629	34.58514769590413	0.011288707373809815
7.0	28.36370849526925	21.43463633456795	18.885872583661257	31.312295361065967	0.003487225435572307
8.0	27.940782341582448	21.05096124212865	19.014883615792613	31.989146168750636	0.004226631745649429
9.0	32.34544841248136	18.964119042059387	19.409286595863318	29.279130636319334	0.0020153132765995123
10.0	29.89018235549758	21.392485461799467	21.47538630842285	27.241463239800574	4.826344795374923E-4
11.0	28.81567529795922	21.34225028311042	20.341134284806074	29.50048440696668	4.557271576016303E-4
12.0	29.755282826450635	20.08000413826903	19.813656675738578	30.350176971176136	8.793883656225138E-4
13.0	29.91063775277285	20.04340788270847	19.749406615847704	30.28937907097951	0.007168677691468983
14.0	29.918264737238637	20.149879661919577	19.931632456725335	30.000013869112674	2.092750037749991E-4
15.0	30.087651981698293	20.186077192924433	19.86873560567274	29.856619884475162	9.153352293666078E-4
16.0	30.127825120483738	20.104984985184153	19.95374608423138	29.81017467606773	0.003269134032998134
17.0	30.072056360311578	20.13950150741757	19.998801861389847	29.78484821123231	0.004792059648698609
18.0	30.068267817472748	20.093397348170555	20.035502101821205	29.79765760719034	0.005175125345152883
19.0	30.01584533203252	20.117625426946077	19.91599616068032	29.950055919422557	4.7716091852796036E-4
20.0	29.928830024564856	20.212240564794758	19.895953239328563	29.962423009185613	5.531621262070425E-4
21.0	29.876347746383058	20.207078625487256	19.914629514619246	30.0013681028419	5.760106685360249E-4
22.0	29.843476766104583	20.10036964767395	19.91449006816261	30.13804382936549	0.003619688693366116
23.0	29.898028862888292	20.019958168682532	19.9833678820929	30.0979808703305	6.642160057789898E-4
24.0	29.92220453498602	20.05316219712488	20.007717169387405	30.014399738413015	0.0025163600886776495
25.0	29.931724835556267	20.03271450170896	20.054972421450206	29.97891586085907	0.0016723804255002947
26.0	29.94975684990057	20.04648691284658	20.02305517682398	29.977857845148154	0.002843215280714904
27.0	29.887198280582144	20.09923322770168	20.010148066622467	29.997780598260114	0.0056398268335879735
28.0	29.89289481502716	20.089511919442085	20.064180692757944	29.953143138190725	2.6943458208989694E-4
29.0	29.869261069092385	20.10131851065168	20.021803539893057	30.00716121076495	4.556695979303537E-4
30.0	29.846639183999713	20.07492763538738	20.034139233770343	30.044058810015407	2.3513682715432314E-4
31.0	29.878828013876973	20.05663672473226	20.01969276690931	30.04465030374866	1.921907327965082E-4
32.0	29.876532724306244	20.099934824840698	20.05040497526889	29.972536718553567	5.907570305984774E-4
33.0	29.94841487577186	20.066740573418063	20.047621759820395	29.92301051979708	0.014212271192596675
34.0	29.839546804500316	20.140514194971843	20.05585558942844	29.963936951661307	1.4645943809334102E-4
35.0	29.82195419838311	20.139529598647677	20.020113781727066	30.01806284300603	3.395782361159312E-4
36.0	29.875721843647874	20.088762872453458	20.055891535101715	29.97923482134611	3.889274508415339E-4
37.0	29.900860514094436	20.110654983214403	19.99048521724839	29.997299473126976	6.998123157932832E-4
38.0	29.91521722876882	20.030209822934943	20.025913491043966	30.02736737992471	0.0012920773275676728
39.0	29.892912394537476	20.107288150249122	20.01026330919296	29.988462117274437	0.0010740287460005798
40.0	29.841023188717536	20.108067197220812	20.078416802211116	29.959180845187866	0.013311966662666678
41.0	29.8628236724572	20.07010631244769	20.00745021487891	30.05934506843125	2.747317849488268E-4
42.0	29.82609360075284	20.15221994670184	20.046324292691764	29.975090803200143	2.713566534126648E-4
43.0	29.82631977589	20.093304207201108	20.03642629829579	30.043111233091807	8.384855212974103E-4
44.0	29.807364238824942	20.11513742024396	20.068365074560454	30.007669924995184	0.0014633413754611443
45.0	29.811898781807532	20.113095842886032	20.07378852260337	29.992767898156035	0.008448954547036503
46.0	29.85442891750425	20.06577913631042	20.113683552135207	29.9657134800935	3.9491395662386215E-4
47.0	29.861200746678477	20.11788607406948	20.03207489782567	29.9885324190414	3.058623849632373E-4
48.0	29.852587450967672	20.077885571224517	20.024110208568008	30.045281046312606	1.3572292720229353E-4
49.0	29.85205579057745	20.07901181117466	20.07671010540809	29.990864312328476	0.0013579805113226415
50.0	29.850265306027847	20.111132142575	20.061888693388845	29.971643830851573	0.0050700271567381714
51.0	29.86710621313583	20.089073539227183	20.068380509222962	29.975270251160175	1.6948725384744346E-4
52.0	29.840753698995474	20.092235334324794	20.113407407164583	29.9535014423625	1.0211715264804997E-4
53.0	29.87928099099742	20.098807250751204	20.012132235029377	30.0096192576377	1.6026558430848263E-4
54.0	29.821069520703247	20.087188080721933	20.06489506575157	30.02669661617439	1.5071664885720016E-4
55.0	29.793458139181993	20.119350657060515	20.057768780834813	30.027733349913788	0.0016890730088865503
56.0	29.81429129793462	20.10663740597701	20.059276465724203	30.019522475496245	2.7235486791770953E-4
57.0	29.836531862742444	20.102175265960085	20.104277518955637	29.956878961629705	1.3639071212561234E-4
58.0	29.83968452118928	20.11972218921866	20.04518237612107	29.995240786737483	1.7012673351259131E-4
59.0	29.857473844048705	20.115441956964048	20.04872629257504	29.978151307479113	2.0659893309679116E-4
60.0	29.860148670948462	20.08471025665593	20.04763806981074	30.00403683416783	0.003466168417037786
61.0	29.85838981905972	20.118869451368248	20.076160785076464	29.94595621461092	6.237298846452171E-4
62.0	29.878329046419655	20.088188599696494	20.057438649181226	29.97566818931106	3.755153915693357E-4
63.0	29.88613644848006	20.121497317223653	20.01526554499949	29.97690734559088	1.9334370591415881E-4
64.0	29.87835972359728	20.069754633835156	20.04195177873182	30.008600223400357	0.0013336404353784925
65.0	29.82114112608356	20.083578471073118	20.05229600687361	30.04274528417915	2.3911179056054798E-4
66.0	29.816577611745515	20.09629381806675	20.059688048907315	30.027131808346887	3.087129335316769E-4
67.0	29.833943038606265	20.0780984725521	20.081473661448562	30.006286247671227	1.985797218451188E-4
68.0	29.818876346652967	20.168307333976905	20.02979804265262	29.982811368113993	2.0690860351736884E-4
69.0	29.819086144213998	20.14562611841615	20.04245399827334	29.992393135467672	4.406036288435797E-4
70.0	29.839864439322362	20.071459094429443	20.017733619078992	30.070863156646478	7.969052272556401E-5
71.0	29.777375696710497	20.130768857084274	20.056474849383832	30.03440593027642	9.746665449753336E-4
72.0	29.840369727627102	20.075884502985904	20.082089510675686	30.001513831077027	1.4242763428257073E-4
73.0	29.812914445150284	20.12897169757954	20.068074492939747	29.98993776020791	1.0160412252200244E-4
74.0	29.86848250487973	20.094130601820705	20.044779484795313	29.99252518247859	8.22260256626752E-5
75.0	29.82099690801151	20.126146029216564	20.077979279394185	29.974573353480604	3.044298971354328E-4
76.0	29.799343964128155	20.109419675386263	20.053307714757718	30.037293130245303	6.355154825634022E-4
77.0	29.830947904461468	20.126348547744534	20.05047679810694	29.99205611290397	1.7063678309198579E-4
78.0	29.81618412405785	20.102870140163894	20.070133867048668	30.010208907083722	6.029616458674402E-4
79.0	29.85703646955809	20.12540638637702	20.072064512692354	29.944944458847278	5.481725252588322E-4
80.0	29.88931474047083	20.089952874187915	20.031563221310414	29.989082073179745	8.709085109384545E-5
81.0	29.79578621529846	20.132266948547123	20.10155803700432	29.969751585828025	6.372133220710365E-4
82.0	29.788981041220147	20.102517472960564	20.097071256099444	30.011011132445407	4.1909727443636925E-4
83.0	29.852635299121438	20.121837780483443	20.019896224364096	30.005519945723595	1.1075030742268591E-4
84.0	29.84697964384023	20.117258293240262	20.05263858513171	29.982887259608802	2.3621817899775543E-4
85.0	29.8413399250041	20.106497443299258	20.065700486458017	29.986335265571213	1.2687966740573272E-4
86.0	29.806434511866343	20.13845800176001	20.039342636416922	30.01399517807004	0.001769671886688074
87.0	29.814424133044888	20.111798602450374	20.067285883700027	30.006355125806373	1.3625499833913414E-4
88.0	29.827046187969653	20.131512960472786	20.059140874025683	29.982203476821347	9.650071053473167E-5
89.0	29.77169888536966	20.12919748416223	20.07008080908399	30.028315105991048	7.077153930763146E-4
90.0	29.811132843082035	20.13271130416676	20.039811122675996	30.011484586868843	0.004860143206363942
91.0	29.77616268959226	20.14273140340295	20.07205680351106	30.00488240045328	0.004166703040446119
92.0	29.772929390483526	20.157378128409114	20.09334533562465	29.97624929543629	9.785004641388567E-5
93.0	29.786674952990932	20.17772071773228	20.088538367294326	29.94490266800256	0.002163293979896951
94.0	29.813294910632294	20.13116287696242	20.077574603213076	29.97780393940638	1.6366978582972765E-4
95.0	29.85595590397639	20.151141938436496	20.02712940696845	29.96500530316655	7.674474521229478E-4
96.0	29.806053486739785	20.136661606497572	20.077447074920112	29.979590426125597	2.474057169310984E-4
97.0	29.804652212003095	20.17391398457458	19.996443520317893	30.02405223043653	9.380526679050922E-4
98.0	29.779131963334194	20.196413391108813	20.066653818374252	29.956036611953675	0.0017642152290690781
99.0	29.787228661798952	20.17733647084794	20.052510789573592	29.98258407389785	3.4000388166414985E-4
100.0	29.767899545782882	20.14842306536234	20.079652894023738	29.9994834003645	0.004541094466538112
101.0	29.782630448711767	20.16190712608824	20.07085833510651	29.98378778718504	8.163029084386229E-4
102.0	29.77066130909394	20.139405355810965	20.09192174696743	29.997674018559913	3.3756956775601025E-4
103.0	29.798544203722315	20.148134860528945	20.09692972260758	29.95626596357077	1.2524957038335922E-4
104.0	29.752215955060763	20.210132324392895	20.067635065369664	29.969810352148425	2.0630302825267512E-4
105.0	29.790586541377294	20.1650931536773	20.082813338156818	29.95581449616798	0.005692470620601599
106.0	29.80465449629247	20.142261566129267	20.07861163974257	29.974290873881337	1.8142395435663587E-4
107.0	29.768795636308877	20.14542491377186	20.101289973358377	29.984345496296623	1.439802642687899E-4
108.0	29.740419740542567	20.188300949595746	20.11886050224727	29.95232668595842	9.212165600174016E-5
109.0	29.81097017991653	20.152357719023648	20.071773399242467	29.964838600040146	6.010177720812105E-5
110.0	29.726216965423813	20.182561211993566	20.10133973852707	29.98400732699414	0.005874757061411391
111.0	29.780778635978784	20.151786815485888	20.073458325141566	29.9938045464788	1.7167691496440147E-4
112.0	29.787174121184762	20.12729781876907	20.025694224591856	30.058445475877015	0.001388359577299856
113.0	29.758109771668767	20.134009004802635	20.12490448948078	29.982605371352527	3.7136269529188974E-4
114.0	29.7666622345958	20.201139139034037	20.086376393625812	29.94574419823932	7.803450503732239E-5
115.0	29.80573611478585	20.154582481029042	20.14683780827484	29.89277338063247	7.021527779773443E-5
116.0	29.740904807287134	20.21339187303914	20.118012734872362	29.927621680768528	6.890403283481701E-5
117.0	29.706506544835214	20.169579584975285	20.11310054408976	30.010737007000426	7.631909931251756E-5
118.0	29.711671635802816	20.19932962270676	20.111883216603516	29.976937823815142	1.7770107176687193E-4
119.0	29.766952967873276	20.19383770131533	20.054273079208233	29.984856700987354	7.955061579803269E-5
120.0	29.742660049635777	20.191042373997707	20.11891170511863	29.94716790741482	2.1796383307100874E-4
121.0	29.773244395000603	20.203090201816565	20.129185104524712	29.89408160001051	3.986986476141873E-4
122.0	29.717374853104644	20.210928630288443	20.126298513514822	29.945296640862317	1.0136222977573233E-4
123.0	29.722369880609286	20.174250189156314	20.13966739040851	29.96258984119704	0.001122698628853686
124.0	29.70219605496348	20.140115188127652	20.12050636880109	30.037068031610083	1.1435649769045616E-4
125.0	29.702842198546335	20.190074851493257	20.099305173850183	30.00723364303254	5.4413307768049E-4
126.0	29.729581199052458	20.19731070628007	20.129571207796808	29.941910196671216	0.001626690199451552
127.0	29.79721592104174	20.163098742930455	20.11838221260715	29.92123556569882	6.75577218372125E-5
128.0	29.818052960525254	20.09856905914098	20.169502525930074	29.913740038334502	1.354160691835638E-4
129.0	29.724087639100098	20.099296477741134	20.24740124591283	29.929099044590156	1.1559265577661545E-4
130.0	29.700162437101458	20.075046755655183	20.27196114217191	29.952090380226004	7.392848454418138E-4
131.0	29.611962684716612	20.128261610413713	20.214908091041707	30.044614327279508	2.532865484602325E-4
132.0	29.498757345192356	20.23403831920637	20.189987191042263	30.06455757381457	0.012659570744442123
133.0	29.497926056890968	20.20498849998273	20.25189183109482	30.04507081660952	1.2279542196066547E-4
134.0	29.48973571120556	20.194353536730542	20.186217481278895	30.12962227290045	7.099788455760587E-5
135.0	29.56318900166223	20.102066693230014	20.240144700237614	30.093474137707542	0.0011254671625982936
136.0	29.65499637720537	20.12012662568864	20.28647027869738	29.93825631933606	1.5039907254512936E-4
137.0	29.94611424394642	20.017221549310758	20.188058087317966	29.84824119152813	3.6492789672336345E-4
138.0	30.001701017883963	20.024100835741006	20.286933241903178	29.685891587400466	0.0013733170713843032
139.0	29.17677236710905	20.62674347382264	21.442602835770206	28.753748714963923	1.3260833418698352E-4
140.0	27.091607687353946	21.617618847360774	21.41212938444412	29.87841722204903	2.2685879212166018E-4
141.0	29.081949660524625	19.5888596998392	19.175766206125946	32.152255757273274	0.0011686762369550855
142.0	31.59352508991275	19.253396146913857	21.16533611254733	27.97790351469263	0.009839135933430157
143.0	31.04617473765776	19.114109511631465	21.472953844654715	28.36187807386289	0.004883832193172951
144.0	33.943392411649974	18.39309851523057	19.25536130508673	28.407714820598827	4.3294743389403636E-4
145.0	27.530720143624166	20.26646869980679	18.993679778471826	33.20827509204096	8.562860562629295E-4
146.0	27.84574525016496	20.599643276704537	19.042313286762145	32.512097281633665	2.0090473468564068E-4
147.0	28.111073863998197	19.82922024891213	19.50840824329616	32.55071777286724	5.798709262770245E-4
148.0	30.631330806548622	19.196393378087933	20.337658574913085	29.834195076824976	4.2216362537999603E-4
149.0	33.36841185790782	19.216060297927555	18.977960797327743	28.421638210271936	0.015928836564938306
150.0	23.305384164701955	25.218946967358946	25.174753657426585	26.297505113060303	0.003410097452208637
