# Position (bp)	A	C	G	T	N
0.0	23.01012281163139	28.718309488878326	28.67901437448727	19.59137354260877	0.0011797823942466751
1.0	27.2545973159506	18.802252360840356	18.675086776646456	35.24508103101757	0.022982515545014934
2.0	29.090585187315376	21.274439915086674	18.88302309391313	30.7498930515353	0.0020587521495180803
3.0	33.753467929186954	19.51899657885905	20.110175881187686	26.61645253914338	9.070716229306966E-4
4.0	33.25477712184922	18.966834915174815	21.492622836316546	26.28471187966524	0.0010532469941809026
5.0	34.74924373073596	18.90391463799997	20.74945415003191	25.59449214122657	0.0028953400055859776
6.0	26.567399209387116	19.429329587655776	17.540146770196102	36.46161348451292	0.0015109482480877522
7.0	26.702952805988605	23.113732571073424	19.128482793738787	31.05357076450712	0.0012610646920664119
8.0	25.961775910606832	22.48585618926977	19.100014651270783	32.4517646227822	5.886260704142097E-4
9.0	33.20690164115517	18.97425642192552	19.779174024132182	28.038519146442713	0.0011487663444177951
10.0	28.803400711787564	23.251301599662426	23.203503195972996	24.741133304283903	6.611882931102802E-4
11.0	27.3293494980217	23.108349807713736	21.17946589413158	28.382128034068693	7.067660642878084E-4
12.0	28.872818841881394	21.007934086222292	20.370359497169648	29.747960974152615	9.266005740519912E-4
13.0	29.064142355536905	20.879935084531233	20.323973965221732	29.731462590663828	4.860040463046316E-4
14.0	29.073179960002715	21.037042169829245	20.64797652040867	29.24139805894297	4.032908163990144E-4
15.0	29.313644222516857	21.10359686868087	20.52950215074805	29.052844491644368	4.1226640985217775E-4
16.0	29.3531943279839	21.06529434325962	20.599247643528535	28.981842412493407	4.2127273453260525E-4
17.0	29.373819659703127	21.098581948356472	20.62259623461089	28.904416249886594	5.859074429195695E-4
18.0	29.299216283526764	21.02673282349696	20.733912159840894	28.939589642913816	5.490902215633953E-4
19.0	29.20147738992008	21.014355726825396	20.60524024602185	29.17760927074708	0.0013173664855928135
20.0	29.08878667069556	21.10495151789627	20.536906466451025	29.268971234122503	3.841108346326035E-4
21.0	29.099392170631088	21.09967011907897	20.574530413411743	29.225657567512215	7.497293659849615E-4
22.0	29.09748625578208	20.91179614727714	20.53900094652175	29.451067659166245	6.489912527862064E-4
23.0	29.148138115974927	20.794078394000973	20.69284990768167	29.364047136267413	8.864460750178294E-4
24.0	29.08290394411916	20.888699538163713	20.731943085630668	29.285727076938485	0.010726355147974364
25.0	29.187731986468258	20.79963475918898	20.73600261909377	29.27119550413262	0.005435131116372277
26.0	29.189794982136203	20.81176220342579	20.661651341860136	29.336124759697956	6.667128799156032E-4
27.0	29.150599370381446	20.855651157534762	20.669148919170034	29.32367826902838	9.22283885371984E-4
28.0	29.122351121818475	20.870732836553074	20.73183680844263	29.274695769491572	3.8346369425088406E-4
29.0	29.129200733659804	20.872743691208534	20.655123294794166	29.342046791078214	8.854892592891474E-4
30.0	29.055221757402634	20.88843063181939	20.675429612187237	29.380222066451445	6.959321392908177E-4
31.0	29.04228858577315	20.867651376957397	20.615073637432644	29.474600644743713	3.8575509309234784E-4
32.0	29.107439713127008	20.819640531589993	20.7324206170703	29.338508909865325	0.001990228347375193
33.0	29.26340528182625	20.735069589318847	20.70356874606124	29.297022819070357	9.335637233035437E-4
34.0	29.06265943129472	20.903792190701665	20.753881569589332	29.27933299370778	3.3381470650361916E-4
35.0	29.052283299482408	20.96706496101684	20.718320224786023	29.261977866855677	3.5364785905308736E-4
36.0	29.096686904921793	20.867606768268274	20.768351959215398	29.266625857657004	7.285099375293388E-4
37.0	29.120664802266077	20.893129312301284	20.597083147060445	29.387154159330976	0.0019685790412138898
38.0	29.127006437836883	20.713599991570263	20.661224592710006	29.496108584071028	0.0020603938118188706
39.0	29.145249238284194	20.80157727088959	20.63761347589363	29.41480450844718	7.555064854093283E-4
40.0	29.064197720230162	20.75779154252999	20.777140226577735	29.399401110354713	0.0014694003073985444
41.0	29.067597386072748	20.786052989261034	20.64712648250609	29.498842469446735	3.8067271339893723E-4
42.0	28.97252504639868	20.964414033188035	20.710995036251788	29.351655001582856	4.108825786455533E-4
43.0	29.050368632055033	20.7892090916479	20.64705074686383	29.51225851863444	0.0011130107987953768
44.0	29.05692809232671	20.821646443541855	20.726163297377006	29.393807277241724	0.001454889512703546
45.0	29.114857653225627	20.7994372123043	20.721289457310483	29.35745824330117	0.00695743385841477
46.0	29.128559820455592	20.764404910239943	20.819538254114665	29.286875027880093	6.219873097095427E-4
47.0	29.107610019041225	20.83180692135467	20.667447369656617	29.392550016286606	5.856736608791372E-4
48.0	29.096201291583608	20.776175706196298	20.67746568189332	29.4496572993455	5.000209812725475E-4
49.0	29.10586147639009	20.76220278758499	20.757958074247423	29.368610216837883	0.005367444939617229
50.0	29.105513478982857	20.795329352006267	20.68334834395357	29.414294899614866	0.0015139254424372894
51.0	29.17952694072097	20.688923017281226	20.685801760428628	29.44494311658491	8.051649842694619E-4
52.0	29.070793998534363	20.76782499757042	20.794023504345425	29.366967967805902	3.89531743890669E-4
53.0	29.15155350383326	20.74055710650282	20.62245538566229	29.484781619209016	6.523847926093836E-4
54.0	29.075027641348573	20.738580464588466	20.76500401042863	29.421014726689265	3.731569450709951E-4
55.0	29.07907988579417	20.804499300278927	20.670465080091578	29.442468532826066	0.0034872010092608504
56.0	29.089791405499405	20.740325692194496	20.737156786354507	29.43140149293166	0.0013246230199305837
57.0	29.13130840489664	20.732424599885356	20.773858862507083	29.362152049505596	2.560832053258751E-4
58.0	29.096781369596652	20.79948752384209	20.66031770226124	29.442846961601365	5.664426986566039E-4
59.0	29.132782893235703	20.794575544273133	20.725212096065633	29.34701517078147	4.142956440645262E-4
60.0	29.109467272590557	20.837698036357516	20.701356829860213	29.350530107025403	9.477541663169002E-4
61.0	29.115316313566048	20.81133165081938	20.695717739062427	29.375979227415822	0.0016550691363231213
62.0	29.113989537944494	20.76776811941149	20.68701519533167	29.430879437696657	3.477096156881521E-4
63.0	29.22024132016425	20.74140325530405	20.60838337873666	29.429654095329184	3.1795046586102256E-4
64.0	29.118437611588472	20.71367788245984	20.70130952153742	29.465391460222552	0.0011835241917142858
65.0	29.092885261213347	20.755849737674655	20.711788220630297	29.43882234840483	6.544320768702355E-4
66.0	29.02080334342455	20.821631556117033	20.733246117442626	29.423649641718878	6.693412969113786E-4
67.0	29.0545539455257	20.773470613795045	20.747012853690542	29.424267187955166	6.953990335474619E-4
68.0	29.05724431690765	20.81826728337651	20.68440396638857	29.4395812288996	5.032044276738806E-4
69.0	29.109510502297187	20.752713281614014	20.714182644911215	29.422436991173644	0.001156580003943387
70.0	29.139286245923856	20.687307812019217	20.723224682765736	29.449759751851918	4.2150743927353416E-4
71.0	28.994304975001867	20.770048449945858	20.770383635439742	29.46426855598067	9.943836318644314E-4
72.0	29.044630961687233	20.708257075671835	20.77902448565891	29.4677160831319	3.713938501229989E-4
73.0	29.04995979571164	20.748429107156362	20.742033614663185	29.459078543338137	4.989391306734057E-4
74.0	29.09436195514142	20.67890657415564	20.708605694300637	29.51773725386097	3.8852254133508454E-4
75.0	29.038751869880503	20.732820418922326	20.760953555565536	29.46646076389009	0.0010133917415482553
76.0	28.98972128424855	20.746815372030813	20.734567472690667	29.528443105082797	4.5276594717126925E-4
77.0	29.08799215658366	20.746203771507123	20.72660927688121	29.438749997658963	4.4479736904697254E-4
78.0	29.015176735301967	20.775364012626817	20.756404898676166	29.452558535969192	4.95817425857587E-4
79.0	29.089045110470124	20.73438988915	20.707453217479447	29.46858781581223	5.239670881981892E-4
80.0	29.14839908062328	20.698747931943053	20.740079033717286	29.41224530008903	5.286536273448492E-4
81.0	29.045636110439567	20.696240270048953	20.83610471695757	29.41932733639461	0.0026915661593024044
82.0	29.01204676554851	20.68553280636	20.824086335418244	29.47666978601789	0.0016643066553542764
83.0	29.139165625430074	20.738159120058924	20.659513533934348	29.46269226844459	4.694521320662738E-4
84.0	29.126432058910513	20.716833055986616	20.71022213806815	29.44598886297326	5.238840614635749E-4
85.0	29.10123935833033	20.70281418747331	20.76760257878461	29.427600484690753	7.433907209970206E-4
86.0	29.070756600187806	20.734117486500196	20.725715117948884	29.466533620677364	0.002877174685751416
87.0	29.08241962466487	20.683341681004375	20.79505423327274	29.438759894177345	4.245668806698173E-4
88.0	29.073445235686783	20.7350597819435	20.75641721179924	29.434557492133063	5.202784374113494E-4
89.0	28.99044584395396	20.777625748683366	20.729456407272178	29.49886784947699	0.0036041506135079883
90.0	29.043932187241563	20.75469338086427	20.708133818489564	29.49112487450275	0.002115738901851671
91.0	29.028601297248503	20.739751031265705	20.78297289975381	29.44794767487891	7.270968530709609E-4
92.0	29.028455879527154	20.723243724418722	20.790729100997208	29.457148830058138	4.224649987748515E-4
93.0	29.105712505024083	20.658781655863308	20.825706086339586	29.409330631378065	4.691213949573037E-4
94.0	29.085098318093078	20.688044953720166	20.770298163342435	29.4559855178444	5.730469999172576E-4
95.0	29.091959139216332	20.694711496588305	20.733614524665754	29.476939086525178	0.002775753004433982
96.0	29.040661680946954	20.713504869079998	20.831838550538016	29.413506807093704	4.8809234132871657E-4
97.0	29.02983285199549	20.7401309970747	20.74701730443142	29.48243649492488	5.823515735066722E-4
98.0	28.973753340538984	20.739684761234358	20.828952883741415	29.456988686698132	6.203277871105929E-4
99.0	28.994038312499153	20.713663612120047	20.84091723342922	29.45039147465196	9.893672996118983E-4
100.0	28.94945555459144	20.67618399560364	20.85517432452387	29.517876959752293	0.0013091655287582565
101.0	29.012958511053196	20.75304045162262	20.806190171770865	29.42604797114049	0.0017628944128309022
102.0	28.953842222397892	20.722067776402966	20.847953910273205	29.475193123631026	9.429672949081495E-4
103.0	28.9761243920326	20.697505727217568	20.80354636728488	29.522296027615962	5.274858489932693E-4
104.0	28.94075048314627	20.707950986532403	20.872748468430785	29.477915787559734	6.342743308039883E-4
105.0	29.05184118947133	20.682220165905978	20.82725503139359	29.433137188578606	0.005546424650496604
106.0	29.01233880787822	20.635897228321916	20.8971945908933	29.453489980199887	0.001079392706678405
107.0	28.993956598152543	20.64605758844662	20.87458699065476	29.484779921182884	6.189015631906232E-4
108.0	28.981295710263836	20.70332505705756	20.871942267935676	29.4428583676795	5.785970634270374E-4
109.0	29.054348504998668	20.655069889739526	20.87081597118756	29.4192824201216	4.8321395264181116E-4
110.0	28.941302501844095	20.664367528218985	20.92271439709771	29.4621643040018	0.009451268837411668
111.0	29.034851620196285	20.69559368270592	20.851554799863603	29.41749541057273	5.044866614660943E-4
112.0	28.990780942362832	20.642581962999163	20.873259075816133	29.490664170435792	0.0027138483860820093
113.0	28.940811370853968	20.646087257685483	20.892633169034617	29.519157204325904	0.0013109981000311117
114.0	28.94272622633438	20.71723617568656	20.9222650356836	29.417111049548105	6.615127473506414E-4
115.0	29.047040258113693	20.628704006900133	20.92889930651268	29.394636979316658	7.194491568364217E-4
116.0	28.964673248973	20.709383986112243	20.916197783209338	29.409069671347552	6.75310357868062E-4
117.0	28.942140578212435	20.637918303350244	20.976296396562898	29.44284210699854	8.026148758810324E-4
118.0	28.979894173753852	20.654061459923703	20.988001761315818	29.376949035884913	0.0010935691217144664
119.0	28.931394573800073	20.7080367105281	20.881440775798108	29.478415194445002	7.127454287152258E-4
120.0	28.82199333378701	20.69226751066478	20.989228638491085	29.495206392014772	0.0013041250423544246
121.0	28.863467928187898	20.724658155054584	21.009523842168495	29.400660712112803	0.0016893624762234472
122.0	28.885028874975056	20.722998783411857	20.940206870633425	29.450955087536606	8.10383443055875E-4
123.0	28.82273679615201	20.694979135042164	21.03454300941271	29.446665410868878	0.00107564852423646
124.0	28.78640514988458	20.692904749898304	21.00668567940215	29.513024195766192	9.802250487798104E-4
125.0	28.837691118948015	20.684263855946835	20.999479216787336	29.476046802560894	0.0025190057569187746
126.0	28.8302808734618	20.70017225805406	21.080053578296372	29.376378690691435	0.013114599496340439
127.0	28.93941193520813	20.679839528061358	21.051080120889353	29.3287453144914	9.231013497587937E-4
128.0	28.86763320802106	20.73719037537332	21.06708097534273	29.32712943657777	9.660046851227229E-4
129.0	28.89325635007154	20.647980000391993	21.104107854063418	29.353743404596695	9.123908763615745E-4
130.0	28.830927404687074	20.668217242253554	21.106294552231297	29.39239174921212	0.002169051615961233
131.0	28.749887373858723	20.72448642479577	21.146046071600193	29.377627943296492	0.0019521864488226813
132.0	28.763829721172442	20.77127191638119	20.944071282027192	29.518359086714952	0.002467993704227673
133.0	29.08408370882113	20.59264449167135	20.83032752476271	29.491546388433637	0.0013978863111771178
134.0	29.15927457087326	20.653005847062804	20.97030518649833	29.216326822851173	0.001087572714431954
135.0	28.864251291792236	20.72994486760866	20.848583573754624	29.554246987849037	0.0029732789954411347
136.0	28.70883113690449	20.830965980279355	20.729994086233376	29.72873167378587	0.0014771227969109142
137.0	27.935261818977125	21.25735268725611	20.838983343501432	29.967020823500974	0.001381326764357165
138.0	28.357261667834262	21.278967684396818	21.03801634465923	29.323727372806957	0.002026930302734709
139.0	28.23533143038376	21.500088099517214	22.0069774817634	28.255488599922472	0.0021143884131514957
140.0	27.430467138601006	22.21788979144916	22.307968984747014	28.041127676911714	0.002546408291105396
141.0	28.163217985782925	21.587613413021035	21.118670711301274	29.127211548204702	0.0032863416900742438
142.0	28.486914852428107	21.78308931963239	23.110748364691712	26.61495742675031	0.004290036497485502
143.0	29.974955677797766	20.16159054876223	21.937342334016282	27.924028751506697	0.0020826879170257133
144.0	32.26108505712106	19.507310365840045	19.973918285173216	28.257160980388807	5.253114768738188E-4
145.0	27.05521155352143	21.125538142707033	19.797291298684605	32.021163965076546	7.950400103885227E-4
146.0	27.425662481819085	21.31084747851103	19.941151417910646	31.318856457138573	0.0034821646206717365
147.0	27.743128649432595	20.64381537862102	20.513802228487627	31.09708911244717	0.0021646310115861875
148.0	30.136452721264156	19.846463354298727	21.10452354984816	28.90928026109703	0.0032801134919268208
149.0	31.842812251804276	20.039089747574156	20.261334990849132	27.787423598881176	0.06933941089126006
150.0	22.454855970436345	26.169693755027335	25.53042048938576	25.841095347454562	0.003934437695993285
