# Position (bp)	A	C	G	T	N
0.0	22.626565243368844	28.947774545803156	29.325539050603	19.049929161676904	0.05019199854809593
1.0	27.159046918290812	17.85898399449448	18.207009187815284	36.77424915249382	7.107469056008822E-4
2.0	30.211325427752637	20.127779610041852	18.364389616420397	31.29625326429669	2.5208148842458076E-4
3.0	35.55059796989647	18.644449003788086	19.62589964550581	26.178255028639274	7.983521703511444E-4
4.0	35.56666882578844	17.740852191258526	20.843475143221454	25.848603144099876	4.006956317021647E-4
5.0	36.83913680899825	17.97911943442479	19.967820356837816	25.213138285710496	7.851140286529981E-4
6.0	26.798720187224458	18.330565412946147	16.384265814018143	38.486265790232956	1.8279557830117688E-4
7.0	27.019316335190023	23.139608938820473	17.941126360008013	31.887303732363126	0.01264463361836108
8.0	26.498677773177135	22.237029399041425	18.33030899542336	32.93396376957578	2.00627823019864E-5
9.0	34.972393855005045	18.20610813361395	18.985838322301287	27.835651565547607	8.123532104827097E-6
10.0	29.760294788393942	23.06120356778563	22.93774076826703	24.240758171025078	2.704528317793501E-6
11.0	27.679509839906412	22.9304483006589	20.693274983123846	28.688964161627712	0.007802714683132924
12.0	29.71668468996036	20.43798566950609	19.633435690403445	30.211890169416115	3.780713987080317E-6
13.0	30.018506618793367	20.291805628133645	19.655948078812646	30.03372402238221	1.5651878137132247E-5
14.0	30.04659864225531	20.513354837417307	19.99072874910085	29.449184010291134	1.3376093540143992E-4
15.0	30.39070220433467	20.486757167618393	19.84326849174683	29.27924303023815	2.9106061961566827E-5
16.0	30.46016482073425	20.39205201513524	20.026204294584762	29.12154277384352	3.609570222696368E-5
17.0	30.45874112153663	20.47108649667024	20.045360305331254	29.024808845548165	3.2309137097743773E-6
18.0	30.46964850995603	20.345883933897614	20.12889327492418	29.052040792424666	0.0035334887975110806
19.0	30.299478546443193	20.452610086389296	19.910904488461455	29.336936299084716	7.057962134765882E-5
20.0	30.11210102176506	20.581950066757617	19.824232354805886	29.481706848433642	9.708237790340357E-6
21.0	30.048902639694553	20.528257821767284	19.857126677871058	29.56558866581826	1.2419484884477138E-4
22.0	30.030547833674465	20.309739517614	19.822864192565152	29.83664139800467	2.0705814170994343E-4
23.0	30.16172908792752	20.134657601884307	20.016191805077895	29.687077788666098	3.437164441746821E-4
24.0	30.16660865967733	20.170955809645122	20.05339158109924	29.609043407532898	5.420454080219436E-7
25.0	30.26278508788834	20.147414581791484	20.03229431825621	29.55544924619449	0.002056765869476737
26.0	30.211390008573513	20.180314719348992	20.003118520884993	29.605168596917625	8.154274879692914E-6
27.0	30.154995819695017	20.221967699493394	20.035674280531364	29.587358933693885	3.266586339856754E-6
28.0	30.122262836364506	20.219297176195873	20.115511348897776	29.542736171969196	1.9246657264556462E-4
29.0	30.098341383726474	20.210488948565477	20.040215954655157	29.65011118020827	8.425328446249689E-4
30.0	30.138512258173268	20.18714879407373	20.06147113930754	29.612726589602268	1.4121884319588402E-4
31.0	30.184673475412932	20.115557460318914	20.057765507716223	29.64199697276277	6.583789160604245E-6
32.0	30.21998779244302	20.13567163902324	20.109856463864464	29.53425917536142	2.2492930785325332E-4
33.0	30.303748236751964	20.079627293063186	20.07394112567425	29.54262380349082	5.954101977944408E-5
34.0	30.094392152948785	20.175930826866058	20.121875017320708	29.607747294981145	5.470788330596291E-5
35.0	30.0901543700115	20.227527094571176	20.049608456066604	29.632446937727025	2.631416236916232E-4
36.0	30.16248123068042	20.1298662853779	20.1012261959352	29.606296880811172	1.2940719530220556E-4
37.0	30.159612523445432	20.175518352165163	20.017557959373956	29.647304484116425	6.680899022971408E-6
38.0	30.23859473965314	20.039623260295812	20.025222026875156	29.69651811561479	4.1857561097096055E-5
39.0	30.2226442930109	20.089659320631238	20.050494785361384	29.637174745698797	2.685529768079216E-5
40.0	30.14374154156548	20.119819625561988	20.15974230075813	29.575312306736716	0.0013842253776914749
41.0	30.196625411425405	20.08401234612844	20.055447327610903	29.663886241871463	2.8672963792990087E-5
42.0	30.109383036302116	20.183057627996686	20.133048898138618	29.574310366574007	2.000709885682255E-4
43.0	30.17147497191876	20.093357821132084	20.077517224050283	29.657620602422043	2.938047682457253E-5
44.0	30.142195828445818	20.111905254287716	20.13064081016085	29.612807197099784	0.0024509100058358506
45.0	30.17690157380927	20.095467758079312	20.134786574628357	29.592842957954364	1.1355286937284993E-6
46.0	30.17504532584398	20.048941940143045	20.191261982729383	29.5847205867947	3.0164488893014025E-5
47.0	30.135223771869178	20.126029299114332	20.091312475256824	29.64740763923367	2.681452599468898E-5
48.0	30.159871541442406	20.097947980099658	20.09606858645222	29.645575412626137	5.36479379580014E-4
49.0	30.227553437687376	20.106512230607702	20.103174904943838	29.558191745337957	0.004567681423123267
50.0	30.193119186934048	20.090751455704	20.0926095126585	29.623516971123255	2.8735801956347192E-6
51.0	30.20559220111515	20.025802610484952	20.126204415325248	29.641476621538672	9.24151535985081E-4
52.0	30.15290577175686	20.05732336964691	20.189824258631937	29.599879023991093	6.75759731975439E-5
53.0	30.23697228213927	20.038508789088784	20.11668183590789	29.607718396195633	1.1869666842885863E-4
54.0	30.179068197336534	20.050247271744905	20.14134283617792	29.62905378135056	2.8791339007974676E-4
55.0	30.15975177821413	20.10001362318231	20.098593329008654	29.64125127078493	3.8999880997975055E-4
56.0	30.15942670886411	20.10057961804463	20.119485179547745	29.6205026577732	5.835770312110535E-6
57.0	30.164631178737032	20.095451286035193	20.168020847221722	29.569739094396887	0.0021575936091702877
58.0	30.197604260298338	20.125696896511624	20.091256240638398	29.585427350864546	1.5251687094698147E-5
59.0	30.23805538573058	20.10617212718379	20.096259546394915	29.559505882961428	7.057729290759314E-6
60.0	30.25270641393779	20.093934881801616	20.08273887763304	29.56961455056734	0.0010052760602149865
61.0	30.227500048116656	20.147935785944572	20.076697124156063	29.547750001264983	1.170405177248288E-4
62.0	30.215914795471317	20.09920851867042	20.093980274866606	29.5908478202638	4.859072786042297E-5
63.0	30.27779689636788	20.094919374182783	20.06847750269067	29.558371380317734	4.3484644092980007E-4
64.0	30.23146689450447	20.049519871534883	20.121325847086528	29.597617708183044	6.967869106875571E-5
65.0	30.200421946156027	20.10037341346924	20.10551084087643	29.589357677016782	0.004336122481523846
66.0	30.17669014333666	20.106570835509196	20.097882549919927	29.60553159969519	0.013324871539031044
67.0	30.19302641106185	20.093393646056875	20.1093914638957	29.60323779268069	9.506863048848338E-4
68.0	30.20043470911634	20.11825084877837	20.098026768544702	29.583113779323956	1.738942366347477E-4
69.0	30.1996372366456	20.101040011057265	20.11191352517723	29.58737484208219	3.4385037716404954E-5
70.0	30.22653371704076	20.045119073838336	20.093581027008053	29.6346512774394	1.1490467345004995E-4
71.0	30.12083029894962	20.104946041155962	20.165993207568885	29.6012162619459	0.007014190379631912
72.0	30.228049951636375	20.04950017571158	20.13307389847564	29.586121031522577	0.0032549426538257538
73.0	30.17678736077488	20.100971292712984	20.130352460507297	29.590663603892164	0.0012252821126721395
74.0	30.22150144773652	20.076639672884838	20.085385963022002	29.616463138502937	9.777853702811781E-6
75.0	30.16226850315531	20.09987638541873	20.139930669188104	29.595960516351592	0.00196392588625342
76.0	30.159448647111464	20.11774553072618	20.103146905827813	29.619658301991876	6.143426713112201E-7
77.0	30.206715051346123	20.104812528001247	20.112447286195817	29.57590439759978	1.20736857038506E-4
78.0	30.18948254960499	20.096645654160966	20.13350403164408	29.580364058430103	3.706159858200841E-6
79.0	30.26467709312137	20.06144343747394	20.12380814930407	29.549710837597388	3.6048250322915206E-4
80.0	30.297487347793634	20.046020357050715	20.1034956403835	29.55242762331407	5.69031458077946E-4
81.0	30.200456448785047	20.07938484033814	20.163864312753873	29.54631705212401	0.009977345998929459
82.0	30.179453691558784	20.07054275562949	20.185732564010344	29.561577410926326	0.002693577875056279
83.0	30.238224039057677	20.121338114380187	20.0524169497021	29.58572720029907	0.0022936965609738477
84.0	30.251422189881875	20.11486974343178	20.09802481335046	29.535657491758304	2.5761577579696516E-5
85.0	30.25039478258531	20.1005584263293	20.115120541307668	29.53373785150942	1.883982682935254E-4
86.0	30.193538277917632	20.097803960079776	20.138655920214347	29.569655574477814	3.4626731042730423E-4
87.0	30.220995939068295	20.086285601344013	20.150746333573647	29.54194994472327	2.21812907694897E-5
88.0	30.21438267462161	20.113374024618082	20.10956603764794	29.560338824777677	0.0023384383346914685
89.0	30.188735795554344	20.147821345846793	20.105927988206997	29.55746322812111	5.164227075170374E-5
90.0	30.25040548691724	20.12164441237199	20.087707274912265	29.54021468608215	2.8139716352170802E-5
91.0	30.207020784516043	20.103785665297732	20.15417637886376	29.534988948058462	2.8223264004189563E-5
92.0	30.208158870909212	20.123139803785424	20.150164215571476	29.518516521666626	2.058806725915693E-5
93.0	30.22868289780456	20.124943633292684	20.15309802716928	29.493172832142488	1.0260959099591159E-4
94.0	30.244131533206442	20.102610003588435	20.141647769054597	29.51159645175255	1.4242397974420265E-5
95.0	30.261439972771775	20.154641561043196	20.12495549492603	29.45895388063986	9.090619135576662E-6
96.0	30.210358192651704	20.116098188924347	20.156959989871407	29.516580371853657	3.256698887946103E-6
97.0	30.20757893828405	20.12810117172608	20.1098633763572	29.554199072697752	2.574409349146584E-4
98.0	30.15178778550418	20.168669206302493	20.11838928357344	29.560974111326523	1.7961329336601054E-4
99.0	30.193655892725353	20.14469527654816	20.135011811184288	29.526621237716267	1.5781825935955327E-5
100.0	30.18044130580446	20.1505937269234	20.1394611491971	29.529500519533485	3.298541548534899E-6
101.0	30.260712414721574	20.153739039942543	20.10473270310543	29.480013002170168	8.028400602814412E-4
102.0	30.21005876647106	20.116797108551303	20.127655302405714	29.545371939261933	1.1688330999242259E-4
103.0	30.194007151766844	20.124819741504606	20.1293283279095	29.55170550974447	1.3926907458232106E-4
104.0	30.196103637585452	20.14727198325263	20.13937674604311	29.517239609503758	8.02361505032535E-6
105.0	30.245681735063222	20.144258506219252	20.154912141890673	29.455138223861336	9.392965514196764E-6
106.0	30.25859670175662	20.11942844588698	20.13150505761726	29.490369476115745	1.003186233936472E-4
107.0	30.204337100428173	20.132502636824945	20.1631359483962	29.499882421516354	1.4189283432875774E-4
108.0	30.208524267794612	20.130222710634694	20.143635337350247	29.51758106549136	3.661872908841702E-5
109.0	30.25107705470202	20.13028334852233	20.127938622043928	29.49069008485548	1.088987624220563E-5
110.0	30.175969031794374	20.12643785430257	20.177061072604367	29.520296304795462	2.3573650322082344E-4
111.0	30.225377945822295	20.12744612436829	20.13907233486823	29.508008241904864	9.535303631644552E-5
112.0	30.162327014525054	20.143585949536885	20.13776626905896	29.55631043852993	1.0328349168104149E-5
113.0	30.202599515815564	20.130643712891587	20.130554546015247	29.53619738676493	4.8385126696834425E-6
114.0	30.233262437901736	20.167585170966422	20.127160758698615	29.47199163243323	0.0
115.0	30.262527484065906	20.137823699044016	20.119577082759797	29.47388667658156	0.006185057548721694
116.0	30.17880182439527	20.169657498760998	20.158098247676275	29.49344033129974	2.0978677104761306E-6
117.0	30.203247147651545	20.155987640997793	20.176403452385753	29.463101306965132	0.0012604519997724023
118.0	30.22532283887077	20.16261088791311	20.170348568032352	29.441247323062047	4.703821217219593E-4
119.0	30.210647209287206	20.189294527022053	20.115051949689757	29.48500489749581	1.4165051720924173E-6
120.0	30.206508898508254	20.186936422350605	20.142603463081432	29.463938411084236	1.2804975478507528E-5
121.0	30.19022795107198	20.20659328614335	20.15586278384471	29.44731454987147	1.4290684892148736E-6
122.0	30.18038840596164	20.176580949143382	20.145803013545866	29.49722476007215	2.8712769641081337E-6
123.0	30.198143540620322	20.17667315598073	20.15744174942416	29.46771920528671	2.2348688081184393E-5
124.0	30.123932090270696	20.208783292695564	20.143759049055145	29.52352556797859	0.0
125.0	30.155745189422856	20.22532827983082	20.163811882036324	29.45491093516485	2.037135451427943E-4
126.0	30.17102919946939	20.18257344531976	20.192981304926036	29.45338096761198	3.508267283014655E-5
127.0	30.22646172330184	20.156180356994817	20.191481050470074	29.421509545969005	0.004367323264266091
128.0	30.186060883639954	20.196059483906772	20.19031485021246	29.42756478224081	0.0
129.0	30.20980429572772	20.182479871871216	20.169941935005863	29.43665748543316	0.0011164119620374238
130.0	30.191841298645816	20.16656928945885	20.171775064255243	29.469803912238152	1.0435401940078372E-5
131.0	30.22951022517259	20.187769787428117	20.152783559411137	29.42992668857266	9.73941549542204E-6
132.0	30.231778729629603	20.20697260423541	20.18063629466863	29.38059203629253	2.0335173824726932E-5
133.0	30.215779510738304	20.24252076268248	20.176301127887715	29.365397841601492	7.570900097725935E-7
134.0	30.14396270796651	20.21429801080989	20.187935315453153	29.45378874393584	1.5221834607506174E-5
135.0	30.121938433592554	20.206398560013536	20.206405448113905	29.465256027591035	1.5306889706826148E-6
136.0	30.14929316371036	20.181333941504928	20.222694659556307	29.445988530706448	6.897045219614852E-4
137.0	30.167241002127255	20.24187980910679	20.203766454831346	29.387111185366667	1.5485679455324055E-6
138.0	30.196549259848705	20.233619318076954	20.172701320366276	29.397125429306133	4.672401936212213E-6
139.0	30.15311969519282	20.25004574851181	20.18170128309936	29.414400795632012	7.324775639967802E-4
140.0	30.136497227920916	20.23968890589772	20.15610862413623	29.45625548895048	0.011449753094652569
141.0	30.151411467491656	20.236068886697353	20.205315627643238	29.407203224842355	7.933253980167072E-7
142.0	30.12413586766233	20.208938257481282	20.22296094324639	29.443932987454257	3.194415573804524E-5
143.0	30.159272422615953	20.236957414427426	20.1644273732462	29.43922538684766	1.1740286276105512E-4
144.0	30.287433901635758	20.18020403539461	20.17259192805339	29.357179347505376	0.0025907874108710652
145.0	30.25786815336744	20.170432805019143	20.29366212107639	29.278035290756755	1.6297802708236843E-6
146.0	30.382336873659444	20.11320061101067	20.232847743290954	29.27161312810532	1.6439336128973954E-6
147.0	30.3272918029517	20.108931657553665	20.23365230655825	29.32817636643125	0.0019478665051324458
148.0	30.245846546331652	20.271342385336613	20.23530685937963	29.247448192148806	5.601680330196147E-5
149.0	30.237230278529626	20.20484502621227	20.355528252506424	29.20235176564799	4.46771036932901E-5
150.0	29.935531801977987	20.20271992790618	20.538923266369245	29.322825003746587	0.0
