# Position (bp)	A	C	G	T	N
0.0	24.72208898567653	26.520298351971093	32.365229344013706	16.38931096698962	0.003072351349049837
1.0	26.755009085875237	18.200229317867027	19.859999099338857	35.17749548021021	0.0072670167086671235
2.0	29.904181919067348	20.16983348005702	18.27438103659652	31.647318093677022	0.004285470602091814
3.0	32.93521512305006	19.30176771418236	20.374447676677768	27.385131006088066	0.0034384800017443996
4.0	34.34096413782326	18.3449181297646	20.924639759802663	26.386659672072593	0.0028183005368723002
5.0	34.72691719365294	18.689468749382137	20.22420111071599	26.358131972084784	0.0012809741641434725
6.0	27.027667312279487	18.178904444712465	17.21291965702532	37.57751770566371	0.0029908803190198145
7.0	26.10045010264475	23.501742431443702	17.97367091309634	32.42184351414708	0.002293038668136435
8.0	26.611537018695042	22.18898912040527	18.920765084223074	32.276501258285485	0.0022075183911272754
9.0	33.40494460355748	18.94199237450239	19.747053958391675	27.902153178767836	0.00385588478061472
10.0	28.736491339366545	23.22341547829531	22.92955659679654	25.1084995556642	0.002037029877408216
11.0	27.22739589135304	23.057164373852473	20.964854286808716	28.747538764204123	0.0030466837816436193
12.0	29.092158988711635	20.700763620369372	20.181021790321203	30.024394774043163	0.0016608265546236164
13.0	29.35546762883489	20.53735352558716	20.17157467904096	29.93416561714806	0.0014385493889277343
14.0	29.40378869915486	20.759473441406108	20.46665364385144	29.36416726769309	0.005916947894499713
15.0	29.72217770015586	20.837363347961137	20.246830335923597	29.192716681220777	9.11934738633977E-4
16.0	29.965170269016788	20.684727816245754	20.380212823495388	28.967347783247423	0.0025413079946510994
17.0	29.906890032661103	20.73553616094368	20.602312866829994	28.753866581771902	0.0013943577933142064
18.0	30.070609847952706	20.40853136318711	20.81999663828344	28.684619373920313	0.016242776656438914
19.0	29.75025803836764	20.57439713104928	20.45726247295805	29.21626139721189	0.0018209604131483276
20.0	29.43536548619907	20.930827462712912	20.35199589602434	29.280597613874637	0.0012135411890359313
21.0	29.18324227090649	21.075400571741163	20.290993532619243	29.448226764192064	0.0021368605410365454
22.0	29.18042890923377	20.75132782526637	20.22116248264631	29.845991977850122	0.0010888050034311139
23.0	29.304084772234212	20.571210867556818	20.518782814897282	29.60448855780141	0.0014329875102737626
24.0	29.361834605834563	20.640555423541446	20.60884448622978	29.386933358129024	0.0018321262651830575
25.0	29.43293257160234	20.625571718299092	20.58406231863739	29.356469337719872	9.640537413135316E-4
26.0	29.433220640135733	20.627233823766527	20.517588248990602	29.420222345198088	0.0017349419090502143
27.0	29.32211957814606	20.673585229825814	20.515310156917682	29.48800760359122	9.774315192204338E-4
28.0	29.300034079954106	20.68332510239127	20.591201866194062	29.424447935024556	9.91016436007591E-4
29.0	29.355861557031325	20.64333338516896	20.48174383501187	29.515634566512155	0.0034266562756870202
30.0	29.279236176669215	20.671159436438934	20.59153006992389	29.456997311490557	0.0010770054774013184
31.0	29.240833431237157	20.650992079765384	20.446834898686166	29.66030051671052	0.001039073600769635
32.0	29.337164062834493	20.617087930143864	20.57471785253767	29.46952885252155	0.0015013019624240801
33.0	29.480243419703715	20.53795866105215	20.54406786516791	29.433573563604764	0.004156490471454813
34.0	29.246953069183192	20.683693698169638	20.581192825218796	29.485963160424923	0.002197247003451917
35.0	29.22132125137705	20.755654215624823	20.50214553808713	29.519305628409604	0.001573366501397627
36.0	29.36688467820476	20.603712109695277	20.562082238175325	29.463005682364646	0.004315291559994822
37.0	29.314453769806327	20.662059795697747	20.442824759770158	29.57947248816901	0.0011891865567556273
38.0	29.35320802118645	20.493213510243375	20.48647655275855	29.66563797779277	0.0014639380188541005
39.0	29.379581263163484	20.553329392553866	20.42684293044429	29.63923315209744	0.0010132617409206754
40.0	29.21026216919297	20.595779405037472	20.58503100697872	29.60773792940567	0.0011894893851687011
41.0	29.300062833361494	20.539371015888523	20.474537233587842	29.684575373985144	0.0014535431769963697
42.0	29.191521109998682	20.746061843535198	20.529101722080316	29.531580915314155	0.0017344090716532084
43.0	29.283131453697404	20.56350466551055	20.46876177119134	29.68077000846691	0.003832101133793892
44.0	29.26264613791185	20.627263836410684	20.5371331863328	29.571484306886266	0.0014725324584060609
45.0	29.310694542546294	20.59808843328299	20.579679538784703	29.507524727158067	0.004012758227948393
46.0	29.319158752422673	20.569001703338916	20.599514096755183	29.511266193709858	0.0010592537733708897
47.0	29.28905673897553	20.643373106827354	20.486061688010796	29.580148638080416	0.0013598281059028217
48.0	29.30381028040395	20.56172871685128	20.481350636898263	29.647125080144164	0.005985285702340603
49.0	29.33618092664686	20.585995303261974	20.54075916419853	29.53585572193878	0.0012088839538564517
50.0	29.298294844819345	20.62759177483211	20.47560047736126	29.59701308753958	0.0014998154477091595
51.0	29.355514583013942	20.509560938063174	20.466960348438455	29.663245806155857	0.004718324328569635
52.0	29.271073099957455	20.57108243305322	20.61582371842656	29.54082380933334	0.0011969392294256752
53.0	29.339031197588582	20.567303089940555	20.433760348268017	29.658702276440025	0.001203087762815664
54.0	29.3191810293353	20.51627830353627	20.53360965509386	29.629001903999008	0.0019291080355617286
55.0	29.273269574922544	20.59403852444821	20.466449862412688	29.664379317643892	0.0018627205726711182
56.0	29.28475879749032	20.59167342319124	20.510780874685892	29.61165694748733	0.001129957145214353
57.0	29.303228194583607	20.57905361894113	20.568188522192738	29.547801833710786	0.001727830571736023
58.0	29.33559772377411	20.558345078762873	20.479003743351758	29.62512784553676	0.001925608574500152
59.0	29.33114128329412	20.594042411129063	20.539792322155765	29.53418936666761	8.34616753435314E-4
60.0	29.37492733020931	20.606998286973045	20.480952832038767	29.53471374518003	0.0024078055988450133
61.0	29.297539363804425	20.63815579779435	20.53214445081915	29.53133167590999	8.287116720851659E-4
62.0	29.304588055383583	20.56427127494194	20.492066538676838	29.638224286222588	8.498447750500968E-4
63.0	29.394831651355496	20.535586791556888	20.424869424661768	29.641533566223817	0.0031785662020312813
64.0	29.307587865105344	20.47337247361538	20.51640102086446	29.70187549259568	7.631478191346164E-4
65.0	29.285346450478695	20.59120636345852	20.460233205438115	29.66159601922661	0.0016179613980559294
66.0	29.214572609907723	20.574859801228147	20.52051287831209	29.651223727178778	0.038830983373263975
67.0	29.21301651739131	20.617691362051563	20.537132862881418	29.628713613458686	0.003445644217024564
68.0	29.25266103788859	20.576202247719497	20.475943703768444	29.692224116791614	0.0029688938318561974
69.0	29.301061226491676	20.610882555933124	20.485714232924945	29.601518950856985	8.230337932636533E-4
70.0	29.33242289222507	20.52179035672328	20.455689760650536	29.689555598265375	5.413921357378364E-4
71.0	29.19026913762345	20.595478517923617	20.53379606817419	29.660173845993633	0.020282430285111317
72.0	29.3159561015048	20.49167715908568	20.538111694290407	29.653568143710764	6.869014083539575E-4
73.0	29.24319646951932	20.589036472980574	20.501051356379527	29.660260459481673	0.006455241638904512
74.0	29.349808271520043	20.49370039978467	20.46664454750439	29.68958511917658	2.616620143160521E-4
75.0	29.241170975606668	20.55107279170635	20.53127141046329	29.675957254339774	5.275678839181834E-4
76.0	29.24623689434152	20.59695447602369	20.44608623889457	29.71013721774713	5.851729930960226E-4
77.0	29.233597429200643	20.59899482031139	20.50160630253566	29.6654437963997	3.576515526100963E-4
78.0	29.270967077346665	20.56236574483911	20.531155676362776	29.635258934423312	2.525670281321784E-4
79.0	29.261441876170082	20.535845766412532	20.513711502809105	29.688545791623017	4.5506298526779086E-4
80.0	29.332647997385536	20.559802878962092	20.48883827657604	29.618398551388896	3.1229568743537087E-4
81.0	29.17541698760708	20.518103079414367	20.60766655161343	29.669101084313372	0.029712297051750033
82.0	29.20077534623704	20.526149207330207	20.56710771506962	29.693644595518347	0.012323135844780926
83.0	29.288003544337705	20.560677298418632	20.370634511361516	29.780287383436576	3.972624455703156E-4
84.0	29.26184608998476	20.56481374245435	20.502319547534384	29.670428167414116	5.924526123911272E-4
85.0	29.220133780517223	20.57018842323649	20.504393143309148	29.704821169896857	4.634830402865252E-4
86.0	29.21909524590292	20.60378750614855	20.479157395045245	29.697764660873364	1.9519202991903436E-4
87.0	29.268113615187847	20.532977507123203	20.50996537720453	29.68866719703771	2.76303446707874E-4
88.0	29.221805494288343	20.573121780144632	20.453878597106147	29.74402835967768	0.007165768783196571
89.0	29.180562566888113	20.578821961512833	20.449669850372555	29.79068311693557	2.625042909355249E-4
90.0	29.18689642825319	20.596322550213	20.45342324762373	29.76307164830422	2.8612560587097045E-4
91.0	29.164175040255717	20.556983513261525	20.55636276204495	29.722168308829524	3.10375608284463E-4
92.0	29.192624820777397	20.59434104031584	20.53330946842381	29.67953604268521	1.886277977432151E-4
93.0	29.247270405963803	20.531405993108432	20.543892874450354	29.67721836454983	2.1236192758373323E-4
94.0	29.19147322376944	20.575245952695553	20.5083513824555	29.72471420758453	2.1523349498086254E-4
95.0	29.23836548409672	20.60375945379091	20.442927439447402	29.714663929830976	2.8369283398448113E-4
96.0	29.222289073149526	20.57476744953087	20.555088484507188	29.64765576819463	1.992246177875708E-4
97.0	29.182354933505106	20.6151462636096	20.427762999138437	29.774376444735523	3.59359011331488E-4
98.0	29.116918990074097	20.576991734723237	20.555606978270077	29.74852164762025	0.001960649312336451
99.0	29.085946269342333	20.622205387143023	20.533041724241404	29.758644545619568	1.6207365367731228E-4
100.0	29.105432783230288	20.579525739053427	20.528305029793653	29.782642555680468	0.004093892242168314
101.0	29.180843819343465	20.59963704894529	20.477002934177268	29.741942134972156	5.740625618163723E-4
102.0	29.12397543476209	20.562171635538437	20.545263815513547	29.76819986940838	3.8924477755147515E-4
103.0	29.13710022636416	20.549027782901348	20.517485845122152	29.796188080068987	1.98065543354443E-4
104.0	29.081789728508944	20.593183991778087	20.54857971042265	29.776345711672782	1.0085761753631568E-4
105.0	29.152775436880034	20.58043073432021	20.566685096954277	29.69992888238462	1.7984946086270192E-4
106.0	29.144459138847438	20.513232298251204	20.601180396036284	29.74086618265958	2.6198420549621904E-4
107.0	29.147025024665936	20.521979615550862	20.601370386280205	29.729411126309113	2.138471938837564E-4
108.0	29.075009591147005	20.542244977813482	20.556461158719703	29.826065981634116	2.182906857001592E-4
109.0	29.104122609774162	20.609730661812602	20.57183615743591	29.71414326632224	1.6730465508472308E-4
110.0	29.06116262100834	20.576842416211946	20.61656192179677	29.745147904546588	2.8513643635911563E-4
111.0	29.08404455196655	20.599229844250193	20.572355802969216	29.743698679261964	6.711215520765522E-4
112.0	29.07429248455192	20.55983730865864	20.526451390761096	29.83926937145405	1.4944457429517455E-4
113.0	29.066550957314096	20.5235480483393	20.578460961423374	29.83119488598982	2.4514693341104487E-4
114.0	29.10950084009355	20.562590664222643	20.582307626753813	29.745066278239364	5.345906906377132E-4
115.0	29.178563513493433	20.504058012029628	20.577102874691715	29.72192554140749	0.018350058377738537
116.0	29.048231562526162	20.584653388381213	20.608538622323625	29.75847676654393	9.96602250726523E-5
117.0	29.0185019555399	20.58390865140428	20.672151641131496	29.718563007375813	0.006874744548515689
118.0	29.054005702918754	20.579859016854595	20.62529765125619	29.740449867156325	3.877618141330721E-4
119.0	29.013992030758885	20.614551653755836	20.570148684434646	29.80101646403869	2.91167011942215E-4
120.0	28.94479712643916	20.625858059428413	20.599935211692596	29.829183859208463	2.2574323137138636E-4
121.0	28.89743572761263	20.69308091761984	20.622408465733795	29.786763213391453	3.1167564227583996E-4
122.0	28.929153530522665	20.70318262112902	20.569291955607948	29.798008169230037	3.637235103198463E-4
123.0	28.931841541423097	20.658856558890204	20.620423469638492	29.788584406414586	2.940236336196703E-4
124.0	28.827170616621515	20.65949924236958	20.61450058708158	29.898523440626047	3.0611330127889766E-4
125.0	28.887190670851886	20.601777502007444	20.673680560624863	29.83726001897949	9.124753631651945E-5
126.0	28.937113541270538	20.614488167486005	20.735397054957243	29.712524089926823	4.7714635939713517E-4
127.0	29.013063607236383	20.638298404504106	20.733042697461062	29.603539654788612	0.012055636009834598
128.0	28.97501616025928	20.730627807006794	20.748510600025565	29.545635046908142	2.103858002207999E-4
129.0	28.96133123206531	20.695659505824807	20.73038479054718	29.612402584759373	2.2188680333784318E-4
130.0	28.840892187634832	20.729092250679905	20.74411975512212	29.68560230061701	2.935059461369628E-4
131.0	28.73741706257233	20.785593297002556	20.726324425325902	29.750103720525434	5.614945737788273E-4
132.0	28.760404122217132	20.8792482388925	20.552803917598286	29.797219528310936	0.010324192981147357
133.0	29.178747139117707	20.72647999044764	20.27596029477902	29.818598076514704	2.1449914093094058E-4
134.0	29.206989392645134	20.75053175796015	20.46924454069551	29.573079840155952	1.5446854325350913E-4
135.0	28.936396237848268	20.88370728771922	20.399865193204864	29.77994723709103	8.404413661878672E-5
136.0	28.50702501654192	21.212361375034327	20.08566778666362	30.19466935515085	2.76466609284486E-4
137.0	27.548726784981515	21.764698676868992	20.311418614479106	30.37474761291324	4.083107571510525E-4
138.0	27.641818131822802	21.94251198430812	20.642111438025314	29.773329300373046	2.291454707106259E-4
139.0	27.7679793894167	22.47423677086926	21.506547936328765	28.250713322672688	5.225807125910598E-4
140.0	26.837016973691615	23.256892663186054	21.89714195335086	27.987352995299197	0.021595414472273464
141.0	26.80843852948894	23.211604617941166	20.95091979825661	29.0288548438821	1.8221043118276436E-4
142.0	26.23687644648955	23.671275729894646	23.194758308363152	26.89708951525265	0.0
143.0	30.442735925090787	19.62563503490994	22.630033113882174	27.299482916315753	0.002113009801346893
144.0	33.161680188544054	19.344364258339507	19.614192025903463	27.876714625884564	0.003048901328406309
145.0	26.711327161729077	21.07252917760859	19.774891401725874	32.44094439706792	3.0786186853682486E-4
146.0	26.99411318124681	21.32011599397628	19.594830053889904	32.090940770887	0.0
147.0	27.415714088102515	21.038782208473233	20.26288653311704	31.281359640849587	0.0012575294576275449
148.0	29.838991504800394	20.105729335442838	20.518099159375534	29.537180000381234	0.0
149.0	31.861902134158075	21.212286487943228	19.563864327605458	27.361626220756385	3.2082953685048064E-4
150.0	20.8242614842889	28.636467489180976	24.307851517350752	26.21730774399914	0.0141117651802274
