# Position (bp)	A	C	G	T	N
0.0	26.028561770777948	24.470978795452485	24.479668023115185	24.961956730797095	0.05883467985728811
1.0	28.602595601208066	18.67098845123817	18.86583426859013	33.85515336258989	0.005428316373749704
2.0	29.901243062910872	19.92587805792394	19.049975221861928	31.11815153202595	0.004752125277309308
3.0	32.711671800675006	19.16139305191226	19.692492161165926	28.43039401228642	0.004048973960385427
4.0	32.83611936425147	18.732436709680364	20.337286467456668	28.09320131122525	9.561473862393014E-4
5.0	33.507790824441734	18.846708939163133	19.83207201956388	27.81135933149911	0.0020688853321414974
6.0	28.41843262724832	19.052762502366278	18.021923191531375	34.50199443374921	0.004887245104817278
7.0	28.519735521645135	21.424009455881347	18.863931586694036	31.169268990428634	0.023054445350850654
8.0	28.260823389878613	20.999602948954653	19.041669505969423	31.697191220781917	7.129344153946084E-4
9.0	32.494176837892894	18.949268108494007	19.43730621709053	29.116813680108688	0.0024351564138881663
10.0	29.922072992292637	21.35776941756679	21.42247318385492	27.285654750913857	0.012029655371799295
11.0	28.854540064413282	21.29224745858844	20.287099601628192	29.550521664063474	0.015591211306609681
12.0	29.85294430516018	20.046811075407255	19.765248681357843	30.33300438395444	0.0019915541202811236
13.0	29.99733598988782	20.00104709351759	19.755363916507314	30.244883074159322	0.0013699259279581664
14.0	29.99033558595257	20.13554078675133	19.919447491629246	29.950503904725405	0.004172230941444546
15.0	30.137092215948215	20.161630200836154	19.8614179424414	29.839287189318025	5.724514562082526E-4
16.0	30.18343216169605	20.08064633576801	19.93738822174868	29.79513634814407	0.0033969326431910743
17.0	30.179017436038368	20.09856198886316	19.99130382851031	29.72918593467515	0.0019308119130104873
18.0	30.161020179228554	20.05900522593676	20.021159789405157	29.75397551682915	0.004839288600379301
19.0	30.08521172514072	20.096914398491673	19.900629609516546	29.916581626261348	6.626405897097423E-4
20.0	29.974917662045826	20.195441733212053	19.891000205833397	29.93808344660175	5.569523069791712E-4
21.0	29.910841969968498	20.187603880266973	19.912448479004848	29.987747124101233	0.001358546658447398
22.0	29.907564909897566	20.072637249861796	19.88827775566956	30.13081766084973	7.024237213468505E-4
23.0	29.964507130433617	19.996460812873067	19.96580866059105	30.070420554877998	0.0028028412242699684
24.0	29.985271702276624	20.021298559249377	19.990478900398074	30.00038561563073	0.002565222445197037
25.0	29.99786340070244	20.001263100148336	20.03949142452631	29.9565023360035	0.004879738619413012
26.0	30.007157072057357	20.025698058556753	20.01004851654942	29.956116516695136	9.798361413340146E-4
27.0	29.93901078354455	20.059977940806316	20.01224907630008	29.98792008929564	8.421100534109696E-4
28.0	29.94319644297967	20.069084959279206	20.048035915062044	29.93802170006747	0.0016609826116162159
29.0	29.91819996305363	20.071300560129412	20.012211739368308	29.996633116157607	0.0016546212910437254
30.0	29.909985788706056	20.060593640859683	20.01874830923113	30.009608270064664	0.0010639911384684611
31.0	29.949539932839237	20.036895633740542	20.021978973900605	29.990655862424425	9.295970951889995E-4
32.0	29.9343589924307	20.066455318906016	20.04533206404706	29.952596936532572	0.001256688083649667
33.0	29.992023589778505	20.040827651696024	20.035679758408275	29.928721825169564	0.0027471749476323305
34.0	29.88959871522015	20.09158212261314	20.04941995214688	29.967487380177293	0.0019118298425390141
35.0	29.853563370274816	20.102959069647564	20.013675132311246	30.02732226584566	0.0024801619207100367
36.0	29.902184484755505	20.075807730634196	20.03368642556091	29.986554137642695	0.0017672214066942083
37.0	29.93073338124234	20.069700859464028	19.995959756053644	30.003273433771216	3.325694687734847E-4
38.0	29.942311029296775	20.022133903220016	20.003320771120535	30.031384867640625	8.494287220457245E-4
39.0	29.940567205656144	20.06528338063941	20.007514328878006	29.985949812239127	6.852725873098359E-4
40.0	29.88277391941393	20.076798379364106	20.071361210830265	29.96674966734649	0.00231682304520734
41.0	29.919170708112087	20.060220130046044	20.005073820911377	30.014990799649095	5.445412813965199E-4
42.0	29.869365665705516	20.121578494394356	20.03020137981634	29.976730796439977	0.0021236636438124457
43.0	29.85744264054909	20.06911100281823	20.051406285450128	30.019634109699282	0.0024059614832727502
44.0	29.86056984180465	20.08070471764257	20.05670331462619	30.00142170472822	6.004211983665764E-4
45.0	29.862359793811322	20.077583485651665	20.078605003222812	29.97782997319832	0.003621744115884668
46.0	29.883098741306767	20.051555414508993	20.10116730250075	29.96348248619697	6.96055486518743E-4
47.0	29.890089271996413	20.08827149903983	20.033155732905325	29.987576072727396	9.0742333103524E-4
48.0	29.89385010919299	20.061758562626537	20.024486166651798	30.014372433749575	0.005532727779101724
49.0	29.89155941677295	20.06138297220306	20.064847683484277	29.973594020162082	0.008615907377629326
50.0	29.88117530123849	20.089926924225658	20.048826606368724	29.979143872690706	9.272954764237766E-4
51.0	29.904878723779493	20.06012220705203	20.050038443979087	29.98133141160821	0.0036292135811799298
52.0	29.886567783168942	20.07125637742043	20.09782114292005	29.943810352649518	5.443438410560003E-4
53.0	29.91114525854054	20.07297122379264	20.03554402357685	29.978023434973274	0.002316059116699956
54.0	29.868633841448577	20.0767491676504	20.057528423472288	29.996208348525006	8.80218903731169E-4
55.0	29.827434841826282	20.09249135090901	20.06975104649124	30.007849698260653	0.0024730625128079908
56.0	29.854090063050943	20.093344355080664	20.056491742294458	29.995258946161595	8.148934123382079E-4
57.0	29.861026647886966	20.080581045427852	20.09668406053263	29.955439118233546	0.006269127919001834
58.0	29.858547939919784	20.109961347091833	20.05175033589098	29.976684921453877	0.0030554556435281564
59.0	29.90152230551094	20.09745652477239	20.05316990145882	29.947172484868474	6.787833893798789E-4
60.0	29.91172543981223	20.06126872142059	20.04625725244221	29.97680114819431	0.003947438130659762
61.0	29.883786807491475	20.101068044724727	20.078299190880557	29.93585740164607	9.885552571709457E-4
62.0	29.91073220993283	20.079965712731838	20.051862547569907	29.955401874458005	0.002037655307414867
63.0	29.902863155049914	20.118629614186414	20.019330905776485	29.95633680241766	0.0028395225695222364
64.0	29.887178290404815	20.062898384621825	20.05815589073843	29.990278089347296	0.0014893448876359915
65.0	29.84206199032398	20.085024657627997	20.064531744519446	30.000461914670286	0.007919692858293598
66.0	29.83050715542861	20.09512898693847	20.06155884319429	29.991549801165352	0.02125521327327366
67.0	29.870140078570873	20.071458643860304	20.08049110938907	29.975718571529086	0.0021915966506715996
68.0	29.844771558413562	20.145893072639307	20.035490683436112	29.969106787340337	0.004737898170682863
69.0	29.862719865082177	20.125346216703193	20.035571091369516	29.972842713568443	0.003520113276674194
70.0	29.862381080022573	20.07488037802286	20.02551968211001	30.03681830105688	4.0055878768348763E-4
71.0	29.80665433766773	20.114677179471883	20.052047126421883	30.014475033613326	0.012146322825176937
72.0	29.844256710346084	20.07947265010027	20.086738474736997	29.983417463484408	0.006114701332235423
73.0	29.83003839791439	20.11228330231934	20.071268993330456	29.98080392158153	0.005605384854291249
74.0	29.871422649793995	20.0966600076656	20.051617439636786	29.977823406390463	0.002476496513156779
75.0	29.83467350426588	20.12060939632246	20.087919127831153	29.951661017875814	0.0051369537046913145
76.0	29.83974015919406	20.103024109479783	20.065931838156366	29.99056937226167	7.345209081169588E-4
77.0	29.850975915985643	20.123192148053505	20.052194236254213	29.972316972264064	0.001320727442576554
78.0	29.83025112201624	20.10843143971076	20.067161805309723	29.992129657758554	0.002025975204723236
79.0	29.876373450456473	20.11927953658905	20.078091718995505	29.92378140107757	0.00247389288139614
80.0	29.90701552068967	20.08602241376065	20.03909734065374	29.96730124836764	5.634765283017356E-4
81.0	29.831974488256662	20.12665729339812	20.09445703102329	29.929930547530994	0.016980639790936725
82.0	29.81071330080573	20.103657890188806	20.103465070274265	29.97833458673264	0.0038291519985553593
83.0	29.848059968166314	20.11873031832699	20.026663973005075	30.001987688681027	0.004558051820596172
84.0	29.851312789359426	20.128015127851025	20.075174425369465	29.941830386355427	0.003667271064656578
85.0	29.839676392523135	20.122868803956074	20.079047221874376	29.956882086733565	0.0015254949128542569
86.0	29.812959857106563	20.132130332534487	20.06188045404233	29.99240767597598	6.216803406385355E-4
87.0	29.800142656082627	20.12630063248662	20.087178622960796	29.986132224719555	2.458637504060726E-4
88.0	29.829048808785913	20.14023567257002	20.064989024406305	29.961792528779334	0.003933965458423805
89.0	29.7855964614529	20.145721861636527	20.072451329447045	29.995691734433798	5.38613029721923E-4
90.0	29.81537980285079	20.142452511189227	20.050323440627153	29.991633028205655	2.1121712717440833E-4
91.0	29.777270447880476	20.147928708137123	20.09493176919413	29.979650971589876	2.1810319839359724E-4
92.0	29.791445718727573	20.162611682646926	20.098384624115052	29.947245089941028	3.128845694245427E-4
93.0	29.803071028404705	20.17758658274799	20.099218336395626	29.919286440676146	8.376117755329306E-4
94.0	29.826532367098242	20.151216711958174	20.07334440845755	29.948585766854478	3.207456315575126E-4
95.0	29.83874148273211	20.174608953888438	20.06182494859176	29.924557088262006	2.675265256865162E-4
96.0	29.81294213842478	20.16035965150781	20.07875139475281	29.947752206186383	1.946091282146779E-4
97.0	29.787296234974413	20.19570179085511	20.034373174925886	29.981911580937016	7.172183075801762E-4
98.0	29.7684680498409	20.199022830525255	20.076698024645605	29.95457323145296	0.001237863535274409
99.0	29.801582756606344	20.18616942663719	20.063771793854812	29.948175649929844	3.003729718131309E-4
100.0	29.78007138882191	20.162264616314694	20.089271913992395	29.96658793356174	0.0018041473092604526
101.0	29.78568484711999	20.167976150521955	20.093436692732446	29.950184588575734	0.002717721049875538
102.0	29.77015362063519	20.163996128557063	20.10523417288011	29.960118615261166	4.974626664678277E-4
103.0	29.801235167993706	20.159409635143323	20.112401306673373	29.926701275340346	2.526148492543952E-4
104.0	29.76148969445883	20.21415674611432	20.09200580979923	29.932145170290614	2.025793370045113E-4
105.0	29.786428572863304	20.18332174547627	20.11349220561643	29.916558820759278	1.9865528471948627E-4
106.0	29.799949742887545	20.164702784185177	20.10608644962353	29.928772037574547	4.889857292059427E-4
107.0	29.771445836924983	20.165578949264013	20.107154557355393	29.955359364566874	4.6129188874100935E-4
108.0	29.748406080594837	20.200147263537826	20.134299900805505	29.916940030397416	2.0672466441974E-4
109.0	29.80975252897181	20.16573101563458	20.091512056647954	29.932801626881005	2.0277186465062708E-4
110.0	29.731869364843494	20.187548892635217	20.142759290167568	29.93737118297876	4.512693749546078E-4
111.0	29.792394063712145	20.164063748209298	20.087970473515778	29.95524693165831	3.2478290446721415E-4
112.0	29.77743671731485	20.139387320708806	20.08257151944951	30.000139659454568	4.6478307226819926E-4
113.0	29.76465327184865	20.152258215850942	20.149736937215998	29.93300940155538	3.4217352902807745E-4
114.0	29.764661053616486	20.205021940395795	20.114346223864022	29.91563229675725	3.384853664426781E-4
115.0	29.77563562365605	20.16774786127076	20.172955693832836	29.874095783850063	0.009565037390292212
116.0	29.732146161985938	20.21713842891233	20.156493586375277	29.893947391149094	2.744315773583153E-4
117.0	29.71167573315287	20.180235924206265	20.15168342840978	29.95303937633854	0.003365537892545652
118.0	29.711158119430824	20.216866169587462	20.14233597800917	29.92862751576158	0.0010122172109617742
119.0	29.75194997062766	20.20547448106143	20.10478401221242	29.937574378057658	2.171580408330722E-4
120.0	29.721759887793958	20.200742327778926	20.150954816750907	29.926057124070315	4.8584360588907536E-4
121.0	29.73889797765516	20.221279147506458	20.182069816094607	29.857426754749138	3.263039946364815E-4
122.0	29.689578143261837	20.226869545045858	20.175002338275718	29.90833797896891	2.1199444768107224E-4
123.0	29.695232755641538	20.1923445739367	20.18627447990131	29.92588015439251	2.6803612794270166E-4
124.0	29.685469350982746	20.1739013884308	20.15777524794781	29.9824600704225	3.939422161386215E-4
125.0	29.64923868547907	20.219229191036195	20.15842785522399	29.97239087211726	7.133961434873416E-4
126.0	29.692327152729074	20.206982017011082	20.18198408754901	29.91829193601332	4.148066975155455E-4
127.0	29.750563908772843	20.18021710148881	20.17086886869276	29.890642503105248	0.007707617940343131
128.0	29.800378300856394	20.114269847891627	20.243216445159852	29.840799366238947	0.001336039853178127
129.0	29.680372929713755	20.12425473292335	20.32629586654771	29.86706160799266	0.002014862822519997
130.0	29.638108502832406	20.110817715458516	20.333170062072163	29.917354241487864	5.494781490463017E-4
131.0	29.560904398719483	20.148391146764318	20.288022484456143	30.001546544386372	0.0011354256736870825
132.0	29.442499319021554	20.246943664337895	20.25050278513066	30.057966213978137	0.0020880175317544757
133.0	29.41405896727774	20.234076540748845	20.33272502087207	30.018837218822082	3.0225227926777837E-4
134.0	29.42309696701772	20.206552892569835	20.279684720986342	30.089954011027974	7.114083981236198E-4
135.0	29.50722817302209	20.13755271767705	20.320745911992645	30.031517927590528	0.002955269717696064
136.0	29.592677550293896	20.156400802634032	20.37127157982389	29.8784751222087	0.001174945039482959
137.0	29.880706336592795	20.053815207582602	20.256796853678413	29.808235621094788	4.4598105139815903E-4
138.0	29.955773021034872	20.032899442485892	20.356245821716136	29.653978713132833	0.001103001630265436
139.0	29.168482108536658	20.60207249848617	21.50558299200113	28.717485445211405	0.006376955764633287
140.0	27.130747484990902	21.598281741488467	21.47833615651632	29.775017487394834	0.017617129609473477
141.0	28.895727266908004	19.68984948727697	19.263322454236405	32.15071187676615	3.889148124663781E-4
142.0	31.2794974414737	19.349155056875812	21.213559622069276	28.156979890301088	8.079892801188811E-4
143.0	30.867310604708102	19.15927657233241	21.572024667534524	28.391536943008255	0.009851212416699923
144.0	33.86655230248061	18.444548753377166	19.288534040232623	28.396072033376125	0.004292870533468974
145.0	27.530459883809165	20.201812923551397	19.104654176080235	33.16279884401878	2.7417254041870283E-4
146.0	27.830554781604743	20.581401051014883	18.992581399143674	32.59523438930898	2.283789277222856E-4
147.0	28.045759268773363	19.994580680466942	19.461680926382776	32.49467447638194	0.003304647994984413
148.0	30.57857428261036	19.386181089044648	20.221221755620235	29.8137151038055	3.0776891926130064E-4
149.0	33.080157493603465	19.39655894990819	19.266651117721022	28.25460798754269	0.0020244512246355905
150.0	24.252798502074835	25.01356318426301	24.660114685818474	26.025790397183783	0.04773323065989879
