# Position (bp)	A	C	G	T	N
0.0	25.695397308813728	24.829343788712166	24.068902520709372	25.347945311610932	0.058411070153804034
1.0	28.535049916337584	18.361651663235982	18.64428936895081	34.45343475048636	0.005574300989262526
2.0	29.922012680842414	19.89051210263536	19.30097733753679	30.881653966571537	0.00484391241389707
3.0	33.236373849978605	19.021644426974525	19.58151944163519	28.15651448473837	0.00394779667331021
4.0	33.00738636318103	18.622167221181027	20.366246552210864	28.003195674832153	0.0010041885949263977
5.0	33.666265677422224	18.81040632613289	19.85240842276919	27.66878434017797	0.0021352334977256665
6.0	27.971603574117054	19.166621185643503	17.811576797927202	35.04487085897318	0.005327583339060824
7.0	28.296852201525503	21.517273866536506	18.868456865476045	31.293927160114492	0.02348990634745662
8.0	28.014477168995704	21.118567027644072	19.08316292526035	31.783041698114555	7.511799853203531E-4
9.0	32.71466941509051	18.79428303632319	19.435924154006187	29.052597810068587	0.002525584511520669
10.0	29.976742272919697	21.42325569597922	21.58006674159281	27.007337279770294	0.0125980097379797
11.0	28.741628255734085	21.423132256059414	20.312129177551142	29.50697179390695	0.016138516748409895
12.0	29.759547475770482	20.050977387509693	19.707365602421554	30.48002708766327	0.002082446634999239
13.0	29.919001015489428	20.011369975279013	19.68037401917143	30.387773538983975	0.0014814510761537176
14.0	29.922753763958376	20.130550106025765	19.909338964761993	30.0330166172022	0.0043405480516613484
15.0	30.10320192160024	20.148689131701648	19.881558542826987	29.865937978467443	6.124254036772155E-4
16.0	30.135774724133135	20.073148484415857	19.9402287781341	29.847353952203115	0.003494061113794253
17.0	30.08782720301726	20.108287984162345	19.984273707510273	29.81752953225713	0.0020815730529920055
18.0	30.048969294599807	20.10381234737455	19.988364844459543	29.853974858881443	0.004878654684656322
19.0	30.006412033799794	20.122991086044287	19.893310612594973	29.976526394669893	7.598728910495865E-4
20.0	29.93768605595261	20.202136781094694	19.875406114135284	29.984252919597438	5.181292199702221E-4
21.0	29.906474671038325	20.17951092406759	19.91577916837637	29.99683082080768	0.001404415710034148
22.0	29.892614899575477	20.059969285870498	19.905013084952063	30.141692897429024	7.098321729336997E-4
23.0	29.933389716380386	19.998692269932405	19.955495528174897	30.109409402549904	0.0030130829624085034
24.0	29.96826280937584	20.020985588615904	19.96623667755582	30.0419024008782	0.002612523574236039
25.0	29.99221843908135	20.000503847946856	20.03524094748427	29.96706522628414	0.004971539203394844
26.0	29.99405626581281	20.0281630184454	19.99164583044814	29.985060273069596	0.0010746122240526252
27.0	29.93444938719148	20.073992142552342	19.992821381441964	29.997796501010093	9.405878041255065E-4
28.0	29.907097233328443	20.069546322913045	20.041910272120628	29.97983085390817	0.0016153177297142684
29.0	29.887761326230866	20.076567694239987	20.0070924216018	30.026766145209322	0.001812412718019106
30.0	29.879116206225714	20.05574843471433	20.015046976088215	30.048929299871435	0.0011590831003062436
31.0	29.918226070690572	20.039188987828645	20.000780401652005	30.040707151652303	0.0010973881764753557
32.0	29.903203519146736	20.078868629669735	20.035279864160497	29.981380679117343	0.0012673079056920147
33.0	29.983956638983127	20.056693982196826	20.030436650246656	29.92591682528845	0.002995903284934881
34.0	29.85635361176226	20.135413523296794	20.027861060403325	29.97836415412436	0.002007650413260521
35.0	29.844566663669482	20.11525505664577	20.007867106084475	30.029619382391953	0.0026917912083195407
36.0	29.869186829416183	20.085171099303295	20.034627753738302	30.009132428951762	0.0018818885904557435
37.0	29.919019440200024	20.08164032601069	19.955570488273437	30.043426029954993	3.437155608535071E-4
38.0	29.93298631802943	20.009104139896642	20.006916242568312	30.050085876650552	9.074228550678835E-4
39.0	29.91190739009503	20.09674499276818	19.98018626220564	30.010467412603013	6.939423281374346E-4
40.0	29.861272341461774	20.079979032963653	20.059961145342594	29.99648467187277	0.00230280835920785
41.0	29.874866471899107	20.04504585681016	20.00581043631727	30.07364607044835	6.311645251152802E-4
42.0	29.831552545658045	20.139524340635443	20.020191902111645	30.006629655303378	0.0021015562914828384
43.0	29.845911920921786	20.074233161398197	20.023063380108084	30.05425489559151	0.0025366419804250806
44.0	29.81632599400616	20.106061586929822	20.052293274830337	30.02468523265313	6.339115805472508E-4
45.0	29.819721124365877	20.102970536861957	20.058768238742072	30.01458660467996	0.003953495350134442
46.0	29.849671740481483	20.060309995017526	20.095646010658825	29.993649957954503	7.222958876545769E-4
47.0	29.896572812194705	20.101159378771282	20.004684861173892	29.996668619406925	9.14328453198134E-4
48.0	29.865040429342116	20.05966011762798	20.00006327468395	30.06960851420021	0.005627664145749383
49.0	29.879176685352625	20.066232811669686	20.048879048406416	29.996964771826107	0.008746682745166458
50.0	29.871971072655562	20.099320279268	20.037231932847433	29.990578436331372	8.982788976321368E-4
51.0	29.870929923156613	20.07161621826697	20.055562450472603	29.99792298319175	0.003968424912067877
52.0	29.869413620281982	20.07183492607358	20.09110202218951	29.967140941168317	5.084902866120251E-4
53.0	29.88862835332852	20.06970833700342	20.01382213737771	30.02546518260194	0.0023759896884134775
54.0	29.834315897067377	20.071813028203472	20.04367436732552	30.04946107892572	7.356284779146027E-4
55.0	29.798884807582958	20.113993843135713	20.04992508388829	30.03450496157587	0.002691303817163584
56.0	29.824704780271105	20.10157830012651	20.04687035525432	30.026011101255257	8.354630928136093E-4
57.0	29.84046685728579	20.09568769036612	20.10382779024481	29.953538233884114	0.006479428219161543
58.0	29.866607265015933	20.10282051255429	20.036574391319768	29.990787945733015	0.0032098853769993657
59.0	29.870820321659636	20.107963339224398	20.033288528682206	29.987192228358406	7.355820753571556E-4
60.0	29.869063139083934	20.0802883624852	20.03499129009888	30.011486737886305	0.00417047044568451
61.0	29.879418372327436	20.120155469046043	20.065607164851713	29.93379479549569	0.001024198279116535
62.0	29.877567991040227	20.093222417572434	20.0444145622693	29.982596429079283	0.0021986000387614253
63.0	29.895208620020725	20.12911527414894	19.997492855456798	29.975248221726837	0.0029350286466983382
64.0	29.874117377308128	20.08225830682357	20.030587323925424	30.01144585317307	0.0015911387698121305
65.0	29.81819572363499	20.084892076504733	20.05132883718697	30.03749557665682	0.008087786016489715
66.0	29.795524527042506	20.10145804391252	20.041978153234684	30.03808479697327	0.02295447883702229
67.0	29.814412780065336	20.069826292077398	20.086305463648955	30.02720365194388	0.00225181226443624
68.0	29.807500809910355	20.185125245141382	20.014020212166642	29.988680688606255	0.004673044175364431
69.0	29.81529784888793	20.15039886752729	20.032378260310935	29.99801186120898	0.003913162064869227
70.0	29.83662295200408	20.06981920185452	20.011459736061752	30.08170054141443	3.9756866521362545E-4
71.0	29.775434804793655	20.122544272346524	20.054761530269474	30.03431967654513	0.01293971604522073
72.0	29.824256287723838	20.078467617146142	20.076032357666524	30.015003158215798	0.006240579247698625
73.0	29.810712299652277	20.13743523124306	20.053009474605656	29.993154353808794	0.005688640690213977
74.0	29.86724029669033	20.096853460707752	20.037884744268773	29.99555224369688	0.0024692546362624825
75.0	29.79914388538375	20.14983777318007	20.089094260161726	29.956757412653623	0.0051666686208326
76.0	29.79451292594093	20.11904642500525	20.044980325546014	30.04062754432344	8.32779184371308E-4
77.0	29.805221717834957	20.14911049989219	20.039807163029614	30.004503315087007	0.0013573041562340723
78.0	29.797417564228155	20.10565616319836	20.059466129539164	30.035447164969494	0.002012978064826203
79.0	29.84149106897457	20.135055249908458	20.07058802634491	29.950310253695132	0.002555401076923763
80.0	29.859514104124944	20.09247804931536	20.04008000119805	30.007285241726713	6.426036349317785E-4
81.0	29.783483563245657	20.146153998762863	20.085117082208498	29.966640579635474	0.018604776147511055
82.0	29.779388594979476	20.111076502985814	20.090825371146178	30.014759085717873	0.003950445170658675
83.0	29.83417652324547	20.13072533999223	20.032164663805986	29.99825471278203	0.004678760174281865
84.0	29.84180626688043	20.12680628728185	20.06529088056686	29.962047954591764	0.004048610679094728
85.0	29.82490737383993	20.130584673357266	20.069967133005285	29.972981496131656	0.0015593236658627467
86.0	29.784998558631358	20.160322641975373	20.04062035488027	30.013453896960318	6.045475526810785E-4
87.0	29.816153886693886	20.122696534240546	20.065864996326148	29.9950594404678	2.2514227162285608E-4
88.0	29.809929957052884	20.15211214709269	20.056735541225287	29.976814571424228	0.004407783204913084
89.0	29.748384125021023	20.143290887615024	20.0780472925218	30.02966891042989	6.087844122692563E-4
90.0	29.786175190207935	20.13906804976999	20.04327414510556	30.03125027507715	2.3233983936514632E-4
91.0	29.749952976259614	20.147130586275996	20.09344163892337	30.009234355057213	2.4044348380646268E-4
92.0	29.757343947896974	20.17806333424196	20.08919960306395	29.975089501792883	3.036130042383427E-4
93.0	29.771183172135522	20.19509004711936	20.111347443276475	29.921607200726648	7.721367419937407E-4
94.0	29.77194394659208	20.144916435466993	20.101271615052035	29.98152677454845	3.4122834043577566E-4
95.0	29.831732037821507	20.1742235960878	20.03427861873163	29.959469589753695	2.961576053712519E-4
96.0	29.77480004638382	20.165127928469335	20.09375966229822	29.966140003487407	1.7235936122471666E-4
97.0	29.7668281086454	20.201739203731602	20.00629536585303	30.024371560238546	7.657615314186582E-4
98.0	29.753845772076907	20.21171427700293	20.078355769588676	29.95488575144776	0.0011984298837244085
99.0	29.76257241461049	20.18355726006149	20.064107219984837	29.98945846455141	3.046407917760714E-4
100.0	29.73075850405076	20.17177330344207	20.085161537147812	30.010358586356674	0.001948069002691292
101.0	29.74432646375676	20.17755859976163	20.101192808707218	29.974247078123266	0.0026750496511297483
102.0	29.749967055939546	20.140370530250163	20.107103193767205	30.002130126932148	4.2909311093340316E-4
103.0	29.77299329372991	20.140311169702013	20.129929542931464	29.956518812046834	2.471815897750591E-4
104.0	29.70191854439429	20.22881781203369	20.111963216517758	29.95712287799609	1.7754905817053451E-4
105.0	29.772417791293687	20.181598299749368	20.1070382568128	29.93872267615006	2.2297599409152734E-4
106.0	29.76775770468671	20.174446373142896	20.106286929298236	29.951038413891585	4.705789805741664E-4
107.0	29.754134210267758	20.161780140511524	20.11477315231748	29.96880541813273	5.070787705006493E-4
108.0	29.710479624696035	20.206152088066542	20.147889342706833	29.935283907951483	1.9503657911041215E-4
109.0	29.792172846364366	20.17150782222416	20.087951635527233	29.948178100679478	1.8959520475808126E-4
110.0	29.694098922991905	20.205182982508223	20.13903094914406	29.961275279247694	4.118661081102199E-4
111.0	29.744953526333116	20.169606369574254	20.10396079626667	29.981129875788028	3.4943203793053E-4
112.0	29.739749523037602	20.147438275928465	20.038746141517798	30.07361225507647	4.53804439664371E-4
113.0	29.71133041079217	20.155254611192348	20.145104903199005	29.987920929504114	3.8914531236754093E-4
114.0	29.714661412493225	20.23547955435551	20.103725113744733	29.945757821094432	3.7609831209878264E-4
115.0	29.7497740218345	20.18438358148661	20.173193733612983	29.88205250491634	0.010596158149555777
116.0	29.686132313190942	20.256912292714873	20.15307806567911	29.903545531849485	3.3179656559184753E-4
117.0	29.675585851941904	20.186631509158538	20.14834836048237	29.986141689709743	0.0032925887074409725
118.0	29.650601793207247	20.24114058196668	20.135018656593093	29.972290891523834	9.480767091493305E-4
119.0	29.72581177515433	20.22149078803805	20.08723723924904	29.965210874172588	2.4932338599239194E-4
120.0	29.693053107576844	20.216699955293155	20.14944865149257	29.940373532003683	4.2475363374701357E-4
121.0	29.71252588369983	20.240156062658613	20.168813680341497	29.87816199833993	3.423749601301302E-4
122.0	29.67061970274802	20.24288789803942	20.14565662968159	29.940600738614293	2.3503091668209186E-4
123.0	29.66025173699122	20.208080898383233	20.17894718698594	29.95244759349498	2.7258414462470314E-4
124.0	29.62640049352065	20.173073854036648	20.153562916688628	30.046545466445014	4.1726930906533404E-4
125.0	29.62294862415969	20.22082846655918	20.13638298218385	30.019174109310505	6.658177867800374E-4
126.0	29.660462625505374	20.223026441995547	20.1705891314474	29.94548144672481	4.4035432687096476E-4
127.0	29.723026613843718	20.213269799706055	20.154921067581082	29.90041173594134	0.008370782927807916
128.0	29.726847042454757	20.161146518672417	20.22135289120156	29.889420262275923	0.0012332853953428398
129.0	29.65913820414657	20.147640228488743	20.277973358835016	29.91321833793027	0.0020298705994001346
130.0	29.63216938191896	20.098744145935694	20.351308315253323	29.917307286957097	4.708699349253565E-4
131.0	29.542877852694122	20.163540054889825	20.32445935092595	29.968003817692423	0.001118923797678592
132.0	29.46461536206611	20.2448364085999	20.28911285129172	29.99921365880137	0.0022217192408972896
133.0	29.42651868046406	20.235015437949635	20.332148493970788	30.006025874377055	2.9151323846112446E-4
134.0	29.415429145380383	20.225513124431206	20.25985753733246	30.09844367064914	7.565222068087592E-4
135.0	29.46533093048107	20.15652555182009	20.308370576012738	30.066796588725335	0.002976352960765375
136.0	29.585416208894262	20.166210819383686	20.37248383914531	29.874745790330103	0.001143342246638931
137.0	29.957156275618086	20.00623598610019	20.254815028401175	29.781276896917152	5.158129633942736E-4
138.0	30.04167879928702	19.975960122849198	20.357126642134684	29.624119788147375	0.0011146475817237487
139.0	29.09748320976968	20.663745179631533	21.614714665721362	28.6178642666234	0.006192678254023403
140.0	26.794248756451832	21.76915733135179	21.53386254683433	29.883997525030143	0.018733840331905064
141.0	28.77046514549797	19.686756177231686	19.12797188068633	32.4143289079689	4.7788861511181114E-4
142.0	31.286490408758883	19.383840363164413	21.33560610634383	27.993341165648044	7.219560848290983E-4
143.0	30.949442790729233	19.16368464613528	21.666623848134954	28.210502297296358	0.009746417704172831
144.0	34.30062202487549	18.26510701118158	19.399140030116495	28.03041690610192	0.004714027724515919
145.0	27.317977801233457	20.273769683760957	19.034117201296848	33.37388727735387	2.480363548657015E-4
146.0	27.641059873218126	20.628922706914814	18.891758062997678	32.83798948197156	2.6987489781833804E-4
147.0	27.686206730827536	19.920622372700475	19.3219562851495	33.06803456548132	0.003180045841169287
148.0	30.270554962126646	19.64580604813547	20.167623973593184	29.915696158820797	3.188573238983225E-4
149.0	33.58818519881375	19.199721007403777	18.9655339958391	28.244636762640845	0.0019230353025358963
150.0	24.580258488156172	24.64653966800997	24.980249245293265	25.74489674912794	0.04805584941265008
