# Position (bp)	A	C	G	T	N
0.0	25.59697324143322	26.005231816138462	24.265068321477457	24.073059978739366	0.05966664221149509
1.0	28.24698910072835	18.3230946542545	18.422020963114203	35.00199373616041	0.005901545742543252
2.0	29.71600235915199	20.226782533164208	19.324739108166003	30.727495527523548	0.00498047199425319
3.0	32.82871706990975	19.446391798986053	19.725176337082896	27.99552533780429	0.004189456217015769
4.0	32.721277117945824	18.934063050299773	20.57568123731195	27.767989703372915	9.888910695357621E-4
5.0	33.56941969823366	18.904298908193596	20.215129844263437	27.30891873256269	0.0022328167466174253
6.0	27.881301816626024	19.187307961846923	18.04248627692402	34.88354256923154	0.0053613753714953005
7.0	27.957175618388995	21.5284863576549	19.08600286826863	31.4040092927104	0.024325862977073127
8.0	27.526012271648842	21.20713843430949	19.311272000340754	31.954850245658896	7.270480420223837E-4
9.0	32.385752418368085	18.83742011870634	19.525293334949602	29.249066143300368	0.0024679846756045865
10.0	29.9846179214359	21.4231578038049	21.84935971732875	26.730625453777513	0.012239103652940514
11.0	28.58846512301701	21.558745670727394	20.65417213901067	29.18193310062001	0.016683966624919007
12.0	29.591411833978043	20.20938753613418	19.940943246546933	30.256232663223475	0.0020247201173679854
13.0	29.78368698551477	20.13048096928801	19.88157024753511	30.202791274900637	0.0014705227614741914
14.0	29.813011325588846	20.24577442215244	20.08509632276642	29.851540502823692	0.004577426668600104
15.0	29.987776544209016	20.25977404089048	20.065311255768485	29.686523631161016	6.145279709999305E-4
16.0	30.025496445977506	20.19611879450362	20.17556184250522	29.599149321727385	0.0036735952862741368
17.0	29.942135659001394	20.2593118874903	20.2181560604748	29.578388103031205	0.0020082900023000038
18.0	29.90252779085192	20.249700038623484	20.225066607559132	29.61791224976616	0.0047933131993008644
19.0	29.852195429545418	20.2926211236111	20.111163641768773	29.743203638590316	8.161664843953739E-4
20.0	29.75027612127226	20.38647407433852	20.087470732684235	29.775221813839675	5.572578653099956E-4
21.0	29.715270275075518	20.35922871991402	20.124262378272405	29.79959622407553	0.0016424026625278354
22.0	29.712006609474926	20.23154987999388	20.118318615445602	29.937439957015698	6.849380698871059E-4
23.0	29.75695355558468	20.151271906538028	20.189680351704204	29.89925602742191	0.002838158751174606
24.0	29.770927818641045	20.175030986792837	20.21889589909799	29.832645951412427	0.0024993440556973483
25.0	29.796038767190623	20.16513794220172	20.26284392199064	29.77078307672942	0.005196291887591546
26.0	29.81957516846865	20.180904454392376	20.211259133265223	29.787128726578082	0.0011325172956737394
27.0	29.748635599612783	20.24071446592507	20.197300526584367	29.812427839155948	9.21568721835898E-4
28.0	29.745118368277446	20.22987850958125	20.25521593880069	29.76806993840307	0.0017172449375466876
29.0	29.71586237749073	20.23050074559362	20.226596747387664	29.825298235204258	0.0017418943237248827
30.0	29.70606604375485	20.226345012950915	20.218393690239292	29.848025146701634	0.0011701063533066647
31.0	29.752278191057542	20.194657496699303	20.228295537915546	29.82370241792795	0.001066356399656738
32.0	29.738337316436986	20.25744987531299	20.2405552392659	29.762348243732777	0.0013093252513484016
33.0	29.798220580914485	20.229247982785	20.237817123230965	29.731773939512674	0.0029403735568761698
34.0	29.691848730811927	20.276789142589678	20.246867062651333	29.782581664410106	0.0019133995369573118
35.0	29.68190815399627	20.28143118471294	20.20743591943361	29.826645544938224	0.002579196918952562
36.0	29.704532505718433	20.262968996518943	20.235610776863712	29.79509305090084	0.0017946699980707754
37.0	29.735709573411345	20.261664638435924	20.177377753642077	29.82491500772055	3.3302679010225347E-4
38.0	29.76690881980813	20.183291532266363	20.21021407723596	29.83874934151537	8.362291741800452E-4
39.0	29.74284086227592	20.254607977683307	20.188013142958958	29.813865304852044	6.727122297723244E-4
40.0	29.702386044759223	20.259872721387055	20.262475755673933	29.772817189030988	0.002448289148806683
41.0	29.713347541618983	20.230014779413633	20.190381697632635	29.865628232904417	6.277484303335131E-4
42.0	29.688990758691048	20.30501682743103	20.228657040829066	29.77517381053823	0.0021615625106296875
43.0	29.677039603089483	20.255206208054073	20.228908471225022	29.836233937039246	0.0026117805921774726
44.0	29.674927452434545	20.272228289426096	20.2460799142311	29.806100641814798	6.637020934669906E-4
45.0	29.643826728728218	20.27906645200628	20.266550206084887	29.806785716820848	0.003770896359764081
46.0	29.695004428203138	20.214584868466158	20.30569389696664	29.78395873144714	7.580749169217109E-4
47.0	29.705360042160528	20.27995701536545	20.2126454594191	29.801187925177754	8.495578771689385E-4
48.0	29.69909789422879	20.255604199831584	20.206206375774038	29.83349681116021	0.00559471900537862
49.0	29.70199092296612	20.26193133378319	20.247101336049518	29.780017126025015	0.008959281176155484
50.0	29.698803811020134	20.284486576089726	20.22949312805159	29.786344171075086	8.723137634607622E-4
51.0	29.699184522535504	20.257841298321168	20.24873417500424	29.790442694375386	0.0037973097637029113
52.0	29.67330170749977	20.25971324783785	20.309653954131313	29.756831456361688	4.996341693752264E-4
53.0	29.73593180376027	20.258894888534897	20.200896940597815	29.801789765310122	0.0024866017968969826
54.0	29.659729066043173	20.266678897475458	20.258878145409973	29.81376540781587	9.484832555260268E-4
55.0	29.62829465374807	20.29237195557589	20.25818737017146	29.818615522766724	0.002530497737853163
56.0	29.642920617417563	20.28963812249444	20.234176892850062	29.832447047873966	8.173193639704733E-4
57.0	29.670821761782047	20.281665891524483	20.292492555448472	29.748328962700143	0.006690828544858283
58.0	29.673749736643384	20.281575081873164	20.242102764313067	29.79950671785272	0.003065699317668953
59.0	29.689815063104852	20.28558579522011	20.242481291816738	29.781390980555727	7.268693025729423E-4
60.0	29.700738456645382	20.246649537750123	20.249468898366928	29.7989805515764	0.004162555661173981
61.0	29.695033039725853	20.28957350431233	20.286239865041303	29.728066198736506	0.0010873921840026724
62.0	29.715243618378906	20.26970361486488	20.25014943885109	29.76279925056133	0.0021040773437926304
63.0	29.730928417175	20.28238496696814	20.212425199266228	29.771116874015075	0.0031445425755545703
64.0	29.69710838355062	20.253846422572195	20.248754983811885	29.798585287654916	0.0017049224103808118
65.0	29.63440458999895	20.280970937817848	20.256816452917594	29.819103208930525	0.008704810335080257
66.0	29.627072923546212	20.291327336504512	20.246332375690194	29.813039338139042	0.022228026120039462
67.0	29.66689195561899	20.258289152826137	20.279083701433564	29.7933929416332	0.0023422484881050172
68.0	29.644607213364	20.35863673642456	20.218679272654892	29.77339466689165	0.0046821106649010845
69.0	29.64248479191191	20.311991987551647	20.24007164565229	29.80184799301809	0.0036035818660608357
70.0	29.65542711600559	20.253676736325723	20.2355307822503	29.854975510936292	3.8985448208905143E-4
71.0	29.618107790470855	20.302035249053937	20.24643814397851	29.820850374473473	0.012568442023227152
72.0	29.664471764398204	20.251330711517664	20.276674679274755	29.800730186992418	0.006792657816956416
73.0	29.637809628307355	20.318544169853244	20.2667139337077	29.77139303794048	0.005539230191229441
74.0	29.67848400801025	20.273265774758066	20.250669669899356	29.795029726393786	0.0025508209385436964
75.0	29.638494276317033	20.322351550897352	20.28060619806686	29.753071184957875	0.005476789760881927
76.0	29.613593556578554	20.307238873064325	20.242998518004136	29.835283885930036	8.851664229501804E-4
77.0	29.641845954388224	20.32119319634292	20.236927014938647	29.798561473597758	0.001472360732454914
78.0	29.618103350755675	20.293836575704095	20.25874829438918	29.827185459336135	0.0021263198149180755
79.0	29.667515681737548	20.3072373914801	20.279429153190687	29.74331164114174	0.002506132449922648
80.0	29.72192718053115	20.272594056307124	20.226407147773998	29.77848442550216	5.871898855657404E-4
81.0	29.61438224786378	20.321761741484913	20.285143035045454	29.760703907870962	0.01800906773489298
82.0	29.599548272955733	20.29593057291875	20.294090721094076	29.80665782797272	0.0037726050587200523
83.0	29.662264652722463	20.32400302631248	20.20804390359334	29.800603946848582	0.005084470523136355
84.0	29.65844975762223	20.315869696761425	20.25889536042876	29.762942942246017	0.0038422429415725084
85.0	29.639068926416563	20.315905905786437	20.2774308329592	29.765843711907813	0.001750622929992589
86.0	29.603028865820775	20.338271576007692	20.246604777738327	29.81150180414564	5.929762875710846E-4
87.0	29.621063611822567	20.315022372407626	20.266089337053064	29.79759182961083	2.3284910591560304E-4
88.0	29.638350996045027	20.324624933877548	20.254259446644447	29.778723735791207	0.004040887641768064
89.0	29.563552407669775	20.3374745761154	20.275420766110766	29.822963430310658	5.88819793405087E-4
90.0	29.626548654007202	20.33229714500955	20.245424278305695	29.79554282074463	1.8710193292745234E-4
91.0	29.586728415401147	20.33456078251441	20.28440652401418	29.794077606126674	2.2667194358951345E-4
92.0	29.579223320584582	20.36750707698755	20.29871414633167	29.75425806246022	2.9739363597858297E-4
93.0	29.58806666244994	20.369158276542766	20.30681808021337	29.735164275110183	7.927056837370075E-4
94.0	29.619219696812383	20.317577924447285	20.30346311030883	29.75942187181728	3.173966142245172E-4
95.0	29.653386463626514	20.35523585674365	20.243268362995405	29.7478327869481	2.765296863350797E-4
96.0	29.620087738182715	20.343199959506546	20.280059175626004	29.756469747510423	1.833791743065105E-4
97.0	29.584024478520583	20.37592520878962	20.22786047969957	29.81136291238097	8.269206092525526E-4
98.0	29.569840691612853	20.405779535950945	20.27447115734164	29.74862987520629	0.0012787398882753867
99.0	29.602131194162702	20.380500685977808	20.262636597221174	29.75445673716711	2.747854712069505E-4
100.0	29.58694149351163	20.32319517217099	20.29062328749527	29.797423606600088	0.0018164402220244976
101.0	29.596849543852127	20.35221287597518	20.30428835638767	29.743665661695072	0.0029835620899498457
102.0	29.58223487202497	20.32983014695871	20.307408453250957	29.780108378066377	4.1814969898606937E-4
103.0	29.610555221090117	20.326455199836747	20.33239725348839	29.73036582051145	2.2650507329026774E-4
104.0	29.5546848132389	20.413648175311934	20.28995723388512	29.741503947825006	2.0582973904035684E-4
105.0	29.58823397408184	20.371612225856325	20.316806090912966	29.723154145604667	1.9356354419954402E-4
106.0	29.60434567778253	20.353015105216606	20.298233156901617	29.743868752234253	5.373078649973904E-4
107.0	29.58821045083755	20.335616522376807	20.314065900877313	29.761577122523576	5.300033847554869E-4
108.0	29.537722848768816	20.37840928030813	20.353255452214867	29.730383221773334	2.2919693485299897E-4
109.0	29.633411306561904	20.34512279387798	20.282464354839888	29.73878252683935	2.1901788087746294E-4
110.0	29.52816338058732	20.394770832669572	20.317237902270964	29.759386573645518	4.413108266246912E-4
111.0	29.584271838511977	20.35276304982561	20.28178713991365	29.780828315459818	3.4965628894715104E-4
112.0	29.57805521644833	20.318814187791087	20.264126228188346	29.838537023084417	4.673444878221385E-4
113.0	29.555886896171803	20.337149501170938	20.33871131445438	29.767792420958312	4.598672445693963E-4
114.0	29.562711450458167	20.410706392607565	20.301159638714022	29.72506591505156	3.566031686887806E-4
115.0	29.60805931880045	20.34978912669299	20.37657568588295	29.65562900423691	0.009946864386700605
116.0	29.54591148655193	20.42256454447963	20.32948524560242	29.70171310316662	3.2562019939669787E-4
117.0	29.493563115361976	20.37234799428253	20.343006463287853	29.78773436797124	0.003348059096398291
118.0	29.505204993168093	20.41224163589033	20.333700444665496	29.747743618443096	0.001109307832989554
119.0	29.564822849994055	20.41597103224073	20.273947077454395	29.74502777398452	2.3126632630136865E-4
120.0	29.534997297971028	20.38794524768275	20.343536712031415	29.733083524371445	4.372179433625668E-4
121.0	29.562115303113213	20.440496292099407	20.346126813882403	29.650902897878744	3.586930262348301E-4
122.0	29.499431468837095	20.432078799138555	20.336654553573595	29.731617588612576	2.1758983818154578E-4
123.0	29.50258255300656	20.407499926917595	20.350309743609106	29.739325020470307	2.827559964253408E-4
124.0	29.504762737908873	20.37156676984133	20.328549975674946	29.794758805755016	3.617108198356587E-4
125.0	29.475303397023012	20.41465659156192	20.30695852390733	29.80230009327026	7.813942374839338E-4
126.0	29.52106236766176	20.42617859539129	20.341263871841054	29.71103711328919	4.580518167076017E-4
127.0	29.57180902304305	20.39881396682951	20.337691050771024	29.683773126795643	0.007912832560770059
128.0	29.59612782595389	20.3329246539369	20.407677571830103	29.661975887192927	0.0012940610861874495
129.0	29.50425622531439	20.32126070268895	20.491853133705735	29.680389563368596	0.0022403749223259294
130.0	29.47780199253368	20.2691049304002	20.543127391166752	29.709474887193554	4.907987058183459E-4
131.0	29.388786752136987	20.33642633563784	20.506310355572648	29.767314185108262	0.0011623715442693988
132.0	29.304344597670678	20.44846049799001	20.454756506115107	29.79028486167597	0.002153536548235721
133.0	29.267878919071627	20.446458750198925	20.476390521445257	29.809031034291404	2.407749927882157E-4
134.0	29.240037297326666	20.446112387615443	20.398837487833955	29.91435498548125	6.578417426899406E-4
135.0	29.35159880653507	20.326792086042524	20.44943037768182	29.86901061040776	0.003168119332833295
136.0	29.483414000314756	20.326174018155594	20.486311862826884	29.702873132961777	0.0012269857409903477
137.0	29.845996101409984	20.176423938484568	20.383306148623646	29.59376281342153	5.109980602745904E-4
138.0	29.85462638269056	20.210741917151925	20.512336169067108	29.42112557649396	0.0011699545964393109
139.0	28.83783368781765	20.953693983067783	21.755790225588616	28.445770565713463	0.006911537812485419
140.0	26.584956839675105	21.996436976235458	21.563260948908365	29.83707048948525	0.018274745695822034
141.0	29.00355574137809	19.773212189402916	19.171437076198732	32.05129298936577	5.020036544923317E-4
142.0	31.5451068121508	19.5597948169989	21.433344656240283	27.460960937580236	7.927770297801604E-4
143.0	31.13009891947927	19.350631115815727	21.67324776233757	27.835405449583007	0.010616752784420442
144.0	34.207292777492796	18.462229118682583	19.417537098063946	27.908511935281865	0.004429070478814291
145.0	27.025451121852733	20.593646044508375	19.15577042001698	33.224916144747795	2.162688741150548E-4
146.0	27.513524462237427	20.80901770706741	19.19499362854979	32.482280262537	1.8393960836691906E-4
147.0	27.61415662216032	20.025661404958388	19.727857600478533	32.62866869331017	0.003655679092596109
148.0	30.21526940936371	19.656511939268263	20.521193295120437	29.60673576296859	2.8959327900138026E-4
149.0	34.17808924300868	18.936436274739364	18.95981444475994	27.923684069608605	0.00197596788340841
150.0	23.353275778801756	24.785919144314946	26.249638373063384	25.56109508603272	0.0500716177871939
