# Position (bp)	A	C	G	T	N
0.0	22.73558147464205	28.522586155277267	26.932937655893586	21.80702252356382	0.0018721906232760576
1.0	27.259039226982257	18.748523468774646	18.55692544510921	35.40411301110193	0.031398848031955424
2.0	29.09678068203326	20.99326645987474	19.501402853855335	30.40550910172215	0.003040902514525457
3.0	34.19116571954085	19.32089252968505	20.138554198775182	26.348565590840696	8.21961158225468E-4
4.0	33.37655735061284	18.85494434263465	21.510665202793643	26.256444549497704	0.0013885544611572402
5.0	34.66751521617145	19.024155470396124	20.698135128201372	25.60657194346972	0.00362224176132923
6.0	26.22134339709099	19.747003477132548	17.52253243889133	36.506665907153625	0.0024547797315131875
7.0	26.607170707901602	23.109688146968637	19.318326176586748	30.963242748291307	0.0015722202517061733
8.0	25.96056187211947	22.6459669307155	19.246333634075544	32.14638348197895	7.540811105352515E-4
9.0	33.2471591644957	18.907495943906206	19.859922496622865	27.983632768685307	0.0017896262899241685
10.0	28.870174610761644	23.1866852254689	23.293482525354552	24.648920348007348	7.372904075537442E-4
11.0	27.244608500550292	23.192357874795004	21.2485533108386	28.31342974425844	0.0010505695576616078
12.0	28.72642759557596	21.073627290396164	20.36106569060956	29.837688294383153	0.001191129035165107
13.0	28.913282038789706	20.972961880002725	20.295595055609123	29.817675390603277	4.8563499517106495E-4
14.0	28.937223734056257	21.097749661266185	20.657117763180867	29.3074390846757	4.6975682098647996E-4
15.0	29.26533152236689	21.14542271343835	20.525957620505284	29.06274034616421	5.477975252698998E-4
16.0	29.260034906744544	21.10299680112778	20.588486094019775	29.047903287508127	5.789105997748506E-4
17.0	29.206479595754907	21.182467259566558	20.665008015112736	28.94551334337575	5.317861900444307E-4
18.0	29.071067557372753	21.201280552873623	20.69823748079757	29.02871080847604	7.03600480011883E-4
19.0	28.960933017154883	21.176625240537426	20.56649524442792	29.29355499587114	0.0023915020086272263
20.0	28.951476060399084	21.14096083429005	20.54855527016872	29.358507796154733	5.000389874148001E-4
21.0	28.992207758122113	21.136241282978144	20.64686324692055	29.224265901700708	4.218102784853949E-4
22.0	29.036454570913723	20.99783721965817	20.56656191960305	29.398302857034864	8.43432790199061E-4
23.0	29.015062623774202	20.865883027540843	20.71826750312861	29.399927980239227	8.588653171133755E-4
24.0	28.98671801766976	20.976155132154727	20.714456115063882	29.30569979897169	0.016970936139944184
25.0	29.06455383378143	20.868543399072664	20.725528197814906	29.33327318432196	0.00810138500903484
26.0	29.154024255013983	20.87615209755694	20.592367965776724	29.37658168333636	8.739983159925304E-4
27.0	29.08155160365814	20.90501266641345	20.642227890577917	29.369756593260664	0.0014512460898280758
28.0	29.053235123773003	20.905495766054543	20.7337725802103	29.307153270822724	3.432591394306142E-4
29.0	29.059025162511396	20.947823498614355	20.65167740715618	29.340194682942872	0.0012792487751973006
30.0	28.912329912748692	20.96967378247914	20.675666127250512	29.441249151825673	0.0010810256959807934
31.0	28.887476838297417	20.957246541201478	20.63574370264417	29.51882496973915	7.079481177862053E-4
32.0	29.00131237452571	20.882871284594405	20.723477662930524	29.388910008649095	0.0034286693002638967
33.0	29.19282332614172	20.82300435193711	20.682387927742006	29.300102455455995	0.001681938723164152
34.0	28.991955690570144	21.037482482494447	20.750988110802258	29.21909569437838	4.780217547700596E-4
35.0	28.934888439855055	21.09915733309766	20.72325293471681	29.242188964686694	5.123276437747469E-4
36.0	29.036959417624193	20.955906304979983	20.71956627454147	29.286409788711175	0.0011582141431781107
37.0	29.013266854940937	20.969156174494792	20.57409052713618	29.44022157165432	0.003264871773777358
38.0	29.057230587956752	20.73922524769317	20.64453730463	29.55551553614632	0.003491323573757783
39.0	29.050646873845565	20.88287739093998	20.66791633651799	29.39731930152506	0.0012400971714036201
40.0	29.000201684640647	20.860045616802463	20.79778573220543	29.340114091197535	0.0018528751539280135
41.0	28.988544322944502	20.835609946751962	20.6621534247406	29.513148554710234	5.437508527002009E-4
42.0	28.852691877215936	21.159106576383518	20.659001176864695	29.328455204045355	7.451654904919367E-4
43.0	28.963323956873722	20.85352134851919	20.644044771998242	29.537545422514057	0.0015645000947854045
44.0	28.953275002296024	20.90303311245205	20.75858006755417	29.382385025999035	0.0027267916987092572
45.0	29.016252301638684	20.881626407257624	20.790418456830086	29.30126033109966	0.010442503173949232
46.0	29.057177428433974	20.864421374485566	20.831931702042993	29.245641194335235	8.283007022299547E-4
47.0	29.065500470848672	20.948823795886508	20.637309226425028	29.34766983431768	6.966725221142549E-4
48.0	28.89835954017523	20.859095224284314	20.654281145455744	29.58744421886599	8.198712187283182E-4
49.0	28.97992114330532	20.844244635691272	20.771376709322904	29.396525140808166	0.007932370872334157
50.0	28.980546061003338	20.872410424301897	20.685030288288154	29.45968262769998	0.0023305987066385638
51.0	29.09602774404033	20.766619679149656	20.665054442923704	29.471222083878445	0.0010760500078621073
52.0	29.022550644194432	20.867826714559534	20.75898933578661	29.350074896589657	5.584088697664874E-4
53.0	29.09682546617976	20.815779263816147	20.609297958296988	29.47734276967113	7.545420359755114E-4
54.0	28.904591569638953	20.83106971120975	20.815948509573555	29.447702080215066	6.88129362673993E-4
55.0	28.941530603099046	20.958483861835912	20.64263357657497	29.45181446191773	0.005537496572342867
56.0	28.982451517725394	20.802133195090526	20.774534617649024	29.438738477236885	0.00214219229817603
57.0	29.024334225635563	20.79550835637714	20.77670697918973	29.403216992853505	2.3344594406527435E-4
58.0	28.991149956491334	20.88453828337951	20.690524143470025	29.43264954488871	0.001138071770418769
59.0	29.034428262743067	20.91642797662404	20.71405420664956	29.334489685627176	5.998683561625658E-4
60.0	29.06422031771811	20.951819215983203	20.677994930263694	29.30453898685746	0.0014265491775395317
61.0	29.024486753595713	20.92672378095352	20.680696782030164	29.365276844788397	0.0028158386322017833
62.0	29.01354015341469	20.85492211184236	20.689849339607036	29.44129942204155	3.889730943606125E-4
63.0	29.17335642550482	20.80015790750929	20.596958230183372	29.42900555173875	5.218850637613077E-4
64.0	29.04153279117825	20.788549762663333	20.709743934521192	29.4589354291194	0.0012380825178246364
65.0	29.009972353255193	20.84110608883629	20.702334196479775	29.44577538818458	8.11973244159788E-4
66.0	28.88512579078446	20.980199188623157	20.698682867082816	29.434775525474006	0.0012166280355582356
67.0	28.89952925991452	20.92898630497741	20.731396426846192	29.439284174972308	8.038332895690765E-4
68.0	28.937494952306402	20.91139709942901	20.678475555092092	29.472092687508688	5.397056638061624E-4
69.0	29.06319236759111	20.8880828168477	20.67640800543186	29.370316947207307	0.00199986292201719
70.0	29.101339262314387	20.762399265866136	20.691442380583943	29.44440837056549	4.1072067004578947E-4
71.0	28.906471845822274	20.84011956778559	20.81680743607737	29.435537029340768	0.001064120974001751
72.0	28.963959134892182	20.73943927608565	20.811604388274112	29.48460014373464	3.9705701341655647E-4
73.0	28.970635923906222	20.805757145769313	20.747462303902573	29.47564449908947	5.001273324188338E-4
74.0	28.989436882398365	20.773250855392757	20.715626518485962	29.521222006931858	4.6373679106238066E-4
75.0	28.994804616348713	20.818211965475733	20.758329316772915	29.42737394976766	0.0012801516349771563
76.0	28.954517279959557	20.854163687975454	20.669870611798935	29.521079711210678	3.6870905537149693E-4
77.0	28.972164107304266	20.869330336482793	20.722833246290023	29.43499083205763	6.814778652891727E-4
78.0	28.94310338292389	20.85958681152436	20.751955707968158	29.444812609833498	5.414877500892414E-4
79.0	28.999594833103377	20.807263010446754	20.730598460281776	29.462060604482126	4.8309168597108045E-4
80.0	29.07164374279899	20.77858378677519	20.744493547007878	29.4047280556529	5.508677650404909E-4
81.0	28.95160524945514	20.74379536393321	20.898339473771962	29.401728328982728	0.004531583856959273
82.0	28.942359641072812	20.794074099635615	20.805504901765197	29.455559521588583	0.0025018359377948687
83.0	29.085847615150552	20.787085203355375	20.627630908798064	29.498957430970613	4.788417253973298E-4
84.0	29.04263430598297	20.79523789544256	20.733971798264296	29.427518955914987	6.370443951845595E-4
85.0	29.080528147676933	20.756909935063955	20.75917236043719	29.402480150544445	9.094062774762689E-4
86.0	28.967692987621923	20.85641011741468	20.741497532739448	29.43195774980103	0.002441612422924008
87.0	29.05382062476513	20.803701902965095	20.748158878840865	29.393504113238084	8.14480190823659E-4
88.0	29.017925512048098	20.838070603961434	20.77436602861517	29.36892926483503	7.085905402705718E-4
89.0	28.949922866920375	20.859196439172976	20.69347235614184	29.49096325563968	0.006445082125130692
90.0	29.001587672192386	20.817230912911512	20.67872986224609	29.499019378939995	0.0034321737100163436
91.0	28.95606850545966	20.815445426868052	20.78192957375152	29.445730398949582	8.26094971182267E-4
92.0	28.93055086831105	20.860516036581668	20.82760322664873	29.38066158805382	6.682804047297068E-4
93.0	29.09486015442856	20.738573681870214	20.819515181419522	29.346181941427613	8.690408540933513E-4
94.0	29.03474816702845	20.754363002384682	20.786705966788368	29.423621014718982	5.618490795202102E-4
95.0	29.086300615963225	20.75729802938249	20.68522879940822	29.466845929089814	0.0043266261562599365
96.0	28.95899716902498	20.77590242022082	20.877351949518033	29.387272877457075	4.755837790888315E-4
97.0	28.963963164711938	20.881010258217092	20.70197940245315	29.452286743402627	7.604312151944295E-4
98.0	28.915447038410008	20.82487112191079	20.834550779173895	29.42441214696852	7.189135367824408E-4
99.0	28.912105388603297	20.82139433610155	20.808097944705747	29.45743957817914	9.627524102636693E-4
100.0	28.885391783643254	20.70147968701201	20.79746836778621	29.614288517865134	0.00137164369339332
101.0	28.979956457315865	20.82720401405776	20.77186629079452	29.417710211133873	0.0032630266979774584
102.0	28.888885874614946	20.73132917273101	20.863960240520978	29.514603931185935	0.0012207809471361157
103.0	28.944730840885775	20.783909984200317	20.859934609460314	29.410873861902274	5.507035513219914E-4
104.0	28.907215641695274	20.816210248325387	20.87679514560365	29.3991079733583	6.709910173873343E-4
105.0	29.015709553564278	20.77252409701159	20.847230085927503	29.357607999986367	0.006928263510255818
106.0	28.956599596209553	20.703566046168998	20.8414907525524	29.497477968836517	8.656362325318214E-4
107.0	28.972632615173776	20.714751061194185	20.829355046784652	29.482586618114702	6.746587326799704E-4
108.0	28.889628611516766	20.774155523103207	20.879774790252842	29.456083144823374	3.5793030381124185E-4
109.0	28.996319995822727	20.77201763924787	20.85049322742013	29.380653050469064	5.160870402043948E-4
110.0	28.85273649740943	20.791117936049584	20.917601850151797	29.430785294483115	0.007758421906074258
111.0	28.911890044580268	20.800523777191884	20.83299216853583	29.453775214178012	8.187955140083315E-4
112.0	28.918926812891314	20.71750154142823	20.826468721925707	29.53424634671078	0.00285657704396914
113.0	28.880882973067123	20.731742452219873	20.930635330970844	29.45441473437733	0.002324509364826179
114.0	28.943449173693043	20.803146906774693	20.836729149687585	29.416206957505597	4.6781233908508603E-4
115.0	28.978348684194817	20.771849434538602	20.90090378985871	29.348045234182653	8.528572252187835E-4
116.0	28.819757209150183	20.836973173462837	20.911810030161416	29.430657514670084	8.02072555483369E-4
117.0	28.8734336595201	20.720810078239868	21.027504369751437	29.37753831805511	7.135744334843375E-4
118.0	28.912174373391263	20.78424213658519	20.897825809160445	29.40411471549316	0.0016429653699410358
119.0	28.91085501422075	20.83647095043519	20.82371473664404	29.42824854191987	7.107567801520794E-4
120.0	28.817706599749364	20.805615163149266	20.90623653077158	29.468025873189468	0.002415833140322326
121.0	28.80794845327151	20.933361615349106	20.942137435642344	29.313010684856355	0.003541810880679146
122.0	28.86251055656601	20.829575283425353	20.945601494838044	29.361544547394686	7.681177759028516E-4
123.0	28.85279123655295	20.801503151037327	20.944575255469566	29.399924576344834	0.0012057805953313008
124.0	28.789422450452516	20.749926585224067	20.91884478104418	29.54090722683924	8.989564399955139E-4
125.0	28.802753052513154	20.754354036376473	20.9065660743633	29.53262080451783	0.003706032229244565
126.0	28.85326077801195	20.782255270345516	21.000476690646895	29.340514197595784	0.023493063399856035
127.0	28.84834083959692	20.835435840274744	21.00597425778367	29.309778351835398	4.707105092711142E-4
128.0	28.883547557965926	20.772973233822746	21.03219730666286	29.310550731730384	7.311698180898237E-4
129.0	28.937582611843922	20.706585990649376	21.02434135542586	29.330782121153586	7.079209272550568E-4
130.0	28.742586376267997	20.794341218434642	21.095929270483666	29.365199438954814	0.0019436958588771743
131.0	28.732234261310147	20.845917483713315	21.027315242061523	29.39157900840633	0.0029540045086861406
132.0	28.74744616959719	20.821430693499217	20.969918505957793	29.458119466700794	0.0030851642450031766
133.0	28.964065893738518	20.723284311088637	20.84234345694685	29.469529345808244	7.769924177493758E-4
134.0	29.027893252473874	20.802186515983163	20.924579243648054	29.24452587239304	8.151155018666146E-4
135.0	28.876912871724976	20.816532624012833	20.877520106398077	29.426460250880325	0.0025741469837927745
136.0	28.79322389345857	20.846190636211652	20.832734913904293	29.52631674351999	0.0015338129055017871
137.0	28.423991977826617	21.078763425752005	20.8008566450632	29.694539183524967	0.0018487678332145192
138.0	28.62280117979232	21.079612353953447	21.105681196173943	29.190093839956212	0.0018114301240829635
139.0	28.303129870676948	21.496440456632545	22.14954294620666	28.049791482370782	0.0010952441130628922
140.0	26.97687665189448	22.42730757300081	22.290076751302923	28.304287805594807	0.0014512182069836247
141.0	28.43578309007222	21.090144857258128	20.549273750474857	29.922147935609832	0.0026503665849633906
142.0	29.52065701236827	21.018673501972795	22.688958565957346	26.766138659271277	0.005572260430307095
143.0	29.914886032740135	20.202380263852117	22.235035415956006	27.64533761716302	0.0023606702887217796
144.0	32.5313964363825	19.408316694074838	20.298150126966068	27.76142278154458	7.13961032006873E-4
145.0	26.688258332283738	21.19317943273896	19.755774271131344	32.36122856577361	0.0015593980723440752
146.0	27.037844868616578	21.52781898795344	19.806639837328465	31.62491083463625	0.0027854714652669876
147.0	27.12703941338222	20.73926061717079	20.304063550259702	31.827436602505347	0.0021998166819431715
148.0	29.56629650920377	20.30541074649107	21.186313137917168	28.938402212556408	0.0035773938315861674
149.0	32.03980868111318	19.97672677255902	20.19986569304507	27.706727432880783	0.07687142040194908
150.0	23.521939711113564	25.315788920590382	26.053111387842385	25.106795504342756	0.002364476110909693
