# Position (bp)	A	C	G	T	N
0.0	26.45597163838444	24.531234009013392	25.090414148203056	23.9104846073827	0.011895597016420532
1.0	28.51361740517053	19.058322520430306	19.11075416443813	33.2962415639655	0.02106434599553687
2.0	29.515958161281596	20.374326362718737	19.034466780709653	31.068734881207956	0.006513814082054381
3.0	32.10725254499142	19.515235300780333	19.871053300667057	28.50606729625314	3.9155730805862457E-4
4.0	32.04900658477817	19.2490121026937	20.531550009290097	28.169794516233353	6.367870046789113E-4
5.0	32.986181962355595	19.134917506691426	20.08339771959853	27.793387522838735	0.002115288515710913
6.0	28.36296507024518	19.270371464387008	18.301588275381505	34.05416771929151	0.010907470694792644
7.0	28.417071708791248	21.389393442548887	19.204162606467904	30.98591437227085	0.003457869921110262
8.0	27.932263038617677	21.12322940833866	19.221908765405146	31.718298653964517	0.004300133673997159
9.0	32.007376148930575	19.174036095770123	19.60025061028707	29.21628821475374	0.0020489302584930143
10.0	29.71335764017531	21.442853867012097	21.52672764432138	27.316615627176677	4.45221314538663E-4
11.0	28.75637876889259	21.37541241439774	20.440216464157547	29.42757088964146	4.214629106689733E-4
12.0	29.62709980247693	20.194513492646333	19.9799491944947	30.19754933748382	8.881728982129068E-4
13.0	29.75744592317067	20.18228477229103	19.91430405484231	30.13881363559112	0.007151614104865938
14.0	29.76500370006639	20.280197034743736	20.074358272798325	29.880224194248562	2.1679814299436335E-4
15.0	29.927756574020943	20.31408925096383	20.011907678292225	29.745395133617887	8.513631051231831E-4
16.0	29.96236044061525	20.24605241212287	20.084733020726294	29.70354039185379	0.0033137346817986774
17.0	29.930095927805695	20.25983628293093	20.131935402513037	29.673570101054995	0.00456228569534507
18.0	29.924957205533985	20.217399030591487	20.160827424976123	29.69156464950613	0.0052516893922757235
19.0	29.87480101709121	20.231851608208565	20.04632698464173	29.84658098239612	4.3940766237069085E-4
20.0	29.78468825387905	20.3269066355917	20.034841227459918	29.85301328628318	5.505967861491013E-4
21.0	29.73852531454045	20.335060933709656	20.03848118671849	29.88731086655278	6.216984786305632E-4
22.0	29.715579548906202	20.231500241502385	20.03400524198535	30.015452102414987	0.003462865191075243
23.0	29.770085176593625	20.151829689757818	20.10063237427207	29.97678460517765	6.681541988352267E-4
24.0	29.784722034243078	20.19675384326819	20.114817189927102	29.901258988892987	0.002447943668648611
25.0	29.796720665748754	20.161689483387544	20.176441574655833	29.863475094124258	0.001673182083614864
26.0	29.82053365625245	20.172935304102715	20.148664987211397	29.85514343373263	0.002722618700800431
27.0	29.759494677398262	20.22314360435174	20.136204361890208	29.87537417863882	0.0057831777209709015
28.0	29.756583208800798	20.212359619721152	20.187852749657946	29.842941460935577	2.629608845277624E-4
29.0	29.72830552477639	20.225734621720235	20.145578351703815	29.899912592946933	4.6890885262862496E-4
30.0	29.697759510426625	20.21713769506786	20.151928115584358	29.932960524834424	2.141540867343903E-4
31.0	29.73781573844893	20.195685983094002	20.135013897461892	29.9313045896561	1.797913390752694E-4
32.0	29.731496080498953	20.240480559972443	20.164927702474955	29.862516449179566	5.79207874083401E-4
33.0	29.80119699098297	20.20508728105101	20.16726135607667	29.812627538103126	0.013826833786223083
34.0	29.704992940387914	20.271105535766274	20.16957241292903	29.854178487601562	1.506233152225913E-4
35.0	29.681757614329175	20.262336790438525	20.152849298552013	29.902739428692364	3.1686798791975775E-4
36.0	29.73026547716262	20.22122223161294	20.18734693498681	29.860768916878683	3.964393589420288E-4
37.0	29.765208093437895	20.238236153170273	20.111091870496793	29.884812129165805	6.517537292305718E-4
38.0	29.77534059415926	20.15729282983592	20.15316579885717	29.912964598306203	0.0012361788414471226
39.0	29.745142551507115	20.241132256508035	20.13678571088165	29.87590760525652	0.0010318758466872848
40.0	29.690238767739597	20.243799250180295	20.20409369724395	29.848797332233033	0.013070952603123218
41.0	29.708092701362997	20.20100994929014	20.140164936885586	29.950474541740856	2.578707204239683E-4
42.0	29.674520858538372	20.285817947153248	20.171967438697642	29.867431963257516	2.617923532217424E-4
43.0	29.70104065262582	20.20874917913056	20.15299172092276	29.936386526762764	8.319205580973843E-4
44.0	29.679308999320043	20.236881277024025	20.189489191044608	29.892909576907478	0.0014109557038434774
45.0	29.674816907382457	20.242024263081603	20.19692436328569	29.877760872547306	0.008473593702950049
46.0	29.721213915619714	20.189224602982204	20.24384592018927	29.84534011612286	3.754450859544819E-4
47.0	29.722910479934043	20.241445396286572	20.166633845060918	29.868719646434272	2.9063228419047213E-4
48.0	29.71169399621281	20.2081203055112	20.156917871464135	29.923131043817964	1.3678299389242187E-4
49.0	29.71134486479859	20.217762538326962	20.206040718489877	29.863499495814217	0.001352382570355736
50.0	29.716759528113197	20.250076331393355	20.17367350985487	29.85438228404289	0.0051083465956937475
51.0	29.728942729148937	20.21842543777831	20.18508211051617	29.86737068473473	1.7903782184559586E-4
52.0	29.69690456127755	20.229969135040204	20.237678420463933	29.83535680364879	9.107956952660609E-5
53.0	29.7392709801431	20.230462381712037	20.129828187915265	29.90027437466151	1.640755680863713E-4
54.0	29.70288118532477	20.21982914805455	20.17865464543825	29.898508944985746	1.2607619668515647E-4
55.0	29.664605464758427	20.243055143308	20.184327356746948	29.90633438229456	0.0016776528920695564
56.0	29.685879943691486	20.23531120573422	20.17706172658502	29.901455688226513	2.9143576276341324E-4
57.0	29.712911745740055	20.224303891324762	20.223601896860238	29.839045057422148	1.3740865279231328E-4
58.0	29.717106524243647	20.243020905936167	20.169447973061278	29.870261269355474	1.6332740343121062E-4
59.0	29.718881249119715	20.24389265985789	20.17235183604968	29.864663494069692	2.1076090301516264E-4
60.0	29.726538227079107	20.214445449673715	20.168936430120063	29.88664448057539	0.003435412551723764
61.0	29.725489689015312	20.2469123396558	20.19485359707871	29.832115070692755	6.2930355742219E-4
62.0	29.729588991254115	20.223941048243503	20.171368833926316	29.87473353389965	3.675926764137742E-4
63.0	29.749830089773504	20.24685386088204	20.121330085620805	29.881776710691177	2.092530324701382E-4
64.0	29.732199234239676	20.209645993039288	20.161342492611006	29.89556268532805	0.0012495947819802814
65.0	29.697336179835737	20.205914579780895	20.16887504760059	29.927657781384536	2.1641139824118562E-4
66.0	29.689706919325133	20.230371526130877	20.184750998176675	29.89485982920802	3.1072715929018093E-4
67.0	29.707492854032193	20.20306669777681	20.209923821724594	29.87935377520102	1.6285126538436907E-4
68.0	29.68385772145697	20.300174998833693	20.15119635338926	29.864557782764738	2.131435553381749E-4
69.0	29.69117154211692	20.269391545127377	20.16991468882582	29.869056696673496	4.6552725638846106E-4
70.0	29.702342045416298	20.2019307916163	20.153953909559753	29.941691051386904	8.220202074827016E-5
71.0	29.64751875917453	20.265097574698654	20.180578433130865	29.9058265872359	9.786457600533154E-4
72.0	29.70546840241164	20.204881169666034	20.20491036343912	29.884604313438363	1.357510448451387E-4
73.0	29.686314082647986	20.266088767835882	20.183076654832096	29.864434967185367	8.552749866979155E-5
74.0	29.735301496170624	20.224095906380523	20.16086259905434	29.879647737237647	9.226115686162077E-5
75.0	29.685178017185176	20.249505232805696	20.200056381385753	29.864983888623005	2.7648000037548475E-4
76.0	29.6726515812867	20.235126604047874	20.178115419423506	29.913498916473102	6.07478768819033E-4
77.0	29.69745097108463	20.255248383713145	20.180573222137433	29.8665729227305	1.5450033429458048E-4
78.0	29.688310493689414	20.238930946500506	20.190124319311042	29.882007097300722	6.271431983184427E-4
79.0	29.726859758307768	20.261031966893547	20.191614389746864	29.82000158274822	4.923023036101672E-4
80.0	29.75022973206749	20.219857579093294	20.162333717754827	29.86748359825822	9.537282616587938E-5
81.0	29.672199238864295	20.263939065124667	20.22164354483663	29.841596081995025	6.220691793803351E-4
82.0	29.662184805523285	20.227729989619245	20.22185399205239	29.88783438641045	3.9682639463097305E-4
83.0	29.705482401469464	20.251263358491357	20.14318217675543	29.89998068501032	9.13782734307024E-5
84.0	29.7102084481474	20.245831002452835	20.177458755906223	29.866266668562545	2.351249309906467E-4
85.0	29.717749833568014	20.229290062109765	20.180929383645633	29.871872710908008	1.58009768581278E-4
86.0	29.67808005491174	20.25313058181206	20.17018003108092	29.896928729429444	0.001680602765839123
87.0	29.689188525684727	20.229654731490797	20.19812196744793	29.88292259107299	1.121843035536734E-4
88.0	29.696803527508468	20.259066208176886	20.188310952836062	29.855709187150538	1.1012432804401192E-4
89.0	29.639654333811617	20.258558873230854	20.198705565950846	29.902378827332488	7.023996741946126E-4
90.0	29.68351752565816	20.25951922071271	20.162595278505403	29.889438900093257	0.004929075030467314
91.0	29.64068204056911	20.2711813537201	20.210948918691642	29.87306782039198	0.004119866627168359
92.0	29.64613387500936	20.287323870868583	20.220476510258823	29.845962407426107	1.0333643712242176E-4
93.0	29.655284503776535	20.305233609017588	20.21414597231445	29.823082052170797	0.0022538627206293033
94.0	29.675584843693127	20.260221796016033	20.194744538238773	29.86927925068594	1.695713661306662E-4
95.0	29.731046960112483	20.274393724620424	20.1437983326199	29.85005800477453	7.029778726604951E-4
96.0	29.68809369270743	20.260300787111614	20.192791927390402	29.85858493718025	2.2865561029937188E-4
97.0	29.671317585866802	20.30849201472519	20.126543294048062	29.892674642465416	9.724628945292616E-4
98.0	29.657921190392788	20.31196962798137	20.196988728176674	29.831371966938026	0.0017484865111430346
99.0	29.662024506516914	20.29778632318333	20.182313235663198	29.85751780159828	3.581330382683631E-4
100.0	29.640021141856383	20.27585541955442	20.201504436434696	29.878147004136927	0.004471998017572305
101.0	29.640749748730272	20.302495166271814	20.19647387363028	29.859474316058716	8.06895308919869E-4
102.0	29.639656873126906	20.271968015670105	20.211839100504285	29.876209744641308	3.2626605739512806E-4
103.0	29.665032561903732	20.289051198090288	20.21676551410108	29.8290030345572	1.4769134769854764E-4
104.0	29.617370374399577	20.339514164082257	20.188253611179043	29.8546452904198	2.165599193244169E-4
105.0	29.6568609946833	20.29398679172992	20.20601195364849	29.837423817929317	0.0057164420089773
106.0	29.6621728873037	20.26544943856072	20.211742875538903	29.860466963170246	1.678354264280144E-4
107.0	29.648023381860995	20.266518129229507	20.223776293135227	29.861563640645144	1.185551291230016E-4
108.0	29.625299938941442	20.310895967291387	20.244628150707296	29.819097532470778	7.841058910007569E-5
109.0	29.698108865949862	20.27969624785117	20.192316061713445	29.829818151903346	6.0672582176014846E-5
110.0	29.59690057569822	20.30773450108596	20.23690775205229	29.85283096568724	0.0056262054762876365
111.0	29.65535356956961	20.282739233639305	20.202906415323326	29.8588414703764	1.593110913600066E-4
112.0	29.650725285930463	20.258808077998562	20.156794698956933	29.932227469420226	0.0014444676938188278
113.0	29.629056957764817	20.259202952575	20.248701742313454	29.862658908319737	3.794390269941547E-4
114.0	29.62733453618749	20.330147188518914	20.20223494078431	29.840194568202744	8.876630654725981E-5
115.0	29.68346440087005	20.275183315106734	20.265943377020378	29.775310534439953	9.837256288172932E-5
116.0	29.613565647610653	20.33319413931684	20.247394102229975	29.805790912671476	5.519817105433775E-5
117.0	29.592167687137177	20.29298092923908	20.23356682550861	29.88121343756961	7.112054552366457E-5
118.0	29.59736060041463	20.317610167718712	20.233928570156046	29.85093913562482	1.6152608578982972E-4
119.0	29.645221035936192	20.31510282193278	20.19220937767436	29.847396938636066	6.98258206013752E-5
120.0	29.623475917520953	20.30696580657577	20.244244276816467	29.825120765087043	1.9323399976559045E-4
121.0	29.63291720861366	20.33670480903114	20.24854575205257	29.781429841259115	4.023890435120803E-4
122.0	29.57860595433942	20.350816460346554	20.24068696655652	29.829792395802414	9.822295508791314E-5
123.0	29.583281660902376	20.308537199115776	20.260563679134926	29.846512910109084	0.0011045507378342901
124.0	29.566182424344735	20.273081402514386	20.248871492277225	29.91174997616669	1.1470469696884015E-4
125.0	29.573613556576827	20.306619242382087	20.22721438304069	29.89200302527466	5.497927257310278E-4
126.0	29.60212929322547	20.315061780845003	20.262822783631442	29.818380250579352	0.0016058917187321085
127.0	29.660301640867953	20.29009923030162	20.24728946626924	29.80224589749918	6.376506200381449E-5
128.0	29.68942327131925	20.232373402394536	20.293472354853563	29.784590214667332	1.4075676532022518E-4
129.0	29.60064436967483	20.232140759163023	20.358684416238226	29.808393427448777	1.370274751439052E-4
130.0	29.562801265787275	20.213110806189256	20.386703388623566	29.836620591275693	7.639481242164046E-4
131.0	29.479824508824066	20.27638392859289	20.32317781683234	29.92038480326724	2.2894248346426248E-4
132.0	29.374528795721904	20.368793015319874	20.30153609684068	29.94230444485787	0.012837647259672938
133.0	29.374479353655136	20.334989911263808	20.37585448578046	29.914550111430522	1.2613787006803386E-4
134.0	29.378301052651356	20.32360851825557	20.3159977477112	29.982010562580143	8.211880173032856E-5
135.0	29.44418502545191	20.244397861106577	20.3697632889688	29.94053393152525	0.001119892947456871
136.0	29.52255093673695	20.273504241881994	20.417146757182657	29.786637023507538	1.6104069086159074E-4
137.0	29.79231865888425	20.176970664169733	20.312928764689453	29.71743733707796	3.4457517860486995E-4
138.0	29.840226801225285	20.18455745065527	20.392525153716242	29.581303051848334	0.0013875425548708065
139.0	29.085810752105445	20.71643786033899	21.469703979089587	28.7279049074661	1.4250099988201586E-4
140.0	27.13495989340411	21.672329330196575	21.473577711474103	29.718919878495104	2.131864301035224E-4
141.0	28.990922740293147	19.784711743894484	19.369283565668617	31.853990905129265	0.0010910450144878366
142.0	31.31197091594397	19.465439052011178	21.214764015546532	27.997917301565572	0.00990871493275152
143.0	30.70571706645187	19.424422046251706	21.443658211412536	28.421139077938324	0.005063597945559371
144.0	33.45045464614526	18.65674413257732	19.394744297584545	28.497632784204463	4.2413948841618225E-4
145.0	27.512014198353622	20.40317593388639	19.16693541670482	32.91702821120773	8.462398474334376E-4
146.0	27.87274692628546	20.70851880842689	19.288157684579794	32.13038538731721	1.9119339064853922E-4
147.0	28.12359068433891	20.02976517795157	19.686089102412737	32.1600194980405	5.35537256279129E-4
148.0	30.574798555811476	19.310077405806148	20.47776612549976	29.636958891972366	3.9902091024840886E-4
149.0	32.812765833622606	19.383701167049274	19.339712853116595	28.448331094363198	0.01548905184831845
150.0	23.34455228789424	25.490923683170223	24.806822913029354	26.354322196335865	0.0033789195703162202
