# Position (bp)	A	C	G	T	N
0.0	23.29846552052539	27.680362244114505	29.37526980010222	19.642983979708422	0.002918455549457723
1.0	27.455475933719388	18.88767651696574	19.77518623749667	33.87515760378657	0.006503708031634886
2.0	29.5641162754061	20.881017124730448	18.57079778644498	30.979476775915032	0.004592037503440411
3.0	33.610873039738614	19.312128275262694	20.2332839473649	26.84039281150592	0.0033219261278733575
4.0	33.885765445904795	18.47715775071737	21.327096165573927	26.30725099586277	0.002729641941140654
5.0	34.79761381629869	18.87738975929335	20.552359185703157	25.771313478269754	0.0013237604350452338
6.0	27.194315081739536	18.965237003528493	17.586357392208875	36.25142628012535	0.002664242397756823
7.0	26.837210932266782	23.182599310691636	18.69864800118574	31.279617222827987	0.0019245330278591954
8.0	26.512064805585826	22.288036369435385	18.98092569595854	32.21697373610864	0.0019993929116068395
9.0	33.09595152241828	19.085906700766248	19.79593014964383	28.018789689223038	0.003421937948603639
10.0	28.837064263819133	23.114794102014688	22.93557381769768	25.110848677050583	0.001719139417908944
11.0	27.418150841325044	23.006654539734033	21.07311326157977	28.499122171973347	0.0029591853878098364
12.0	29.036913049107334	20.904377669693293	20.325222799026875	29.731721435122548	0.0017650470499528351
13.0	29.319435982667187	20.78195435951771	20.326834974475762	29.570258476952567	0.0015162063867762393
14.0	29.293089973313002	20.966078917270302	20.622893633244377	29.112571483034692	0.005365993137628669
15.0	29.587838475718836	20.95672253028935	20.458893162738796	28.995631299137642	9.145321153670833E-4
16.0	29.609967083583815	20.904700085616774	20.573136254460934	28.9097492945496	0.0024472817888810945
17.0	29.617777919922144	20.96766808960159	20.634878934404593	28.77804737614665	0.0016276799250239224
18.0	29.60808832232717	20.839500553194387	20.770879329787967	28.766260432576317	0.015271362114157857
19.0	29.454784071976896	20.90400848577404	20.538158399847205	29.10167938733807	0.0013696550637859778
20.0	29.246250086406828	21.089930702439236	20.486038511153588	29.17682986836021	9.508316401398903E-4
21.0	29.169532622082095	21.084838744143088	20.499965209297443	29.243467617840675	0.002195806636697233
22.0	29.220416251380804	20.869179060621473	20.437006170938883	29.472334168846682	0.0010643482121610907
23.0	29.30630522699222	20.668408652214136	20.637692879707707	29.386168135649516	0.001425105436425714
24.0	29.323840468812453	20.7395426008696	20.651929018560704	29.283073177477913	0.0016147342793269939
25.0	29.356003016783184	20.736367450421263	20.67121336637791	29.235343085015963	0.0010730814016760202
26.0	29.33133837427927	20.77749095256826	20.586131730530134	29.303111583551445	0.001927359070887602
27.0	29.277382280679472	20.773137814300586	20.601035348688328	29.347552243492807	8.92312838805964E-4
28.0	29.24138793736074	20.766793327580505	20.699995482271333	29.290693820620355	0.0011294321670633283
29.0	29.274008395206717	20.776959926998863	20.58608730870747	29.35939528092741	0.0035490881595396737
30.0	29.220311181018893	20.766504957322365	20.63559920603644	29.376670828388196	9.138272341076876E-4
31.0	29.187466280896246	20.72711994690882	20.595270492859903	29.489045170469463	0.001098108865558054
32.0	29.278407181050213	20.690896178107764	20.6885492668872	29.340691331075124	0.0014560428796964687
33.0	29.38425255710484	20.64061522557986	20.637683950712677	29.334046065609236	0.003402200993385026
34.0	29.19775736230694	20.761774031091694	20.705829581365425	29.332835920772172	0.0018031044637731243
35.0	29.18899228041216	20.780928386799317	20.634315834542765	29.39442792941538	0.0013355688303785002
36.0	29.26743704585688	20.702951419012354	20.661846955384316	29.364374020113694	0.003390559632754788
37.0	29.23891033764677	20.751336778962013	20.538499604715636	29.470131697085584	0.0011215815899891723
38.0	29.274776319032497	20.60766332350881	20.567241087401236	29.548860231011904	0.0014590390455495343
39.0	29.2756610758281	20.684558884046712	20.549333297147314	29.48938476192892	0.0010619810489481815
40.0	29.220693285506467	20.67129133536321	20.672269073548627	29.434669805963416	0.0010764996182870618
41.0	29.263011664913986	20.62629708941097	20.573334723442507	29.535868536674332	0.0014879855582073662
42.0	29.18080870149462	20.78122231428234	20.59813407854856	29.438350029388594	0.0014848762858879153
43.0	29.242857510420162	20.64354763930649	20.5804154729271	29.529725429138047	0.0034539482081967893
44.0	29.246842627533404	20.677308008970556	20.61859403314317	29.45589737477009	0.0013579555827817268
45.0	29.247350305529864	20.63501690649118	20.676431492067344	29.437875594507034	0.003325701404578146
46.0	29.286020813217466	20.62966525571128	20.668332423039537	29.41472172643721	0.001259781594509628
47.0	29.2514432204611	20.66721111566464	20.592355335588266	29.487601462516505	0.0013888657694934203
48.0	29.217722471343933	20.639402726654097	20.61108649325934	29.526038819728466	0.005749489014163866
49.0	29.298693903682942	20.64435929349834	20.61569233592967	29.440191198387218	0.0010632685018268089
50.0	29.234572058616987	20.648100752835184	20.594775402906393	29.521212683024967	0.0013391026164715641
51.0	29.286207078000665	20.577753017517512	20.60901191805616	29.5220374204746	0.004990565951059879
52.0	29.20172323026598	20.630518793209532	20.697624084141424	29.469325268376533	8.08624006534522E-4
53.0	29.302538140885563	20.628272295556435	20.562257243617516	29.50591816647815	0.0010141534623357665
54.0	29.22885482247918	20.58408649253487	20.644997476833417	29.54050947133389	0.001551736818633426
55.0	29.190127230654294	20.685647605688185	20.60501275194381	29.517362056268986	0.0018503554447243744
56.0	29.177863562791078	20.635826185349664	20.66153083228267	29.523918292376152	8.611272004356443E-4
57.0	29.216547410123646	20.595273967162925	20.66730572094435	29.51934515247859	0.0015277492904904758
58.0	29.22382791180419	20.638188896165	20.630881273158074	29.50533500107106	0.0017669178016750382
59.0	29.23965414925575	20.6399134846035	20.600655190726126	29.51893161216188	8.455632527434683E-4
60.0	29.297436597173586	20.63666104137673	20.62591320658997	29.437722379004484	0.0022667758552324152
61.0	29.247626425728594	20.65904080662495	20.587650676769744	29.50486919437391	8.128965027967538E-4
62.0	29.237429999357325	20.664973719160265	20.591475077253207	29.505145409654826	9.757945743802778E-4
63.0	29.315341309048687	20.613124926132997	20.538314460667504	29.53075612918155	0.002463174969261158
64.0	29.23048253120929	20.5511682573603	20.646827308148847	29.570929939620843	5.919636607169386E-4
65.0	29.235772003297118	20.618616782373614	20.614280281367787	29.529816599276902	0.0015143336845746184
66.0	29.165241384414525	20.600191271143615	20.609396339481993	29.58365568418752	0.04151532077234687
67.0	29.202122792036906	20.62646262527941	20.632046465947607	29.535882587801233	0.0034855289348445064
68.0	29.188052503774976	20.632409292810443	20.606790357549848	29.57057376190913	0.00217408395560121
69.0	29.222352845403023	20.627979532726084	20.610761920234225	29.538443563379836	4.6213825683582465E-4
70.0	29.275953400844855	20.510634056468454	20.594985611952726	29.61769790765596	7.29023078002362E-4
71.0	29.140791654218933	20.638018431568565	20.64376910410791	29.555213810487253	0.022206999617345187
72.0	29.24194733704017	20.5411840031449	20.626411075456915	29.58976428578205	6.932985759647249E-4
73.0	29.1702590757018	20.5678223912973	20.661368231582234	29.594204257667545	0.006346043751123139
74.0	29.190860157103128	20.567657153306758	20.620956549469945	29.62036507732377	1.610627964020058E-4
75.0	29.171044718168567	20.570712786812408	20.668781140454897	29.58887344479102	5.879097731118589E-4
76.0	29.177371786790136	20.628047469464985	20.616109613018907	29.57807951850393	3.9161222204059273E-4
77.0	29.21263540849641	20.566077917152974	20.6362822868965	29.58471091226253	2.93475191585071E-4
78.0	29.176916570286092	20.628377698049025	20.61250729542168	29.581914805976915	2.8363026628885397E-4
79.0	29.25142666198549	20.558796842421348	20.59662838134035	29.592952703411285	1.9541084152376162E-4
80.0	29.24694348004076	20.559159697481192	20.61912412174964	29.57448301751938	2.896832090263181E-4
81.0	29.18061503203941	20.551637600896246	20.667343236173444	29.569314066636327	0.031090064254574765
82.0	29.146692272671636	20.547041540949344	20.68401266134537	29.610632793918658	0.011620731114999052
83.0	29.199390961331055	20.575965749544086	20.58303587276993	29.64125322906423	3.541872906974479E-4
84.0	29.20575823385123	20.59275044781592	20.599311752247353	29.601821175507315	3.583905781873845E-4
85.0	29.226006338803728	20.57856720937221	20.631483580857697	29.563608045520635	3.348254457293991E-4
86.0	29.194633052765507	20.5725255963055	20.587384504475185	29.645202606580177	2.542398736258335E-4
87.0	29.20698176299273	20.556006388990152	20.65081971247255	29.585948914403897	2.4322114066708977E-4
88.0	29.217301846302885	20.594858945219073	20.599902775817096	29.580762018448247	0.007174414212702975
89.0	29.127381356699054	20.594570900411664	20.601342878934066	29.67646982782428	2.3503613092922709E-4
90.0	29.14324963144092	20.604340083783804	20.59258968022669	29.65949296338476	3.276411638231137E-4
91.0	29.142872938090843	20.537782824772123	20.676414052113138	29.64270361404873	2.2657097517054E-4
92.0	29.14364907627693	20.58712903246572	20.6638262339375	29.605058459391714	3.3719792813331214E-4
93.0	29.195602666704424	20.548199473523628	20.66504555052161	29.590841134611196	3.1117463914244004E-4
94.0	29.15229269206724	20.569649401676642	20.62698467494028	29.650962636961232	1.1059435460057505E-4
95.0	29.21810488203087	20.5751363262861	20.616406219024505	29.5900796873312	2.728853273251475E-4
96.0	29.153840581743573	20.54820378253399	20.67627429342602	29.62145293628973	2.284060066864227E-4
97.0	29.0855226481732	20.623323399582116	20.63105278356514	29.659620155513217	4.81013166325562E-4
98.0	29.06353773583314	20.576379213243335	20.666728980729772	29.691346297582943	0.002007772610809645
99.0	29.084174248164874	20.580842097924744	20.673600726134186	29.661194044971623	1.888828045730931E-4
100.0	29.09870126463864	20.543186994286614	20.685728773698315	29.669375461726432	0.00300750565000153
101.0	29.119087317373598	20.60868668258044	20.64506543275837	29.626643924900147	5.166423874436659E-4
102.0	29.06880067646716	20.547054313150102	20.71647984273882	29.66748355597108	1.816116728360152E-4
103.0	29.078032840820445	20.547177812040868	20.697286211312537	29.67724378526589	2.593505602620478E-4
104.0	29.083537428034283	20.561741475339502	20.73985361148827	29.61475403791746	1.1344722047692076E-4
105.0	29.165160370348055	20.529293214868922	20.719878322155843	29.585417043240746	2.5104938643529955E-4
106.0	29.098389211643976	20.50716926847861	20.73613424611406	29.658070413441667	2.3686032169184588E-4
107.0	29.056881353236147	20.529775389881816	20.752267972957725	29.660732118082155	3.4316584216026534E-4
108.0	29.032491286445566	20.545583256094115	20.719141685194096	29.702556547472113	2.2722479410851554E-4
109.0	29.07580693010436	20.549426412976732	20.728694840361804	29.64588137559317	1.9044096393598306E-4
110.0	29.016150697628422	20.522472053875852	20.753995602874223	29.707034663907006	3.4698171449737316E-4
111.0	29.08828481329086	20.50622141301714	20.7610943136532	29.643954461521755	4.4499851704244195E-4
112.0	29.008781021352554	20.49738789800318	20.767221723587546	29.726495136846093	1.142202106266372E-4
113.0	29.08049864254244	20.507379120517808	20.74953733712858	29.66218564758711	3.992522240697423E-4
114.0	29.050156072421856	20.521862100947214	20.789010916249147	29.6385842635211	3.8664686068122826E-4
115.0	29.070004156100133	20.503808928895847	20.766887578735698	29.641679462643626	0.017619873624691713
116.0	28.970306912819616	20.551316577859836	20.80296943702071	29.675227448560253	1.7962373958663446E-4
117.0	28.986212257784516	20.51956668155715	20.848349673124687	29.639459470057673	0.006411917475972532
118.0	28.98743308609949	20.52134918361344	20.82770297102374	29.66326827400616	2.4648525716902366E-4
119.0	29.004788680239272	20.533624962041294	20.764170044790564	29.697104420675736	3.1189225313515506E-4
120.0	28.89531636714226	20.553488180690525	20.83343621217733	29.717494694391043	2.645455988430539E-4
121.0	28.87503686556875	20.55862251306247	20.85580631944542	29.710259527497897	2.747744254619416E-4
122.0	28.87569092626128	20.538357862717824	20.867378687468015	29.718223109662915	3.494138899644837E-4
123.0	28.899053715484317	20.52524352326117	20.85745612873495	29.717882473211116	3.6415930844161E-4
124.0	28.795703052720956	20.58242588682469	20.822071312585276	29.799523060986978	2.7668688210199025E-4
125.0	28.88250285524746	20.56169253710373	20.901352920174016	29.65437926521827	7.242225651818414E-5
126.0	28.922827229309956	20.564670466358663	20.906338669246253	29.605631500827656	5.321342574731605E-4
127.0	28.92839442566858	20.550257024215195	20.886582539953654	29.623125819263436	0.011640190899130745
128.0	28.952031826743585	20.594597562314704	20.92118488736475	29.53210125769695	8.446588000777086E-5
129.0	28.92205826898242	20.591144198979304	20.870406959605532	29.61621164386595	1.789285667955996E-4
130.0	28.8693296644326	20.520867824425594	20.947558316111575	29.662006325428454	2.3786960178725705E-4
131.0	28.790920019009814	20.667986510149156	20.878975096637447	29.661813403950887	3.0497025269326855E-4
132.0	28.736321979924263	20.721740093477266	20.705918681214364	29.829308784320872	0.006710461063231639
133.0	29.133551141134152	20.386574476421668	20.61624484817775	29.863452774103454	1.7676016297287026E-4
134.0	29.202650530182893	20.449316872343644	20.82380097198062	29.52410353105137	1.2809444146980685E-4
135.0	28.806170590761234	20.66906537413381	20.614687499122937	29.909585380981916	4.91155000098231E-4
136.0	28.607737028293652	20.92706779933378	20.368600703789642	30.096283950320185	3.1051826274347544E-4
137.0	27.66281927689916	21.361698062409353	20.53133929114232	30.4439696724942	1.7369705496643304E-4
138.0	27.8698729806388	21.519398199531384	20.895301516833147	29.714934023924034	4.932790726353435E-4
139.0	28.043051741849524	21.80491422446645	21.680018922838016	28.470986695736535	0.0010284151094747884
140.0	27.638388861803303	22.429174209512066	22.13203250089292	27.780033652520746	0.02037077527096526
141.0	27.652531534468487	22.445519973919804	21.543747022092933	28.358034288771307	1.671807474651219E-4
142.0	26.90082132442641	23.111682290749282	23.50244744676178	26.484831483885557	2.1745417696855828E-4
143.0	30.286017047619936	19.725602104460823	21.94811351446817	28.037478736951694	0.0027885964993818613
144.0	32.65443438475044	19.229072063642082	19.65218425409264	28.461492722282557	0.0028165752322892182
145.0	27.221477443751663	20.68446546687071	19.76090503231355	32.33315205706408	0.0
146.0	27.597553137400993	21.085803272502854	19.605278725533772	31.710725329120926	6.395354414553268E-4
147.0	27.923181838749088	20.668312831683934	20.157980129667816	31.24923240014738	0.0012927997517824478
148.0	30.455960614307042	19.667691382909563	20.598103240433712	29.27824476234968	0.0
149.0	31.517427547471172	20.511771267151993	19.973533624177463	27.99627754714117	9.900140581996265E-4
150.0	22.675552384284195	26.47461231784914	24.66306203953544	26.17361094273354	0.01316231559769036
