# Position (bp)	A	C	G	T	N
0.0	26.786781202793897	23.59622055024536	26.836025272330964	22.728140923239707	0.05283205139007525
1.0	28.66095914518865	19.026185637252482	19.82712944934014	32.48034686177223	0.005378906446502444
2.0	29.858932530589243	19.977789758488175	18.54068316291943	31.61794968986814	0.004644858135006883
3.0	31.830504070828958	19.434253201027154	19.922390402636875	28.80864242015575	0.004209905351266295
4.0	32.77243494902235	18.834386742300662	20.307016473618432	28.084959599695026	0.0012022353635251812
5.0	33.1907829443939	18.96372951660761	19.917087572495774	27.926365474400228	0.0020344921024863117
6.0	28.98933959452329	18.700603950383798	18.25736932786342	34.04792702732963	0.0047600998998622865
7.0	28.453382603398296	21.46385167258561	18.7356402087387	31.325765776005444	0.021359739271948393
8.0	28.427889565994274	20.929850937600023	19.077299017723117	31.56402870340646	9.317752761274585E-4
9.0	32.11676968512745	19.18682860724829	19.504193570577108	29.18981447476563	0.0023936622815162135
10.0	29.77656580048505	21.395335043457212	21.305279262610295	27.512323674590807	0.010496218856640998
11.0	28.848653537404473	21.355604760881647	20.30119274306413	29.479693169557684	0.014855789092063768
12.0	29.836287853385972	20.15834145081905	19.874537425688292	30.12892882229559	0.001904447811093462
13.0	30.03322085951703	20.064760153312932	19.826205596632892	30.074455908391357	0.001357482145784869
14.0	30.021623541321507	20.183857163292103	19.941377786108518	29.848721682303786	0.004419826974086384
15.0	30.21007861011375	20.217357985981934	19.84058814230041	29.73134620235865	6.290592452577713E-4
16.0	30.33354825664132	20.089721451762436	19.949840715122335	29.62358713359709	0.0033024428768184226
17.0	30.30532991727996	20.114020810388062	20.067795333019063	29.51089997671566	0.0019539625972510143
18.0	30.374259495047628	19.974538515160994	20.16143210729096	29.48363350122066	0.006136381279759162
19.0	30.23133276209085	20.07159032039966	19.954602272370135	29.741740809494253	7.338356451037784E-4
20.0	30.027092236812763	20.275841206380427	19.929551512425967	29.76693030446812	5.847399127250489E-4
21.0	29.869749288833574	20.329829892431867	19.90829607222707	29.890534139334683	0.0015906071728040829
22.0	29.836014437382264	20.197559767743268	19.87450266440488	30.091224273182306	6.988572872861924E-4
23.0	29.951045913140174	20.072504098256026	19.98340678471742	29.9904122511607	0.002630952725682329
24.0	29.97627568044762	20.114258867252058	20.0325453752008	29.874580766232008	0.002339310867512983
25.0	29.971709357699705	20.09207593042409	20.086598323760352	29.845135546382522	0.004480841733326983
26.0	29.97503431170362	20.102694879040595	20.058542881225247	29.862621173157095	0.001106754873443885
27.0	29.910521657441773	20.1386066808363	20.050282464320166	29.899737931488673	8.51265913083261E-4
28.0	29.932317780633767	20.127850583735725	20.095263167495627	29.842968859276166	0.0015996088587199924
29.0	29.893896955543465	20.134917034216713	20.077253641542328	29.892055471533997	0.001876897163495665
30.0	29.887722537658608	20.123409255221862	20.08966738264609	29.89812044249544	0.0010803819780000584
31.0	29.893380430491117	20.10447237672058	20.05589910124512	29.94519460574431	0.0010534857988722041
32.0	29.90379679459716	20.140295042637977	20.091770996209142	29.862904489869003	0.00123267668672074
33.0	29.959312225301954	20.113430276189924	20.08079892489839	29.843517944095865	0.002940629513864361
34.0	29.855913453226083	20.160352734325716	20.085878179232665	29.89607649460963	0.0017791386058962771
35.0	29.832752607254324	20.16237058999786	20.056552169958568	29.946008444326473	0.0023161884627732054
36.0	29.881405462667495	20.113034138967187	20.10239869307232	29.901151413444182	0.0020102918488160955
37.0	29.9018516005089	20.14167525569007	20.042822491409826	29.913211209118124	4.394432730839865E-4
38.0	29.912694363979668	20.07770995909814	20.05406647545792	29.95456011596807	9.690854961992262E-4
39.0	29.91719655482308	20.11435844377793	20.031865044716504	29.935854518161996	7.254385204889545E-4
40.0	29.8545352270151	20.134118049558793	20.103420079827053	29.905678484101784	0.002248159497272328
41.0	29.878515203714894	20.114349595547278	20.057453422449274	29.94894480175743	7.369765311170827E-4
42.0	29.8552476251422	20.16032560362429	20.080473281242913	29.901814772929104	0.0021387170614930095
43.0	29.844651753141516	20.125369123924646	20.081706649981154	29.94566642379648	0.0026060491562039743
44.0	29.816748124596003	20.14693967006189	20.09646493011651	29.9390615767394	7.856984861937686E-4
45.0	29.833060155899403	20.133903688881514	20.10066101766983	29.92853137864826	0.003843758900999371
46.0	29.84324308327089	20.097811095526897	20.130774726045093	29.927400729382313	7.703657748056496E-4
47.0	29.862489363514815	20.144185566431403	20.06266083447646	29.92980020342567	8.640321516500319E-4
48.0	29.849148538599245	20.110250139825155	20.06709187710615	29.96819068424874	0.00531876022070677
49.0	29.871882413399714	20.116822903049723	20.081727379108713	29.92164986552161	0.007917438920234075
50.0	29.87673271715774	20.140304108348857	20.059411824012603	29.92265454742477	8.968030560323686E-4
51.0	29.868171687757638	20.123254538734237	20.0779613403951	29.926866183508867	0.0037462496041560478
52.0	29.85625783693642	20.1223116389804	20.11769947065546	29.90311153276195	6.195206657747307E-4
53.0	29.874981831415543	20.138163625732194	20.031326137647614	29.95324159911789	0.0022868060867553097
54.0	29.844256045633344	20.133507835298403	20.06470009214682	29.956503542029562	0.0010324848918780182
55.0	29.82472274787175	20.112773720971425	20.08026241354133	29.979715456670082	0.0025256609454088253
56.0	29.826620872761662	20.121196563610596	20.067808810446603	29.98353951801651	8.342351646279015E-4
57.0	29.852946233259885	20.102928709540045	20.11115163241716	29.926775648774395	0.006197776008506609
58.0	29.849283770436475	20.119225912129288	20.05944082436293	29.96915907345584	0.0028904196154654065
59.0	29.87274058245537	20.10780816261565	20.067919495003412	29.950753476908698	7.782830168651102E-4
60.0	29.88262628494071	20.09083847296277	20.07010453214531	29.952522043610845	0.003908666340366398
61.0	29.86290428158679	20.117526764484627	20.087945495952543	29.930673646753537	9.498112225112215E-4
62.0	29.87303403270669	20.084939442481698	20.065747678832064	29.974338708754328	0.0019401372252184235
63.0	29.881338493639575	20.12526328502017	20.0315654478577	29.95868154240553	0.00315123107701713
64.0	29.862434154356137	20.085716930198192	20.067964344484675	29.982414182022715	0.0014703889382775071
65.0	29.82142611044209	20.113610489650792	20.044291958970962	30.01290305779895	0.007768383137197442
66.0	29.80444099149465	20.10090890016954	20.068036082496256	30.003178745844345	0.023435279995208138
67.0	29.828122915061428	20.09091237787734	20.094136884453853	29.98440944267499	0.002418379932385362
68.0	29.814736244760027	20.159440233011818	20.03615583024359	29.985394041880305	0.00427365010426018
69.0	29.81427366063057	20.13441431910219	20.069679337712792	29.978451602387896	0.0031810801665552004
70.0	29.83485976944985	20.0841695976503	20.028599784262408	30.051916328419292	4.545202181484366E-4
71.0	29.767439164247993	20.12921405340098	20.0670499674266	30.02307583025969	0.013220984664741477
72.0	29.818566790561	20.107175610346957	20.086955684760838	29.98110759998384	0.006194314347360244
73.0	29.80399485884524	20.139387939048028	20.06623229925219	29.984725604844183	0.005659298010363142
74.0	29.834794428293343	20.117269317044013	20.048712361321254	29.996938777156775	0.0022851161846242705
75.0	29.810839458802395	20.121714899867932	20.0774832569352	29.985031900647535	0.004930483746937918
76.0	29.794887943567566	20.12155168695237	20.061397996621487	30.021430941411104	7.314314474778716E-4
77.0	29.80142098629046	20.13946463095943	20.06312175766461	29.994747761591867	0.0012448634936269292
78.0	29.796946689225706	20.127377511298327	20.063784653404873	30.009971434587747	0.001919711483347012
79.0	29.82702864543449	20.11245337691443	20.089211316297153	29.969104373924303	0.0022022874296234824
80.0	29.84934357565794	20.090124288739894	20.041817350427	30.018140375876477	5.744092986861898E-4
81.0	29.77918907167335	20.127766071695408	20.082391655816544	29.992043874890012	0.018609325924684568
82.0	29.768694253919026	20.113029057259123	20.104113152489095	30.009528617555443	0.004634918777316964
83.0	29.815161876370638	20.14080491590314	20.011818914066655	30.02766430258647	0.004549991073095946
84.0	29.81186157711275	20.133019996053687	20.060280643716773	29.991486531207585	0.003351251909202126
85.0	29.79958565113271	20.11909251914965	20.071249597971097	30.008523928771027	0.0015483029755185996
86.0	29.766704458722508	20.133986870624586	20.055801070960737	30.04293992591335	5.67673778820167E-4
87.0	29.792001980284216	20.116292508796978	20.059779612725894	30.03171793073537	2.079674575415899E-4
88.0	29.78816107666641	20.133489136526887	20.048077181299146	30.025915908082357	0.004356697425204523
89.0	29.74982280619061	20.139076019858525	20.062836435183918	30.047696669834256	5.680689326887839E-4
90.0	29.764674121030026	20.155736704427746	20.030043047597353	30.04938535365164	1.6077329323208929E-4
91.0	29.74305980940119	20.1594011181806	20.065975255145027	30.031332810193966	2.3100707921194246E-4
92.0	29.758118553365083	20.15601018175896	20.072178411170107	30.013392955132286	2.998985735664724E-4
93.0	29.747909403175015	20.182244016687402	20.072061493498573	29.9970188403529	7.66246286105802E-4
94.0	29.761655540816957	20.149244203044475	20.053166065298853	30.035576540819754	3.5765001996076264E-4
95.0	29.781312409729978	20.180317512417478	20.027636945728784	30.01044485204974	2.882800740236275E-4
96.0	29.76896236524718	20.164024513053104	20.04118672266244	30.025630405115706	1.959939215751789E-4
97.0	29.75675569254913	20.19410150781139	20.006506915789725	30.041877218230557	7.586656191960909E-4
98.0	29.744622795116506	20.20621464008005	20.02889019900478	30.019018199550523	0.0012541662481411733
99.0	29.74914196785752	20.18829003293594	20.032576391496505	30.02973869713874	2.529105712938386E-4
100.0	29.720905333209146	20.15854365265727	20.054725677811238	30.063807595511516	0.002017740810829429
101.0	29.724634691436734	20.1876997735517	20.04252022357008	30.042193680363876	0.0029516310776095066
102.0	29.725066978472015	20.173525702738637	20.059191516415975	30.041847308844982	3.684935283849133E-4
103.0	29.738010407707776	20.17951420230797	20.072068372290943	30.0101980760771	2.0894161621094038E-4
104.0	29.702336065781232	20.21188682105886	20.044081993184832	30.04153344160267	1.6167837240538212E-4
105.0	29.728981493311608	20.188630051048357	20.057275828965892	30.024907769205956	2.0485746819399377E-4
106.0	29.737687314224647	20.17387133309441	20.063328859937695	30.024668102841684	4.443899015674427E-4
107.0	29.72044998125653	20.16826510475427	20.06711914302579	30.04362214308204	5.436278813763434E-4
108.0	29.67822889118929	20.193439375560164	20.095180485679993	30.03294972498722	2.0152258333482192E-4
109.0	29.722889486580478	20.170869015779967	20.04701737170947	30.059002095631985	2.2203029809728876E-4
110.0	29.66277076834734	20.20412382922099	20.080924390293816	30.051772498452138	4.085136857117128E-4
111.0	29.72941604000049	20.165005265851356	20.034893302480935	30.070298838055525	3.865536116952806E-4
112.0	29.71946590239702	20.164114339494944	20.01139858227296	30.104553302776644	4.67873058433821E-4
113.0	29.694911968938136	20.168149223781434	20.08175849971769	30.054782322654326	3.97984908412273E-4
114.0	29.70479615108462	20.216120233770926	20.04539041955736	30.033357738037463	3.354575496348615E-4
115.0	29.743623612568427	20.166665425683693	20.095872896223614	29.98349048717944	0.010347578344818883
116.0	29.68325848356751	20.22424462663927	20.07761342557677	30.01457534733742	3.0811687902980645E-4
117.0	29.652982306517877	20.186062878342387	20.084122724263555	30.073280254285432	0.0035518365907517267
118.0	29.64417989704869	20.206033159778155	20.10516717894887	30.0436765369704	9.432272538906283E-4
119.0	29.698730278686053	20.198025595250417	20.053388217589337	30.04959686013678	2.5904833741235094E-4
120.0	29.65115642537383	20.205808454569173	20.08996450873173	30.052684320238203	3.862910870664993E-4
121.0	29.673286500920593	20.234014949514645	20.095315881299687	29.99701938062738	3.632876376995082E-4
122.0	29.632687781797927	20.233060682562037	20.077388404441145	30.05660859427645	2.5453692243746726E-4
123.0	29.635558399911428	20.20715265799849	20.113460162760855	30.04359392425735	2.3485507187875776E-4
124.0	29.600480908465094	20.188120448010412	20.09571166063915	30.11532866223726	3.583206480798018E-4
125.0	29.602207229702238	20.21933911918093	20.09895128157911	30.078767225153243	7.351443844756827E-4
126.0	29.600270081278673	20.213546428120996	20.126183602197127	30.059561168183315	4.3872021989509305E-4
127.0	29.71478486136354	20.156684490810733	20.11530331755523	30.00520246157066	0.008024868699830386
128.0	29.796482635442345	20.067484645408	20.192624758549027	29.942185233285823	0.0012227273148025563
129.0	29.65882285914075	20.073717740858058	20.301003790438628	29.964429516777734	0.002026092784832496
130.0	29.525754700316746	20.098247169067736	20.260246705204402	30.11527907278704	4.723526240766404E-4
131.0	29.456030681042645	20.15693742609163	20.099436082740905	30.286457516438876	0.0011382936859440278
132.0	29.233424963537445	20.35111933902959	20.014605937465497	30.398604047544374	0.0022457124230939817
133.0	29.28310085265857	20.258864679482382	20.156049811634507	30.30167464606971	3.1001015482549297E-4
134.0	29.353403401460408	20.18119036703904	20.122573452275024	30.34217128429108	6.614949344521997E-4
135.0	29.44799414601708	20.07862592717563	20.227005394680063	30.24331176626369	0.0030627658635364167
136.0	29.527531719803786	20.143021634150767	20.250929313977398	30.07733834576093	0.001178986307122281
137.0	29.728862724721576	20.104195316897123	20.15296847121667	30.01351077389294	4.6271327169176E-4
138.0	29.79955055896649	20.115713628239373	20.265898583979546	29.81765720416234	0.0011800246522442243
139.0	29.215489212987016	20.550578831691944	21.29843285116809	28.928609563408493	0.006889540744454506
140.0	27.535411480243017	21.354785105761014	21.287410209104067	29.805615965309062	0.016777239582843127
141.0	28.998706283991016	19.7675153489638	19.41927436587749	31.814098812555187	4.0518861250471677E-4
142.0	31.015262927192044	19.44569956666036	20.93269456954624	28.605568990171115	7.739464302424492E-4
143.0	30.974552030575982	19.088263680854233	21.357167083225477	28.569443983158628	0.010573222185681562
144.0	33.2279279381636	18.747324497366794	18.871291928647054	29.149334084181476	0.004121551641069233
145.0	27.855920100225617	20.21079912771487	19.180712892774306	32.75235963840863	2.0824087657824147E-4
146.0	28.005387078614056	20.472793382485598	19.086409875345367	32.43516830698624	2.41356568730205E-4
147.0	28.634793415124193	20.19355831598182	19.648380819599634	31.519790455786644	0.0034769935077061396
148.0	31.113231670123692	18.958869462095873	19.99947067785906	29.92812158534483	3.066045765417967E-4
149.0	31.700811863560595	20.340715579155166	19.372732772629583	28.58381028201077	0.0019295026438880274
150.0	22.629013062701276	26.87888953826417	23.175580243119896	27.26407824420749	0.05243891170717143
