# Position (bp)	A	C	G	T	N
0.0	26.49290601499294	24.433959748681406	25.24167592304772	23.82011956092326	0.01133875235467088
1.0	28.513577975989783	18.59359089361836	19.04972525173303	33.82564012645819	0.017465752200636137
2.0	29.783013360810926	20.106392473337873	18.84782909437318	31.257471596302956	0.005293475175065025
3.0	32.513027619358645	19.24035323748462	19.623864207497185	28.622402142183727	3.527934758190622E-4
4.0	32.51895142100249	18.93356501615682	20.320148237329473	28.22679796497498	5.373605362335431E-4
5.0	33.29896570181835	18.93579303923097	19.86873029653108	27.894700308522335	0.0018106538972662127
6.0	28.314606932130204	19.028037564494436	17.96757286734405	34.68144435178544	0.008338284245866221
7.0	28.34521263385929	21.40708018894813	18.82944066841874	31.415212168263867	0.0030543405099744203
8.0	28.029401514443066	21.005948032075196	19.031147422244114	31.92991408392125	0.003588947316371516
9.0	32.35690290429534	18.93108314182939	19.410548490775813	29.299590915019152	0.001874548080303098
10.0	29.93761487742016	21.31698878806172	21.4140846597616	27.330916735493172	3.9493926334529633E-4
11.0	28.824811324406614	21.298449993232996	20.287374834773637	29.588970723576306	3.9312401044743996E-4
12.0	29.785345890926312	20.009281428686396	19.779204426670425	30.42544367961862	7.245740982476466E-4
13.0	29.954040167499308	19.970525250362535	19.716144813294118	30.353991306890514	0.005298461953524118
14.0	29.95845044276538	20.08719184047953	19.8891963117392	30.06495196776926	2.0943724662926327E-4
15.0	30.134829740439585	20.124523048657476	19.819489868328578	29.92041551026219	7.418323121768215E-4
16.0	30.174531689197536	20.053855691976608	19.911521565230014	29.857578675155022	0.0025123784408201933
17.0	30.125568808856016	20.0843110162455	19.965118964712524	29.82158200571929	0.0034192044666676168
18.0	30.1332021578806	20.030027132344884	19.9974161305824	29.834871524997542	0.0044830541945696575
19.0	30.06508468353574	20.05260226512785	19.86929091825162	30.01259965899416	4.2247409062223844E-4
20.0	29.959736930918424	20.166701057616134	19.851343726068517	30.02178249893274	4.357864641811818E-4
21.0	29.886341294489853	20.179371210754084	19.860716566859793	30.07306099698368	5.099309125912415E-4
22.0	29.870969654108233	20.055403218161583	19.849418178327177	30.221631719915877	0.0025772294871326245
23.0	29.93927687753009	19.962954771393193	19.91823668390939	30.178981741926698	5.499252406288196E-4
24.0	29.963103548989455	20.00341821953227	19.947012036799215	30.084087617456284	0.0023785772227769056
25.0	29.976417148151313	19.982545728348896	20.015940438661598	30.023508468396553	0.0015882164416393353
26.0	30.003935374374308	19.999280904645342	19.97407413319873	30.02070993538768	0.001999652393939295
27.0	29.92367179364536	20.051954762150366	19.95952647707327	30.060662312638463	0.004184654492538279
28.0	29.9323125877638	20.045447495093587	20.008940686571353	30.013088657159244	2.1057341202411088E-4
29.0	29.894754402892538	20.063203148573304	19.970366031325405	30.07127154890489	4.0486830386749823E-4
30.0	29.874222337542893	20.04236809524638	19.9707631067617	30.112429757774596	2.167026744295227E-4
31.0	29.91118248826094	20.022021433261227	19.952271731029047	30.114348166382737	1.7618106604883076E-4
32.0	29.905274910004277	20.069372130920733	19.982082520959697	30.04271470741623	5.557306990670889E-4
33.0	29.99299305232318	20.02775886547452	19.98644500759851	29.981729070770573	0.01107400383321384
34.0	29.885880366299567	20.097514098059722	19.9903835207974	30.026079965309638	1.4204953367057685E-4
35.0	29.854919496899885	20.098653630021364	19.964595532633382	30.081554417666673	2.76922778698546E-4
36.0	29.90358763667807	20.047613786356514	20.00895011214667	30.039523698762594	3.2476605614758147E-4
37.0	29.935890781466533	20.065236307907096	19.931872520368916	30.06634806798299	6.523222744654737E-4
38.0	29.948970389268997	19.98589852072577	19.96857689247835	30.095500702228918	0.0010534952979692953
39.0	29.911658573700368	20.081743033132902	19.952789886085675	30.053013179872483	7.953272085721861E-4
40.0	29.86438274472283	20.072812943352115	20.01835026665507	30.032885661694465	0.011568383575525963
41.0	29.884332980465338	20.029476250324745	19.952627117544765	30.13335754734976	2.0610431539382301E-4
42.0	29.851574440394952	20.1249416422246	19.978732544113498	30.044543780012145	2.0759325479982182E-4
43.0	29.866990196632575	20.052319847656186	19.966954952551625	30.113043658514684	6.913446449285683E-4
44.0	29.845269642855598	20.070237158414184	20.007310517804328	30.07595392860184	0.0012287523240523714
45.0	29.849268418935342	20.07427285962288	20.019154897644007	30.050728053134602	0.0065757706631716754
46.0	29.903392260450683	20.021301239330054	20.064460202820335	30.010526800669275	3.1949672964829096E-4
47.0	29.91515593374482	20.067072180034963	19.97450688027084	30.043015702057502	2.493038918763181E-4
48.0	29.88328643204843	20.035107177027097	19.97798163474025	30.10348920767249	1.3554851173246048E-4
49.0	29.886929390974526	20.050238831735737	20.02974981068781	30.03176147539114	0.0013204912107874036
50.0	29.887038408324933	20.086393507847912	19.996026582169797	30.026954545100036	0.0035869565573172016
51.0	29.90323547735787	20.052894326369827	20.00480328181596	30.038888843444667	1.7807101167811743E-4
52.0	29.873789205386664	20.06111079509185	20.059260737476457	30.005748656223645	9.060582138438391E-5
53.0	29.909501392029043	20.0632437911442	19.946672445569373	30.0804258044729	1.5656678448941198E-4
54.0	29.866937556442668	20.05387417199071	19.994890987612944	30.084166035970867	1.312479828079915E-4
55.0	29.827740684369818	20.076979805020628	20.008540090343907	30.085210744094088	0.0015286761715594837
56.0	29.85303973426333	20.069733947098527	19.997641792097713	30.079304507174044	2.800193663903134E-4
57.0	29.876022471413695	20.05240098069122	20.04910711074942	30.022347188070476	1.222490751900306E-4
58.0	29.880219732063168	20.08047192243498	19.984264986478063	30.05488368183681	1.5967718698382312E-4
59.0	29.879011517916172	20.078937933038723	19.99034069481774	30.05152925181201	1.806024153526226E-4
60.0	29.88559150560171	20.053528193787436	19.98985488164462	30.06869154441788	0.0023338745483509117
61.0	29.88802025180824	20.080833337949937	20.023467772967553	30.00712809629181	5.505409824519463E-4
62.0	29.89870220867236	20.055127080592253	20.000649134248317	30.045227091756168	2.9448473090331066E-4
63.0	29.93554271875866	20.080346637270758	19.93843832032989	30.045501461039752	1.708626009375866E-4
64.0	29.910561164037635	20.03274272158464	19.97952625858956	30.07615452381277	0.0010153319753942738
65.0	29.856164087075943	20.040685180515172	19.988653431018356	30.114305018074454	1.9228331607590573E-4
66.0	29.85463092760928	20.045906596977687	20.004662456750673	30.09455284277309	2.4717588926617635E-4
67.0	29.86881184748128	20.037702687865558	20.031430937435356	30.06188074782955	1.7377938825226575E-4
68.0	29.846378528641214	20.13849929718627	19.965887369925664	30.049035690380403	1.9911386644336104E-4
69.0	29.856751206083977	20.10853202793946	19.9846381934144	30.049657448663087	4.2112389907815917E-4
70.0	29.87580271200209	20.03532009057025	19.95798552669264	30.1308157150588	7.595567621705489E-5
71.0	29.80773837936362	20.098677257890664	19.995950150384104	30.096905485266394	7.287270952147799E-4
72.0	29.874699284661926	20.041215683556004	20.026800788412157	30.05715760663704	1.2663673286984916E-4
73.0	29.860402315182423	20.10071415857293	19.99157989489374	30.047226700553804	7.69307971070027E-5
74.0	29.90572784797151	20.048515348367793	19.98281820389131	30.06283094293089	1.0765683849739362E-4
75.0	29.86351613711865	20.08242679314894	20.02528147193714	30.028476259548466	2.9933824680959345E-4
76.0	29.845748402111287	20.06490627067491	19.994928280882885	30.093885237690397	5.318086405186845E-4
77.0	29.87840309663841	20.082252240705394	20.000807840102382	30.03837069033135	1.661322224601743E-4
78.0	29.856276688163586	20.060615126838652	20.01806959237912	30.064496675417928	5.419172007137292E-4
79.0	29.898244782954347	20.08737692495184	20.022518002347795	29.991457498247886	4.0279149813095256E-4
80.0	29.923151852633772	20.056042914616647	19.974466316066703	30.04624026862129	9.864806159470867E-5
81.0	29.843380100329092	20.092624567510395	20.040946940061946	30.022399512213777	6.488798847908406E-4
82.0	29.826011464704806	20.05463312505157	20.040559498278604	30.078393416495498	4.0249546952590226E-4
83.0	29.88727306926623	20.081933995356458	19.95244777585653	30.07825616432398	8.899519680379903E-5
84.0	29.88405631201004	20.07512701520039	19.99735305293343	30.043284739742926	1.788801132140014E-4
85.0	29.87973807708364	20.064485008136696	20.005822935858596	30.049790962128466	1.6301679259953625E-4
86.0	29.843870664033556	20.09613307296317	19.98578774071146	30.072919467960745	0.0012890543310703515
87.0	29.867859005102932	20.058182239183623	20.00899810425445	30.064832533313712	1.281181452844971E-4
88.0	29.872583095409265	20.084735275714756	20.006439979291173	30.03614704856788	9.460101692718892E-5
89.0	29.802824338864163	20.088935867740567	20.026646232435635	30.080866785166133	7.267757935007833E-4
90.0	29.84205365475075	20.09081176310047	19.991319526074182	30.072145478550432	0.0036695775241642257
91.0	29.809742333939255	20.10869339337631	20.02360484325508	30.053999539911246	0.003959889518113072
92.0	29.81928511531345	20.120613388244983	20.030201991231984	30.029795115972313	1.0438923726571473E-4
93.0	29.82466597113992	20.143851705054907	20.034607512479322	29.994910928170697	0.0019638831551540047
94.0	29.838653277503784	20.095591201314992	20.015252349199365	30.05035695179828	1.4622018357980605E-4
95.0	29.887181244449163	20.114760070583174	19.956218630831803	30.041100883406678	7.391707291809375E-4
96.0	29.846613642585414	20.095297759390697	20.011190278319436	30.04667512075002	2.2319895443581074E-4
97.0	29.829821522847016	20.14380765361382	19.93746729988171	30.08803610467348	8.674189839704586E-4
98.0	29.82382577466786	20.153782020610354	20.006932016348415	30.013870169396856	0.0015900189765174876
99.0	29.828154130273315	20.140111353589297	19.99960352606992	30.03184753088359	2.8345918388202626E-4
100.0	29.80532242419494	20.109892271430834	20.018036417062564	30.063504227166277	0.003244660145382336
101.0	29.80783799379329	20.138128141059394	20.02053202941414	30.0326939692141	8.07866519072519E-4
102.0	29.79280634536094	20.114628654893085	20.02520928088584	30.067058903378594	2.9681548153933854E-4
103.0	29.815722303162044	20.120805910795127	20.039731200131037	30.023624084122424	1.1650178936833424E-4
104.0	29.773400746409113	20.17539703228981	20.00322051698692	30.04779480430007	1.8690001408704524E-4
105.0	29.832931853332056	20.11847434281498	20.02046490388743	30.02384057096429	0.004288329001247989
106.0	29.842827264440924	20.099407610551246	20.023098196611297	30.03449864142866	1.6828696787403653E-4
107.0	29.808127980353067	20.098924875719554	20.042559871603075	30.050260497122537	1.2677520176882257E-4
108.0	29.78307452436094	20.14775682446649	20.068328612475216	30.000776835547445	6.320314990481793E-5
109.0	29.856378486240576	20.112997256035154	20.01114193111744	30.01942024723105	6.20793757809656E-5
110.0	29.770427233266915	20.13401114867427	20.054698753741985	30.036355771357044	0.004507092959788217
111.0	29.811735449574194	20.123702689383833	20.019631329476	30.04479010988028	1.4042168569244074E-4
112.0	29.826511391790593	20.085394581359317	19.96018104931464	30.126813107624884	0.0010998699105673247
113.0	29.799160392427243	20.093827699801288	20.064215490939162	30.042430318804612	3.660980276977754E-4
114.0	29.804801965752077	20.16155506529134	20.021733406103294	30.011827822110547	8.174074274682707E-5
115.0	29.85273453485009	20.105414685304275	20.085028472923177	29.956742311196514	7.999572594264249E-5
116.0	29.791651355884678	20.167325026845866	20.051886794043423	29.989076380696496	6.0442529534621726E-5
117.0	29.75623271697499	20.12323085666195	20.056184799057693	30.064270640713183	8.09865921850196E-5
118.0	29.76523081100046	20.15300803573078	20.04495705167812	30.036613667346817	1.904342438192633E-4
119.0	29.811801168965435	20.153554667331036	20.003447891699924	30.031116210615867	8.00613877415665E-5
120.0	29.785873861227856	20.142583883426806	20.064573855101305	30.00675846806234	2.0993218169760008E-4
121.0	29.80670397767822	20.178370944283355	20.064950645457913	29.949583893842746	3.9053873776580305E-4
122.0	29.756957749945755	20.184255253974715	20.047136006837274	30.0115361954525	1.1479378975657995E-4
123.0	29.75337050296209	20.142244954472346	20.079987193649714	30.02357952890089	8.178200149598352E-4
124.0	29.734975453250208	20.10938106226961	20.058945895091703	30.096597150616848	1.0043877163382291E-4
125.0	29.72700109371636	20.159610852560707	20.035742576169074	30.077094758494333	5.507190595235538E-4
126.0	29.767689201085712	20.151912838250144	20.064211119187643	30.01460608507005	0.00158075640645299
127.0	29.83889663604552	20.121129401254496	20.059512374863694	29.980383961524694	7.762631159356726E-5
128.0	29.8835052965364	20.058740699062376	20.107704686014994	29.949915274379908	1.3404400632033837E-4
129.0	29.774347741238266	20.059345031318315	20.19199424281958	29.97418057597657	1.324086472757655E-4
130.0	29.724090737924037	20.03538764974835	20.22040068568664	30.01951439762222	6.065290187500593E-4
131.0	29.63035932683197	20.100838789594018	20.137662265134214	30.13088726746764	2.5235097215675335E-4
132.0	29.507025462585666	20.21765780678679	20.110718921170108	30.152826582347686	0.01177122710975258
133.0	29.522225309841094	20.179857605743763	20.178365406322257	30.119437046432168	1.1463166071074571E-4
134.0	29.51575323924411	20.156210501489745	20.11903875518496	30.208911127693312	8.637638787420627E-5
135.0	29.587158977341122	20.07172207044972	20.171878461478627	30.168328869454474	9.116212760570748E-4
136.0	29.690525146437007	20.094800087788407	20.21250438781598	30.002038690001896	1.3168795670987708E-4
137.0	29.992496418553188	19.99642929922268	20.09547118286283	29.915340232266818	2.628670944842041E-4
138.0	30.046086077018273	20.003501749842183	20.196163252024377	29.753078262352982	0.001170658762181352
139.0	29.225986729184754	20.595460406553578	21.369118729405347	28.809296448253264	1.3768660305910069E-4
140.0	27.154704877468088	21.57213782982118	21.32080502837085	29.952157213782982	1.9505055690117112E-4
141.0	29.076895892787903	19.60443273048589	19.124704611978785	32.19285242950055	0.001114335246875708
142.0	31.517895756398794	19.28055504938479	21.08974171382807	28.102979774316395	0.008827706071951165
143.0	31.11782085403097	19.068526744068333	21.422933704105034	28.38636396139273	0.004354736402931183
144.0	34.0046867452802	18.355802700085132	19.150744032876034	28.488348619594234	4.1790216440191417E-4
145.0	27.59159262694765	20.22096636872981	18.953008284670325	33.23367763019744	7.550894547713011E-4
146.0	27.917216899785615	20.502988720831812	18.956429726624645	32.62319669562525	1.6795713267580753E-4
147.0	28.219097376145662	19.798765003591175	19.38826201685797	32.59347438632609	4.012170791007286E-4
148.0	30.71610454748669	19.14140627953602	20.196536891916157	29.945600808445942	3.5147261518657326E-4
149.0	33.237907136398434	19.37428879731585	18.885028334386895	28.490225563145966	0.012550168752856503
150.0	23.197669877600482	25.686835729684393	24.683174613347045	26.42928514377651	0.0030346355915709666
