# Position (bp)	A	C	G	T	N
0.0	22.020110419574845	29.564400562524195	28.619713481187258	19.74506183826428	0.05071369844942144
1.0	27.077770766866315	17.27419647409867	17.802704722268935	37.844625279022246	7.027577438407697E-4
2.0	30.337899782809828	20.077206891279463	18.87656374962756	30.70807769057065	2.5188571249353133E-4
3.0	36.662240594710994	18.395042884019507	19.432806575123355	25.509094274551643	8.156715945076355E-4
4.0	35.92225511706448	17.57401513361155	20.951945310266474	25.551392966946267	3.914721112277211E-4
5.0	37.207188309525954	17.894734512105025	20.048978318043616	24.848304518888316	7.943414370884293E-4
6.0	25.931359865375153	18.58762538866382	15.998499900426225	39.48233119695749	1.8364857731240948E-4
7.0	26.58408510058667	23.374516770832436	17.957226543050393	32.0710943038358	0.013077281694703811
8.0	26.046839248731256	22.497588932894665	18.44298272825475	33.012575121016745	1.3969102580149122E-5
9.0	35.469973757562606	17.920111976662305	18.97839250741064	27.631516947246116	4.811118332813556E-6
10.0	29.88200341341193	23.211913756207693	23.293583555383226	23.612497833400763	1.4415963892431345E-6
11.0	27.458753692829895	23.210205174692362	20.778360493511926	28.544560769642224	0.00811986932359611
12.0	29.57821240071671	20.48820521940765	19.526091277867508	30.407487743184415	3.3588237184373314E-6
13.0	29.901443148586974	20.30671173797043	19.557671381524695	30.23415934701036	1.4384907539136753E-5
14.0	29.959139336577735	20.529103710959205	19.98872680401923	29.522906999104077	1.2314933975422171E-4
15.0	30.348930462557778	20.490557214886888	19.873262336113182	29.287221254583777	2.873185837540256E-5
16.0	30.364517323752988	20.408963280260416	20.05101231018647	29.17547788902965	2.9196770471508265E-5
17.0	30.34337013001589	20.51474279437131	20.038109339386384	29.10377534418467	2.39204174981643E-6
18.0	30.26856007516313	20.4691128386946	20.103630239248403	29.15493258867201	0.003764258221859383
19.0	30.176773766213692	20.540109871264605	19.927744024936505	29.355295746557992	7.659102720319415E-5
20.0	30.043212180564943	20.60578473628337	19.82134983940255	29.52964701378512	6.229964016398761E-6
21.0	30.04256001221879	20.515733546095007	19.907852502856894	29.533752697774236	1.0124105507689009E-4
22.0	30.037647532905982	20.30178173981517	19.891526199228736	29.76885524548819	1.8928256192121993E-4
23.0	30.12592451515562	20.13595777935236	20.054541139536354	29.683254757252598	3.2180870306287184E-4
24.0	30.148691879118044	20.178900035416593	20.080184474583874	29.5922202387903	3.3720911859702512E-6
25.0	30.26692333362378	20.155457056804817	20.04791222455914	29.527571125699676	0.0021362593125865857
26.0	30.214511723701108	20.20492870913119	19.99788708383723	29.58266330304071	9.180289753620108E-6
27.0	30.148845710767443	20.244565781523555	20.065140250414025	29.54144632162442	1.9356705632715202E-6
28.0	30.100179310102636	20.231343419898774	20.13423615698688	29.53404628395044	1.9482906127078826E-4
29.0	30.069735029990362	20.224728432515178	20.051326073218544	29.65326687570422	9.435885716959492E-4
30.0	30.118409169947324	20.200214698747608	20.06646349466318	29.614771520642456	1.4111599943421243E-4
31.0	30.166618665481327	20.135865386835814	20.06143485063225	29.636077194647413	3.902403198425271E-6
32.0	30.205721234607118	20.158737687846166	20.131022872106954	29.504279082267757	2.3912317200359596E-4
33.0	30.321726735988847	20.09515259845224	20.07795925182733	29.505109936645873	5.147708570333222E-5
34.0	30.058271645642865	20.230322640897516	20.140703404775607	29.570648248658387	5.4060025628088906E-5
35.0	30.039896058033154	20.28994405544892	20.070324929139606	29.599577755776586	2.572016017352929E-4
36.0	30.145729345223675	20.163565906952222	20.111454995361182	29.57911982470443	1.29927758486607E-4
37.0	30.14875129401374	20.222345166590063	19.992657511154512	29.63623810401559	7.92422609358307E-6
38.0	30.25213035604864	20.032885493110403	20.025448146905674	29.68950025462447	3.57493108178348E-5
39.0	30.219625203247062	20.122506066274827	20.0390283940669	29.618816940063112	2.3396348094889137E-5
40.0	30.127265608297392	20.12798437490627	20.171140814962754	29.5721758608388	0.0014333409947871604
41.0	30.173280797250353	20.104187598837118	20.043929965257927	29.678575621974275	2.6016680334429617E-5
42.0	30.05872593137339	20.24036651651089	20.131148816825224	29.569550074831106	2.086604593891747E-4
43.0	30.15355462022471	20.12255448827876	20.061191097319035	29.66266962015986	3.0174017633182945E-5
44.0	30.11252940914522	20.14795288792885	20.133307307053258	29.603985852793414	0.0022245430792548833
45.0	30.150879285148747	20.14152768065025	20.128700410632362	29.5788890854297	3.538138944172029E-6
46.0	30.156475836212937	20.085839097277738	20.20600325301311	29.55165394352781	2.786996839581055E-5
47.0	30.116010705535523	20.17788127329575	20.064972391996413	29.641110228534917	2.5400637395466595E-5
48.0	30.141468237275546	20.130659017008213	20.067429173463303	29.659915396296533	5.28175956405691E-4
49.0	30.20422077732751	20.14023605030449	20.099909927858853	29.551064737797894	0.00456850671125227
50.0	30.1734808326686	20.11806758057429	20.09979877230455	29.608648719110665	4.0953418936285525E-6
51.0	30.186914249743737	20.04731001897282	20.122501209298715	29.64222388397877	0.0010506380059598943
52.0	30.122939457724435	20.091962443457053	20.179915462987424	29.605116769223123	6.586660796442454E-5
53.0	30.229019073733255	20.046459359421178	20.107585642253955	29.61683015995838	1.0576463323221666E-4
54.0	30.14996340206098	20.073701590498796	20.14611531096619	29.62993776798467	2.819284893611465E-4
55.0	30.136231708925514	20.12709223528245	20.091085732757747	29.64524998319313	3.4033984116028324E-4
56.0	30.14629829770163	20.121697204849063	20.11731709261238	29.614678561379915	8.843457009929283E-6
57.0	30.13669717979698	20.128502680205138	20.190499166405047	29.54217818135935	0.002122792233488703
58.0	30.18163400252381	20.153238276073054	20.090265447659107	29.574843967081065	1.830666296627986E-5
59.0	30.22403422647979	20.148743368389813	20.089821830374238	29.53739532982666	5.244929501119299E-6
60.0	30.22978962107587	20.140813821332497	20.058924236960564	29.569436362672306	0.0010359579587646346
61.0	30.217649623834138	20.188981232055365	20.046611077689988	29.546616751383276	1.4131503724030883E-4
62.0	30.19306568108582	20.12498309418225	20.083600253431573	29.598296517411587	5.445388876948391E-5
63.0	30.27191860324951	20.113025468544247	20.045187457244428	29.56943856959698	4.2990136483028567E-4
64.0	30.210727581208268	20.06175373664246	20.12284798325312	29.604606918428868	6.378046729142045E-5
65.0	30.165871598668392	20.120572413569143	20.109254665903368	29.59986269682681	0.004438625032285694
66.0	30.131155410527448	20.1616745914778	20.07998672000896	29.61228497509681	0.014898302888975257
67.0	30.14024057224556	20.143965130575697	20.09395119476512	29.62083936178366	0.00100374062997002
68.0	30.17853290088323	20.155864864171253	20.08766870667462	29.57776157764016	1.7195063073855677E-4
69.0	30.172084585579128	20.138033212739572	20.116626102839817	29.57322646477628	2.9634065200633183E-5
70.0	30.212253973153175	20.072050295435915	20.090875498295084	29.624731093516683	8.913959914376066E-5
71.0	30.090317170388513	20.132976456800517	20.18162419962706	29.5872532402978	0.007828932886107122
72.0	30.206561327869373	20.07250536567467	20.1129317207593	29.604734359546935	0.0032672261497176773
73.0	30.1658840114517	20.12704288397314	20.111649594442692	29.59411045212913	0.0013130580033402452
74.0	30.209275529671253	20.10406177022279	20.069556177453585	29.617093957682393	1.2564969977069531E-5
75.0	30.12555306834172	20.136395349251945	20.137687812384407	29.598384257814388	0.0019795122075389193
76.0	30.116807427514768	20.14583185659971	20.09588561675423	29.641474549734188	5.49397100961156E-7
77.0	30.169347420074445	20.12963129361926	20.11462949044957	29.586262864210138	1.2893164659002573E-4
78.0	30.161778770225244	20.12147641466688	20.12029052629422	29.59644986798095	4.420832703295597E-6
79.0	30.25928663039754	20.081521728286976	20.119810100756975	29.539032935415804	3.48605142702873E-4
80.0	30.294748189252058	20.062273195926814	20.096230305503294	29.546172331625026	5.759776928064895E-4
81.0	30.16830162510286	20.104838956869585	20.174773861630417	29.54077722298234	0.011308333414790879
82.0	30.15118672866437	20.09230908810241	20.193813660120213	29.559827001457762	0.002863521655239901
83.0	30.229206953466463	20.147967849245138	20.03132168445235	29.589211635740508	0.002291877095535183
84.0	30.24670714693936	20.131657675389146	20.074071005453014	29.54753378198954	3.039022894259489E-5
85.0	30.246153645025597	20.119622605527617	20.103050627972845	29.530999261909702	1.7385956423703346E-4
86.0	30.162569480880652	20.115265149148286	20.140781284987302	29.581055125792293	3.289591914629235E-4
87.0	30.199121247610215	20.10651566838516	20.15104553890109	29.54329368920719	2.3855896345176147E-5
88.0	30.176462031878653	20.156059612643492	20.098790343672366	29.566018507635373	0.0026695041701130903
89.0	30.13328012579103	20.1865473689938	20.09773061459073	29.582394442417858	4.7448206580985076E-5
90.0	30.259423565247673	20.137710582825317	20.053680980935322	29.549155619364125	2.9251627564859422E-5
91.0	30.20268677293419	20.114717134320614	20.153339082406774	29.529221911507424	3.509883100063625E-5
92.0	30.193936672756983	20.1374618869374	20.156188873268796	29.512394671886355	1.789515046617733E-5
93.0	30.210824377452077	20.138745120895756	20.157232431578908	29.493079342630825	1.1872744243748991E-4
94.0	30.224530429899165	20.112215267035754	20.14982816726332	29.51341509437811	1.1041423650016996E-5
95.0	30.25197658453266	20.17238149303627	20.107475536856615	29.46815764034107	8.745233388678418E-6
96.0	30.191753862145397	20.139298787539605	20.165637204042255	29.50330488163123	5.264641507658552E-6
97.0	30.186726113781436	20.157216012362305	20.083925290161496	29.571869627857737	2.6295583702499656E-4
98.0	30.12102674606536	20.195825775745096	20.112188973137016	29.570766488392547	1.9201665997798818E-4
99.0	30.15407408685707	20.163638153812986	20.14353074171133	29.538739287778128	1.7729840491717033E-5
100.0	30.156065464445597	20.15938326808094	20.130624106832425	29.5539218231191	5.337521935880776E-6
101.0	30.23059894819339	20.175748850022647	20.098812604360624	29.49403317525574	8.064221675991059E-4
102.0	30.200638508363646	20.118107358290363	20.11658301009526	29.564560022637764	1.1110061296597433E-4
103.0	30.172348391620655	20.14025044775912	20.126048480886823	29.561238176750177	1.1450298322535492E-4
104.0	30.180803005528322	20.164319928908778	20.148186736720568	29.506684311913155	6.01692917174834E-6
105.0	30.248006763365137	20.16120243346351	20.151877985491666	29.43890436286935	8.454810337165154E-6
106.0	30.25048703905369	20.125271494687112	20.122600063890054	29.501551687879022	8.971449012130411E-5
107.0	30.196132837897494	20.137954115290754	20.166224139384077	29.499525222533872	1.6368489380105835E-4
108.0	30.185337314146317	20.148274835895432	20.133380353708247	29.53297328835916	3.420789084535694E-5
109.0	30.26194382169325	20.14767862623703	20.119088164692048	29.47128386798355	5.5193941206530725E-6
110.0	30.154881101280374	20.138647112505062	20.18350107514888	29.522761326062813	2.0938500286814347E-4
111.0	30.195507789457317	20.15610782504074	20.136380415307396	29.5119081130044	9.585719015228536E-5
112.0	30.135330492772365	20.165914836804756	20.11092377929349	29.587818473032705	1.241809667621136E-5
113.0	30.1895076691484	20.13807194133871	20.109254427153118	29.563155363559606	1.0598800163450954E-5
114.0	30.221497481052488	20.195751481207243	20.11448258972694	29.46826782200122	6.260121050708734E-7
115.0	30.262195793047976	20.156932423429666	20.097635233941332	29.476266510315867	0.00697003926516213
116.0	30.15116506907958	20.19783731832335	20.15730462459843	29.493692356766253	6.312323821858572E-7
117.0	30.167994908191563	20.174531490512845	20.190030322169132	29.46609533410288	0.0013479450235740116
118.0	30.215210519956692	20.175058737927987	20.15728370369856	29.451987822432834	4.5921598392629413E-4
119.0	30.206054799299555	20.20018043268719	20.101004709084172	29.492758139473253	1.9194558327358547E-6
120.0	30.20038926097195	20.20066509232595	20.13157226295186	29.467360527476455	1.285627378221823E-5
121.0	30.1686542903347	20.225118235866844	20.155097841291862	29.451125757482455	3.8750241422077025E-6
122.0	30.167963129589488	20.201506381195053	20.127495533045998	29.503033009232855	1.9469366062254907E-6
123.0	30.181030126419884	20.187828128105988	20.150431621276134	29.48068534966418	2.4774533813359483E-5
124.0	30.100428588453703	20.216037480055267	20.133361195859774	29.55017142535789	1.3102733693430086E-6
125.0	30.13884805177302	20.242273543437886	20.140770096994494	29.47792069806513	1.876097294748011E-4
126.0	30.169656358896734	20.180352437311768	20.182324936466607	29.467635839772534	3.0427552355035668E-5
127.0	30.224109267347355	20.167776822195183	20.195215763552458	29.407970480866798	0.0049276660382091666
128.0	30.17609122752298	20.22062870675455	20.186120947357495	29.417159118364978	0.0
129.0	30.19712544818775	20.19944960925802	20.152135298544447	29.450142781075968	0.0011468629338152658
130.0	30.174077278931925	20.176821641677254	20.171212039973156	29.477881611270472	7.4281471945441195E-6
131.0	30.237378618587414	20.207483317011253	20.13738886785034	29.41774580208093	3.3944700701664796E-6
132.0	30.240834088833246	20.219261159247186	20.162179676900582	29.37770322956739	2.1845451594704996E-5
133.0	30.215228509461678	20.275567832179448	20.1587749386369	29.35042597409265	2.745629318488814E-6
134.0	30.136878694814236	20.22844524952978	20.166786040764844	29.46787068901471	1.9325876434708203E-5
135.0	30.09490903663773	20.2365401061502	20.193734381575474	29.47481508717021	1.3884663901369235E-6
136.0	30.139014816942687	20.181948623095415	20.21376885096725	29.464588156708277	6.795522863697309E-4
137.0	30.171367681699294	20.250854152805488	20.198456787301936	29.379320675523736	7.026695477148705E-7
138.0	30.214641928015546	20.25561029114153	20.154686324269168	29.375055094884	6.361689757256085E-6
139.0	30.15696476786049	20.279973587526236	20.16328224454617	29.39908521094007	6.941891270337723E-4
140.0	30.110612070249378	20.268539550107494	20.136144428543425	29.47228522156873	0.01241872953097737
141.0	30.137934658234162	20.267374158839317	20.190096715986822	29.404592305211974	2.161727728893748E-6
142.0	30.110481566650748	20.20617521221161	20.22475588274658	29.458552513237386	3.4825153677417606E-5
143.0	30.150822607923942	20.246969433832714	20.13260986640823	29.46949798729967	1.0010453543984062E-4
144.0	30.30064504032867	20.190350356149306	20.14943637168925	29.35661648762814	0.0029517442046275892
145.0	30.260542665983436	20.197674352976353	20.28487171000428	29.256904604854466	6.666181467414082E-6
146.0	30.410157029615963	20.099840309245064	20.221360973152834	29.26863720468355	4.48330258958397E-6
147.0	30.33220026237946	20.11648486280981	20.228170443224023	29.321209164142463	0.00193526744423924
148.0	30.25432090243156	20.2931193531696	20.21082336433976	29.24167708078492	5.9299274161679323E-5
149.0	30.240940923885407	20.21867330490173	20.33536534274687	29.204970599386638	4.982907935838973E-5
150.0	29.942532210822865	20.193250513486007	20.536043651179867	29.328173624511262	0.0
