# Position (bp)	A	C	G	T	N
0.0	27.13163048360493	23.17770518529673	26.1996362328009	23.429596925519334	0.06143117277810635
1.0	28.826405583318238	18.98220209251989	19.74791644934961	32.437893934912005	0.005581939900255067
2.0	29.905983623738546	19.869845011691854	18.60649318666612	31.612759501027554	0.004918676875920377
3.0	31.718688911053583	19.417404385457537	19.845956122202026	29.0135283324987	0.004422248788152885
4.0	32.627341012999274	18.871899546714033	20.19176395729166	28.307963275750815	0.0010322072442253208
5.0	33.00302970764744	18.981489054610446	19.827951759508878	28.185303480656287	0.002225997576950673
6.0	29.137880472844575	18.743336947165645	18.31796524496245	33.79541699149993	0.005400343527406383
7.0	28.64430949425084	21.262313808310335	18.763288343354503	31.304708841196714	0.02537951288760582
8.0	28.636145375721366	20.78653544702375	19.08402362037169	31.49251510568999	7.804511932029298E-4
9.0	32.00736445387996	19.187432334969987	19.473959145665027	29.328849831856463	0.002394233628567239
10.0	29.885320768347107	21.190046502852848	21.11877949195352	27.793606383157243	0.012246853689281176
11.0	29.022237551413678	21.161011080648088	20.205323253836433	29.5938799668306	0.01754814727120205
12.0	29.917529743662502	20.062680707038325	19.81697273890144	30.200688919363717	0.0021278910340188774
13.0	30.098578509840635	19.98284733018351	19.75750332978605	30.159677559851367	0.0013932703384385338
14.0	30.09280774162391	20.091185772318564	19.864615361019286	29.946880870814407	0.004510254223826273
15.0	30.266317626033985	20.135975230786567	19.77537373533376	29.821727761523565	6.056463221298993E-4
16.0	30.38504792620343	20.005220160335167	19.877057969826968	29.72903219775615	0.0036417458782910025
17.0	30.34544473137502	20.02739569464852	19.99946698963483	29.625556325513486	0.0021362588281463794
18.0	30.408822942155332	19.899108086222764	20.080225484497713	29.606827489431225	0.005015997692965302
19.0	30.2901327619211	19.98451011665866	19.885115427443818	29.83955205031952	6.896436569034815E-4
20.0	30.090839718622654	20.178662009300687	19.86470852300605	29.86525863757427	5.31111496333877E-4
21.0	29.93042568490074	20.24146681207212	19.851733586099282	29.97480009121035	0.0015738257174990966
22.0	29.90225055617432	20.114485779306797	19.819025901330523	30.163573713312218	6.640498761351672E-4
23.0	29.993943707847116	20.005154471457555	19.917300679744702	30.080609735717328	0.002991405233300525
24.0	30.03214283919909	20.03854093525411	19.963278236822926	29.96339046695107	0.002647521772807984
25.0	30.02390521121453	20.016602642268737	20.02217213525819	29.932000410476533	0.0053196007820090815
26.0	30.034908161944358	20.030596767965562	19.999216348052407	29.934181413070988	0.001097308966685569
27.0	29.970967089774753	20.069394011375053	19.987748315250077	29.971022761388337	8.678222117850682E-4
28.0	29.99538261846436	20.056454518218082	20.032301178198715	29.914122277410936	0.0017394077079040998
29.0	29.96015910618035	20.059482851891822	20.013504697728315	29.96515598222997	0.0016973619695479145
30.0	29.950095432770592	20.057191376794332	20.02367550820951	29.967920431758234	0.0011172504673323778
31.0	29.948450850613245	20.04521645161001	19.987193108230557	30.01801157775471	0.0011280117914832602
32.0	29.957349444252234	20.083191425962962	20.02096528922691	29.937229417624316	0.0012644229335709543
33.0	30.015505307658724	20.057821517527483	20.017873713914483	29.90569979098848	0.003099669910833216
34.0	29.91754133008506	20.10652993367463	20.019319445355176	29.954731278998658	0.0018780118864702461
35.0	29.884401674760053	20.108440946465137	19.99869669126031	30.00583908947489	0.0026215980396105984
36.0	29.94091868661945	20.052547087593044	20.04319579548556	29.96145148804083	0.001886942261118407
37.0	29.965015635867502	20.077743477326834	19.98219034984983	29.97470773496898	3.428019868535605E-4
38.0	29.97574760562723	20.01726120079628	19.99881577912474	30.00726202586271	9.133885890413849E-4
39.0	29.97160851576885	20.05881147155116	19.975097924071665	29.993778260524333	7.038280839936677E-4
40.0	29.90810985587064	20.076994527599336	20.04760064567539	29.96465662665857	0.002638344196060324
41.0	29.92547066913008	20.055889361933215	20.003763938863468	30.014216193229792	6.598368434431448E-4
42.0	29.90740928066996	20.113241465480336	20.02249523940081	29.95454839788575	0.0023056165631434116
43.0	29.892060590609717	20.071712737240958	20.025121296447576	30.00843322203203	0.002672153669724926
44.0	29.870820265009744	20.097714471332758	20.043447725499046	29.987342857646865	6.746805115866095E-4
45.0	29.880508630711933	20.082129824211254	20.048073427328987	29.985230986596363	0.004057131151465429
46.0	29.902117747718922	20.04752634669292	20.078061683018216	29.971578937395222	7.152851747246216E-4
47.0	29.920866267081475	20.100453064891806	20.0041482013191	29.973688932946562	8.435337610614139E-4
48.0	29.904367105129808	20.059051279793984	20.001930827363644	30.02903907414547	0.005611713567094476
49.0	29.91986538068852	20.063577794538794	20.029415483056837	29.977803093126372	0.009338248589472334
50.0	29.928915474018208	20.09183807558145	20.01267165833992	29.965692542193683	8.822498667406379E-4
51.0	29.921397648112674	20.079089410952495	20.022635465547808	29.973053543577503	0.0038239318095201116
52.0	29.913657734653658	20.080464672934227	20.061968002144535	29.943352127894475	5.574623731076274E-4
53.0	29.92352340333852	20.087823339662105	19.974798396192796	30.011250263583158	0.0026045972234195387
54.0	29.892115701382377	20.09013970144137	20.009357696713373	30.007432104437225	9.547960256554561E-4
55.0	29.8670603958813	20.063402158263415	20.035159112260935	30.031597812605654	0.002780520988694653
56.0	29.87710507732684	20.07117002812918	20.018301713573987	30.032583973622312	8.392073476799327E-4
57.0	29.904831067763123	20.05807238684993	20.061699939532026	29.968136243167997	0.007260362686923014
58.0	29.89580293701733	20.07343685515367	20.01062312255981	30.01684931898253	0.0032877662866646123
59.0	29.91572133905566	20.06934022086344	20.016822721591954	29.997317756888016	7.979616009251705E-4
60.0	29.92746824595048	20.049608033330497	20.015162424024567	30.003426905569597	0.004334391124861891
61.0	29.91377433370871	20.079184824684816	20.035862013945447	29.97014177018173	0.0010370574793001292
62.0	29.92495447847851	20.03895770576108	20.014854816009432	30.019051180911223	0.002181818839750249
63.0	29.92567348569395	20.08589197239865	19.9746057743372	30.010409801250137	0.0034189663200703637
64.0	29.908299347672397	20.047178532142702	20.01419390388828	30.028656710013387	0.0016715062832331046
65.0	29.864004454119904	20.0693487835796	19.99271411607503	30.064705622211847	0.009227024013624702
66.0	29.85492291372725	20.059028821437842	20.016351560374154	30.047052942486868	0.022643761973887237
67.0	29.872327672377864	20.055789039668344	20.046738133416746	30.022688633787954	0.0024565207490949183
68.0	29.858092774864147	20.12488112027598	19.984773612688052	30.027377358006728	0.004875134165094881
69.0	29.859798483920663	20.097361437981828	20.02262899133366	30.016426070292262	0.003785016471580609
70.0	29.879308135652995	20.046635180450156	19.978853231378242	30.094768095935105	4.35356583506514E-4
71.0	29.81072116846026	20.09356132301833	20.018318433492215	30.06432689488629	0.013072180142898482
72.0	29.865573777927974	20.06889916559124	20.04052699978	30.017666150311513	0.007333906389271305
73.0	29.855867505887613	20.105596504528037	20.013314912782338	30.01927035907489	0.005950717727122637
74.0	29.88813149079032	20.076979998614814	20.000637915510826	30.03154765593389	0.0027029391501507305
75.0	29.853038282719417	20.08721299058677	20.03534447158261	30.018516250153798	0.005888004957396913
76.0	29.841619575511157	20.08429504371284	20.015828392553146	30.057447642128544	8.093460943163963E-4
77.0	29.83668298826212	20.107780815285018	20.01912513772103	30.034992465120762	0.001418593611065456
78.0	29.841821974505976	20.090041341534494	20.017520046923703	30.0483797221829	0.0022369148529214687
79.0	29.866783612041097	20.08450697265406	20.03867398873339	30.00745585765706	0.00257956891439128
80.0	29.892876554626046	20.059024926358845	20.000476475491936	30.046989946478014	6.320970451570129E-4
81.0	29.815096002340834	20.10302938743957	20.040703425288086	30.022729413643372	0.018441771288135032
82.0	29.81087747072444	20.07818241962997	20.059533340780092	30.04740549796531	0.004001270900188288
83.0	29.861699666616353	20.1042566017425	19.969002932949742	30.05963050304955	0.005410295641855179
84.0	29.855522116161314	20.097503990234415	20.016759040510976	30.02624672601532	0.003968127077973081
85.0	29.848137940328286	20.09000725097579	20.021374230185764	30.03869836410109	0.0017822144090707196
86.0	29.802574883960315	20.109662874371065	20.009873580232323	30.077256941255122	6.317201811765981E-4
87.0	29.82938178861671	20.091512898597262	20.010047242939116	30.06884571415857	2.1235568833611763E-4
88.0	29.82414618867873	20.11134154212259	20.007380096600187	30.052854210635395	0.004277961963097407
89.0	29.784584213612632	20.112274696082725	20.022188627350396	30.080314251023175	6.382119310737157E-4
90.0	29.803506510198545	20.132741047285823	19.979040209906778	30.08455514395595	1.5708865290556186E-4
91.0	29.788119709047145	20.133468330042557	20.017893191907415	30.060287311381245	2.3145762163671917E-4
92.0	29.79266967412087	20.137300907000167	20.02922775219268	30.040482171190973	3.1949549531320076E-4
93.0	29.78975706300578	20.164612128597387	20.027756875240364	30.017014215366935	8.597177895340321E-4
94.0	29.799204995784734	20.123723589188366	20.013792461106036	30.062900586139467	3.783677813948421E-4
95.0	29.82419068702545	20.156119952598416	19.97991660339004	30.03945860072772	3.141562583729108E-4
96.0	29.808814044311294	20.14404801923221	19.998023046523326	30.048922878134736	1.920117984337713E-4
97.0	29.801729188820058	20.17840937837593	19.95520809568205	30.063796950551758	8.5638657020354E-4
98.0	29.783363623641463	20.18614350263534	19.988526299052175	30.040699092826394	0.001267481844624783
99.0	29.781459405840526	20.16894115016058	19.99335167292799	30.055978960359685	2.6881071121338465E-4
100.0	29.759613908308342	20.1355648617975	20.013340954298712	30.089468024358553	0.0020122512368947777
101.0	29.75512677756187	20.17337841232164	20.00211888293518	30.066066630007242	0.0033092971740700805
102.0	29.760509273280366	20.155717857488	20.0189817249908	30.064384011739133	4.071325017012392E-4
103.0	29.774885717107892	20.165668939194717	20.031967690479267	30.02725893184841	2.1872136971445651E-4
104.0	29.73610830562584	20.199026003387885	20.00371919731358	30.060972241956062	1.7425171662903907E-4
105.0	29.76087026715145	20.172913796604437	20.01615037197577	30.049841798783994	2.2376548435069585E-4
106.0	29.769155082283167	20.15888464519484	20.020914791705234	30.05055352549646	4.919553203029587E-4
107.0	29.755771073411495	20.153604522759508	20.02514375716601	30.06491055158987	5.700950731180466E-4
108.0	29.707728379601768	20.1873219986885	20.054833050458615	30.049908936218294	2.0763503282344035E-4
109.0	29.759621648631114	20.158040133120984	20.003089963087767	30.07901233471394	2.3592044619812416E-4
110.0	29.69799390148341	20.194959233891844	20.040874246342444	30.065727343400205	4.452748820995601E-4
111.0	29.75774653389723	20.154306801370854	19.996015561435097	30.09157033122066	3.607720761615765E-4
112.0	29.751585881069897	20.151697689614466	19.967928580653552	30.128284278580004	5.035700820781266E-4
113.0	29.725384839929426	20.155274193497004	20.04780170483317	30.07110046767233	4.387940680732294E-4
114.0	29.742957930795132	20.210565571452623	20.00470148200531	30.041423499319126	3.5151642780891054E-4
115.0	29.775549567092206	20.156699586208497	20.06677932360403	29.990547386401477	0.010424136693782848
116.0	29.715741549818702	20.218124950466763	20.041542802018988	30.02425753145014	3.3316624541328515E-4
117.0	29.682485810940484	20.177373392480742	20.05220787530234	30.08440599141563	0.0035269298608043074
118.0	29.672578739682365	20.19660569085433	20.06607532606659	30.06367859182861	0.0010616515681070695
119.0	29.73619351199191	20.189123074235557	20.012993163444882	30.061431738647375	2.585116802701484E-4
120.0	29.68187032845046	20.195096570494147	20.05623227434741	30.066378362174806	4.224645331840381E-4
121.0	29.705405976116506	20.221032803302606	20.065020145631735	30.008170649261274	3.7042568787947914E-4
122.0	29.663620575502303	20.222874457616395	20.04975911621078	30.063509830940095	2.3601973042852562E-4
123.0	29.66509399605265	20.194469212193756	20.090692668450522	30.049511555834997	2.3256746807975484E-4
124.0	29.630014240867514	20.175936316965675	20.066109511534304	30.12757252025499	3.674103775143693E-4
125.0	29.62518055842099	20.209839918787083	20.067268549114363	30.096905766383365	8.05207294201073E-4
126.0	29.62723404912559	20.20394476336489	20.10009073189077	30.06827166854465	4.5878707409560714E-4
127.0	29.744328772588013	20.14355057713491	20.085350401886856	30.018479435316927	0.008290813073292182
128.0	29.823097701317806	20.05296592051879	20.171097920086183	29.951522840694416	0.0013156173827972334
129.0	29.68028735178446	20.05667419170685	20.28037256123353	29.980449670359587	0.0022162249155755513
130.0	29.548414220235227	20.08235594024646	20.24091248420087	30.127813060660092	5.042946573511117E-4
131.0	29.46919557684445	20.14204859041641	20.077819246743434	30.30971198557324	0.0012246004224723917
132.0	29.241258562121942	20.345885547651342	19.995165944261277	30.415503604598175	0.002186341367263885
133.0	29.281503000247355	20.25333150244241	20.151202913576984	30.31364230508488	3.202786483630177E-4
134.0	29.354072638933378	20.16869532305794	20.110329136270227	30.36620500121473	6.979005237275326E-4
135.0	29.45466491739113	20.06383461063748	20.225728695220045	30.25245452872664	0.003317248024700476
136.0	29.54384552143447	20.12260851630784	20.254435450714308	30.077846775617413	0.0012637359259711205
137.0	29.775776416871462	20.073559863699227	20.147609739638014	30.002570415081202	4.8356471009221037E-4
138.0	29.838775243934396	20.084177179019647	20.257435564550825	29.818402179855312	0.0012098326398181584
139.0	29.234529199558928	20.528851695968292	21.294067962535557	28.935190004991547	0.00736113694567403
140.0	27.531699097339292	21.334705718600713	21.280461610861213	29.835758252853534	0.017375320345248788
141.0	29.023261943877575	19.72801443628168	19.39351841874483	31.854790756542794	4.1444455312101614E-4
142.0	31.060983507507906	19.404740767337145	20.916949371508792	28.61651590316317	8.104504829868701E-4
143.0	30.977746622208613	19.08711058865483	21.354203957280795	28.5700066673006	0.010932164555164176
144.0	33.22839234365945	18.746701779510104	18.865397321173724	29.155050611062684	0.004457944594034973
145.0	27.85814205504901	20.21201370419362	19.170991293649315	32.75863671668775	2.1623042030757638E-4
146.0	28.00001052062623	20.471850535891026	19.083206553792635	32.444691854005	2.405356851099239E-4
147.0	28.630671999295043	20.190025201129455	19.64160055729327	31.534114449282157	0.0035877930000730706
148.0	31.11757610699357	18.95705960519847	19.994979043779978	29.930063065623035	3.221784049436151E-4
149.0	31.702281767791767	20.3378495790287	19.37739609324455	28.580477086230932	0.001995473704052607
150.0	22.629341296997495	26.88838382503579	23.17584372059684	27.25353021579332	0.05290094157655378
