# Position (bp)	A	C	G	T	N
0.0	26.338139071244505	24.140035348106178	24.768500192202875	24.694507725222596	0.058817663223844664
1.0	28.741175976461903	18.424325353929905	18.96635004004807	33.86241147607542	0.005737153484698099
2.0	30.05724700955706	19.744883009077807	18.8656933569095	31.327420268740415	0.00475635571522204
3.0	32.73496884636418	19.067417128176785	19.549247374219078	28.644523398423257	0.003843252816698605
4.0	33.051664496107946	18.575058574711612	20.13394292388512	28.238332253895088	0.0010017514002323361
5.0	33.63116737485791	18.705015046759023	19.689478413569322	27.97225168247583	0.0020874823379196613
6.0	28.606749345892034	18.802630291957687	17.882459400316836	34.70272474495445	0.005436216878984043
7.0	28.606867798866674	21.282910437786192	18.63862981369756	31.447470443066056	0.024121506583513
8.0	28.429729622155865	20.82223151233175	18.918929261053343	31.828416759802092	6.92844656951593E-4
9.0	32.61455486961851	18.806642255466524	19.28364369456916	29.292756620998826	0.0024025593469811837
10.0	30.113988626676342	21.184305331365742	21.251327503927982	27.437917238129117	0.012461299900817487
11.0	29.00880643738532	21.147596165930075	20.153849811561685	29.67286057554434	0.016887009578580244
12.0	30.011414599948488	19.893145260342163	19.621921495576093	30.47135340996846	0.0021652341647991524
13.0	30.169081700219415	19.83527768781699	19.607312393428856	30.38687051429987	0.0014577042348735123
14.0	30.15963607308597	19.968025305504426	19.76820115433866	30.099723051371207	0.0044144156997358635
15.0	30.342491553423674	19.977967894255823	19.70050325467991	29.978423859337816	6.134383027787412E-4
16.0	30.403856082871055	19.897606183602807	19.792113616844944	29.902867393064582	0.0035567236166173994
17.0	30.379891423574172	19.925407383007133	19.860764237016078	29.831943542716438	0.001993413686175441
18.0	30.366327540081045	19.867325701793163	19.91129447719997	29.850175673231412	0.004876607694416016
19.0	30.278075932499103	19.92834342849539	19.75685986245505	30.035926617128062	7.941594223925464E-4
20.0	30.137351566096406	20.040508200837934	19.75073736090967	30.070805704635767	5.971675202234107E-4
21.0	30.062484199605027	20.05334795472331	19.751406732931134	30.131313029801056	0.001448082939471668
22.0	30.050359888036283	19.927770770961164	19.734513640112255	30.286692927665843	6.627732244548237E-4
23.0	30.124438421845706	19.844374411464237	19.81990195563521	30.208190024196778	0.003095186858071899
24.0	30.142045310712064	19.87224584311173	19.85339077301539	30.12958292410363	0.0027351490571853906
25.0	30.158680863942912	19.86399520083532	19.889650049444313	30.082520764629912	0.00515312114754645
26.0	30.151977646892263	19.883501993496235	19.862753469432633	30.10075231027144	0.001014579907423014
27.0	30.08873180587639	19.91644058946062	19.867179263669673	30.12670511368419	9.432273091242808E-4
28.0	30.096681437606648	19.911645352481468	19.9189650763042	30.070957669335485	0.0017504642721965793
29.0	30.071937564490437	19.921489119661835	19.880426256090665	30.12445805729234	0.0016890024647256382
30.0	30.06673020719635	19.90233140668456	19.892444480259606	30.137309710684352	0.0011841951751357732
31.0	30.085092389873786	19.896632936323392	19.880676141108438	30.136542806823574	0.0010557258708101766
32.0	30.08389272432412	19.927238024203536	19.901385247997702	30.08627065360527	0.0012133498693757188
33.0	30.13725387685066	19.904996535094373	19.89396264361077	30.06074699474973	0.0030399496944620934
34.0	30.03603219758984	19.949547260930185	19.90604061647748	30.10649698332845	0.001882941674040284
35.0	30.022084453172248	19.959458123575736	19.868824055303172	30.146787237600215	0.0028461303486317655
36.0	30.0621996476343	19.911739972737017	19.89545559261178	30.128723295048975	0.0018814919679242174
37.0	30.079186912137835	19.920821312991798	19.854019801057444	30.14563250028074	3.394735321833695E-4
38.0	30.095716789276256	19.860923144715784	19.875401730160984	30.167062042462273	8.962933847028348E-4
39.0	30.088680368076076	19.922439455549878	19.858505727655597	30.12964434411398	7.301046044602722E-4
40.0	30.038172373364763	19.9330049355433	19.923603154999043	30.102848010731403	0.0023715253614987634
41.0	30.057736830515864	19.90203930546176	19.863720730738283	30.175904004688718	5.991285953771147E-4
42.0	30.002041975322125	19.977381708417997	19.895794969401155	30.122755859817964	0.0020254870407629797
43.0	30.026259781690218	19.93280014017104	19.896172935475093	30.142210804247565	0.0025563384160851364
44.0	29.997935542578848	19.945761833037594	19.90798461770268	30.147704064245733	6.139424351464416E-4
45.0	30.0100704198379	19.929127088393766	19.934570064650952	30.122125066466676	0.0041073606507082685
46.0	30.029635046487417	19.89289355358219	19.961460580858144	30.11531330479335	6.975142788956966E-4
47.0	30.04598438885595	19.942145923563494	19.88624924801984	30.12475004169573	8.703978649828735E-4
48.0	30.035093129194824	19.914387563543176	19.884307037611883	30.16045804090145	0.0057542287486695935
49.0	30.05192045726504	19.921861210950524	19.912305477704983	30.10527458187405	0.008638272205404066
50.0	30.045243308431292	19.953242594726394	19.89939742950408	30.101133967658278	9.826996799541217E-4
51.0	30.058696998603	19.910112825119207	19.910447829858597	30.11684733739854	0.0038950090206587235
52.0	30.03433315669255	19.92498613067848	19.959004710285104	30.081156091370577	5.199109732920649E-4
53.0	30.059931598198286	19.92961905702433	19.867817804616543	30.140123883511237	0.0025076566496044696
54.0	30.015466294039562	19.940960299655853	19.91222064137524	30.130432697997588	9.200669317609514E-4
55.0	29.986480503726508	19.950378238322756	19.908787339140073	30.15173627708336	0.0026176417273032467
56.0	30.003590612015866	19.950785785623694	19.90679087263115	30.138037904333064	7.948253962235831E-4
57.0	30.011471691215252	19.954625000899895	19.93728600131275	30.089832888916156	0.006784417655950052
58.0	30.034100098412313	19.954696574169635	19.90217225003731	30.105686238554906	0.003344838825834807
59.0	30.041470139335846	19.94041246459237	19.903595827422627	30.113771460331627	7.501083175281161E-4
60.0	30.038393448197326	19.92172284259345	19.912684510419947	30.122899884025667	0.004299314763613651
61.0	30.043538005703702	19.942386445418602	19.92414241113094	30.088865348380654	0.0010677893661005247
62.0	30.036247591891996	19.938619781897057	19.91477259864928	30.10827514039111	0.0020848871705605194
63.0	30.049423518675113	19.968251139206703	19.877349725625944	30.101951703927927	0.0030239125643138683
64.0	30.046040473489377	19.93455578794251	19.915554306491558	30.10223404381162	0.0016153882649292723
65.0	29.996558696108966	19.94125101347332	19.90592494630462	30.147813857407517	0.008451486705583553
66.0	29.97819146178849	19.942087808614804	19.923230789883274	30.13373791177745	0.02275202793598336
67.0	30.005051755082786	19.929896395409106	19.943114340990828	30.119636091185097	0.0023014173321851852
68.0	29.975752731746635	20.009772675445504	19.883754234050926	30.12593024035265	0.004790118404285993
69.0	29.990955592340885	19.96425467784292	19.902371888596324	30.13850777976875	0.003910061451123606
70.0	30.00925258941009	19.936607692125463	19.877808100815717	30.175951548531227	3.800691175015725E-4
71.0	29.956177303104344	19.976055806220067	19.905540475086735	30.14900065542962	0.013225760159239767
72.0	30.002724746731964	19.93956560260321	19.930920797838183	30.12024137536806	0.006547477458582637
73.0	29.98723279657341	19.97051884804957	19.922178756275834	30.114177193264947	0.005892405836243235
74.0	30.02089940921951	19.94901904274847	19.922789231932747	30.10466819833303	0.002624117766248331
75.0	29.964492906514806	19.981031203718704	19.952024698492398	30.09717521001603	0.005275981258061148
76.0	29.956289618211063	19.981591062202693	19.91745105850903	30.143836502485783	8.317585914301988E-4
77.0	29.99151350437355	19.994195790053585	19.90456672048344	30.108271053107	0.001452931982419294
78.0	29.968931649087455	19.972772912194223	19.920117910774163	30.13609235974881	0.002085168195350481
79.0	30.01607508702633	19.974418476454588	19.93076208329477	30.076145719307938	0.002598633916371791
80.0	30.043258137025052	19.955342586153456	19.887074987763114	30.113690871567165	6.334174912103451E-4
81.0	29.954996183425997	19.992920203281084	19.939585119097654	30.093914398797505	0.018584095397762793
82.0	29.952051506551836	19.962538039790267	19.948616912452913	30.13290553970649	0.0038880014984916276
83.0	29.989274911090302	19.98203647384752	19.891572982844743	30.13226008805129	0.004855544166150627
84.0	29.99746879102322	19.985664228241024	19.922422179432342	30.09042142388721	0.00402337741620495
85.0	29.967597933286893	19.98219390246633	19.942716111294164	30.10589164692195	0.0016004060306626482
86.0	29.938856065305654	20.011617611029816	19.90241593555149	30.146436787427593	6.736006854453865E-4
87.0	29.962118539276062	19.984875560731894	19.933820090671762	30.118956838539933	2.2897078035347804E-4
88.0	29.969596409492866	19.989777417281594	19.918545305775375	30.11768214846568	0.004398718984487547
89.0	29.935262532963257	20.00174432977402	19.931504417275917	30.130891047802443	5.976721843617227E-4
90.0	29.953522608198817	19.9931981760357	19.914122303410615	30.13896173806608	1.9517428878909802E-4
91.0	29.917194077520143	20.006360178014155	19.942126022553	30.134108930139508	2.1079177319169453E-4
92.0	29.923543581470124	20.016874896076285	19.955104616344315	30.104165916658136	3.1098945113640787E-4
93.0	29.93637885065571	20.029892234151035	19.960755749939864	30.072170257167734	8.029080856570804E-4
94.0	29.949546512182078	20.010393290471722	19.94471490720685	30.094968364846974	3.769252923713564E-4
95.0	29.983112963238455	20.022271338947643	19.9178373184487	30.076465259389778	3.131199754241661E-4
96.0	29.930924543458858	20.028813960984436	19.939199939525036	30.100836412315786	2.2514371588582333E-4
97.0	29.92523674580391	20.04773135070431	19.881367632793566	30.144888267904335	7.760027938835392E-4
98.0	29.915595946901874	20.05430276127893	19.936376554149117	30.09249810638796	0.0012266312821231562
99.0	29.9253478905748	20.058657436518406	19.91983775580745	30.09589591975293	2.609973464125056E-4
100.0	29.91333789100958	20.0289941319359	19.936902636473377	30.1188119524156	0.0019533881655415066
101.0	29.916477249950095	20.020653511648963	19.94692916535829	30.113261226299798	0.0026788467428501012
102.0	29.90818087822531	20.023687482363243	19.955178059058394	30.112550726132632	4.028542204227068E-4
103.0	29.942008402258974	20.01013336024101	19.960996927287454	30.086613470280554	2.4783993200797435E-4
104.0	29.884584127290566	20.074234078302762	19.94724261795465	30.093774126123225	1.6505032879676E-4
105.0	29.92049800399878	20.051227293133785	19.95013536832936	30.0779268540952	2.1248044287333542E-4
106.0	29.9218675130759	20.02760866619575	19.953088278471846	30.096969386093107	4.661561633971981E-4
107.0	29.89413610638029	20.02877155105656	19.97527661944233	30.101330964678752	4.847584420682686E-4
108.0	29.879728136954466	20.061560198738206	19.98770073033097	30.070775880331595	2.3505364476725067E-4
109.0	29.929860771883384	20.03027714282514	19.946095227520917	30.093540013956343	2.2684381421801108E-4
110.0	29.85893017613188	20.058332744176024	19.97980409887758	30.102518660712917	4.1432010159481506E-4
111.0	29.907513366708084	20.025202976592276	19.94300559947314	30.12392627267563	3.5178455087763616E-4
112.0	29.91367458266538	20.001029624475926	19.932466558470445	30.152380878119047	4.4835626920799017E-4
113.0	29.883094589027426	20.01645537048446	19.993248486506406	30.10681776354152	3.8379044018524715E-4
114.0	29.88891348477305	20.06368976355558	19.96513800594652	30.08191498123509	3.4376448976230166E-4
115.0	29.92822675654742	20.02052832553195	20.010388632057133	30.030220143852926	0.010636142010567996
116.0	29.862937409391783	20.077266135956645	20.00711062005731	30.052417279601663	2.68554992596655E-4
117.0	29.832586383278915	20.05420742570933	19.979595294711004	30.130288139721074	0.00332275657968183
118.0	29.82164734030828	20.0821414024545	19.995601843086547	30.099695156145913	9.142580047607646E-4
119.0	29.878351926990042	20.07714655381892	19.944148197755695	30.100104281120316	2.490403150251707E-4
120.0	29.83649196219687	20.075836548449157	20.012541118372695	30.074647282628924	4.830883523544397E-4
121.0	29.864808195429838	20.08700621105932	20.034981590632224	30.012928231568942	2.757713096745982E-4
122.0	29.814643001305573	20.092988891701705	20.012439710469796	30.079691872454433	2.3652406848907368E-4
123.0	29.831055691700016	20.065308714565234	20.031212645277527	30.07216387087595	2.590775812743249E-4
124.0	29.804830412389915	20.04897313540581	20.001111054610952	30.14472675677688	3.586408164465506E-4
125.0	29.78863508880179	20.070628495920722	20.009359368424843	30.130780686671866	5.963601807775057E-4
126.0	29.819241377947257	20.06696969403638	20.032090641883872	30.08126213695504	4.361491774465751E-4
127.0	29.89510763137155	20.03856752362021	20.010592410894734	30.04721642368167	0.008516010431835926
128.0	29.951860926967566	19.948568918646817	20.09804309052475	30.00018493596763	0.0013421278932366696
129.0	29.821915537648085	19.97286693489249	20.184652507691595	30.018464805100265	0.002100214667564987
130.0	29.746007182662094	19.96008179229545	20.211527867546465	30.081852275770743	5.308817252516072E-4
131.0	29.672406578943512	20.001120000505253	20.11678611875036	30.208625973327436	0.0010613284734454775
132.0	29.51272248522357	20.14154557321918	20.069760622173728	30.273791417089253	0.0021799022942675036
133.0	29.51312706377278	20.095653297923594	20.15407184573262	30.23682252435399	3.2526821701782627E-4
134.0	29.535766005620662	20.06198429680099	20.108788242341912	30.292733444155733	7.280110807058561E-4
135.0	29.608890958796515	19.989028287042306	20.17391979591925	30.22517328280989	0.002987675432034613
136.0	29.71874368277543	20.014376123621147	20.19917321531714	30.066482452411318	0.0012245258749721492
137.0	30.006801207286678	19.918649148871882	20.091563329423362	29.982460565703335	5.257487147444055E-4
138.0	30.08699845348273	19.89231894003214	20.190715785243192	29.828720570197316	0.0012462510446192853
139.0	29.29958574712273	20.47179055693742	21.37209515576975	28.85014804063415	0.0063804995359462305
140.0	27.252075237879037	21.445570146226984	21.324070217758695	29.9596630481057	0.01862135002958505
141.0	29.028711654601036	19.541698511175223	19.123620565870876	32.30548210391782	4.871644350475838E-4
142.0	31.4080239889652	19.227666895328962	21.035620849187318	28.32786911975887	8.191467596534117E-4
143.0	31.123384123724442	18.93242917159309	21.45234439229876	28.48180624960774	0.010036062775972234
144.0	34.028766106822246	18.308223936776265	19.05030834429607	28.607998118132254	0.004703493973161052
145.0	27.64717426699448	20.08008001738316	18.959228825418496	33.31326083835943	2.5605184443203843E-4
146.0	27.9337798100757	20.398533485606958	18.859173235110962	32.808267589403336	2.4587980304631197E-4
147.0	28.22311158720847	19.88345203656164	19.363346361256134	32.52680682195218	0.0032831930215722347
148.0	30.78351464543078	19.2034951235203	20.008266656777003	30.004426241423904	2.973328480111225E-4
149.0	33.06155650060948	19.489241169333127	19.00450212281394	28.44272950147147	0.0019707057719910402
150.0	23.95556332593511	25.307470495720473	24.306455261330314	26.38217286989662	0.04833804711748278
