# Position (bp)	A	C	G	T	N
0.0	27.28512138144797	23.813682512895344	26.550439480766908	22.345469455965176	0.005287168924604046
1.0	28.46061658528203	18.88558278152433	19.367701788545453	33.26776683312241	0.018332011525784925
2.0	29.667187347526525	20.181529098082887	18.319282697893406	31.831667139432508	3.337170646740425E-4
3.0	31.50842287763324	19.692687311328005	19.679708176358172	29.1191221151702	5.951951037905104E-5
4.0	32.530486540891204	19.02916330982821	20.145248828370693	28.295092294117403	9.026792487258521E-6
5.0	33.270105143251065	18.834624393557036	19.965772328041435	27.92884664698444	6.514881660194361E-4
6.0	29.192080625716578	18.516508179495496	18.27414368792111	34.01718801829832	7.94885684989598E-5
7.0	28.58205566041451	21.06075669033826	18.749269877731503	31.607834603152174	8.316836355292076E-5
8.0	28.201806743804504	20.734410542142644	19.002369483099617	32.06126496810873	1.4826284451188528E-4
9.0	31.889095421027108	19.066534404723004	19.329923210110806	29.714330774649245	1.1618948983838003E-4
10.0	29.92229909097319	21.191162573275573	21.190218678484023	27.69619848158451	1.2117568269869418E-4
11.0	28.96999416938414	21.211669098841053	20.256708978007616	29.561580591843644	4.716192354315448E-5
12.0	29.876700577643415	20.10940558781174	19.830257657228817	30.183422181056248	2.1399625977846677E-4
13.0	30.05072352778774	20.003011622740445	19.74012412295303	30.206023612099937	1.1711441885228481E-4
14.0	30.09051336972293	20.092816466494355	19.832775047901244	29.983870943733947	2.4172147520886103E-5
15.0	30.273245062666394	20.12344832774704	19.760252597443444	29.842996795741655	5.721640147055306E-5
16.0	30.368928936423394	20.025796695241322	19.89658954532829	29.70860857060708	7.625239991720006E-5
17.0	30.32209788791336	20.06849424347755	19.97228163201263	29.637048749247484	7.748734898350825E-5
18.0	30.39630620373978	19.958875010426937	20.062344524343047	29.582459025780473	1.5235709761252618E-5
19.0	30.23930124010451	20.04529391707259	19.835286278190814	29.880067752234584	5.08123975034548E-5
20.0	30.040910478763088	20.2439844669287	19.81781166909189	29.897198061605817	9.532361050299943E-5
21.0	29.908369471184702	20.312431764236006	19.785465041173612	29.993591290686894	1.4243271878956404E-4
22.0	29.885549061554073	20.151177972387007	19.769043246736224	30.194047747981855	1.8197134083724608E-4
23.0	29.97951445153773	20.023136029203954	19.894768210779574	30.1023992192421	1.8208923663773474E-4
24.0	29.986970803421077	20.076138770157108	19.94887465701859	29.987912547153773	1.0322224945647114E-4
25.0	30.014943986228776	20.043882184715823	19.978297148245943	29.962816738045106	5.99427643529155E-5
26.0	30.032689782882453	20.043206011111284	19.951860717605253	29.972086491669348	1.5699673165990986E-4
27.0	29.965207752240925	20.0858829220327	19.94227076377444	30.006597681747483	4.0880204457232566E-5
28.0	29.979302761614058	20.075175600097232	19.9929405402645	29.9524660231535	1.1507487071562032E-4
29.0	29.941642903670278	20.097967244681993	19.96153890106879	29.998264844514956	5.86106063980029E-4
30.0	29.924872726886697	20.091685720740955	19.96482865205569	30.01823596004546	3.7694027119852466E-4
31.0	29.94139828269229	20.058081501636828	19.941810087986326	30.057931730902943	7.783967816196012E-4
32.0	29.946615671154614	20.10026158766383	19.971544726641678	29.981451903543828	1.261109960527001E-4
33.0	30.00794623039592	20.075498600365517	19.962362091955708	29.954119589413736	7.348786912537652E-5
34.0	29.921280417445978	20.116567622222675	19.97466395236815	29.98734334273752	1.4466522568046454E-4
35.0	29.89553428798	20.109550558816768	19.94587905974673	30.048874320524565	1.6177293194078157E-4
36.0	29.936075542594793	20.062301660394294	19.999983143139318	30.00156314965774	7.650421385858274E-5
37.0	29.957691704861972	20.10495912322077	19.927236764233793	30.010009762113434	1.0264557003093413E-4
38.0	29.987904526412507	20.023730068035004	19.926623874776272	30.061649094564522	9.243621169064203E-5
39.0	29.968853922636413	20.08003665106921	19.91687761047323	30.034158762065495	7.305375565378995E-5
40.0	29.915059762689378	20.093924562310562	19.9841283460957	30.006801054286292	8.627461807010895E-5
41.0	29.95397953087684	20.051559146532053	19.930595008253395	30.063787723668554	7.859066915776383E-5
42.0	29.900624607895722	20.124125918687913	19.95898634170469	30.01598487368359	2.78258028091933E-4
43.0	29.904342475996977	20.083572874879565	19.9451856571543	30.066659626877957	2.3936509119763943E-4
44.0	29.869474530797035	20.10512225528982	19.96707769835574	30.05809092297237	2.3459258503447444E-4
45.0	29.891408011011745	20.099706097282816	19.980104477905655	30.02808010457036	7.013092294275692E-4
46.0	29.91710570514879	20.047258126039143	20.018548013731934	30.016951831017458	1.3632406267942166E-4
47.0	29.93058444959567	20.092133173977498	19.94292740878366	30.034190500961532	1.644666816366716E-4
48.0	29.915325175865483	20.072451609235326	19.946094764921543	30.066027426179886	1.010237977639685E-4
49.0	29.92634544075541	20.08775856709408	19.958406664738177	30.027321478062724	1.6784934961374334E-4
50.0	29.94419981366518	20.100394704237626	19.93755632722095	30.017751698028704	9.745684754306013E-5
51.0	29.932135259365	20.081431962163563	19.954472739638675	30.030723735805896	0.0012363030268631788
52.0	29.920926907968582	20.084460510730512	19.997324461035863	29.997196933091047	9.118717399830991E-5
53.0	29.935954877361663	20.098270503068672	19.896299832423388	30.068876688055717	5.980990905574037E-4
54.0	29.91161685060891	20.083557410818365	19.941453722056128	30.063279071377302	9.294513929317592E-5
55.0	29.891207132760567	20.051668301879193	19.97232412367044	30.084428853661745	3.715880280553015E-4
56.0	29.912014596059745	20.04982597420305	19.947643155147382	30.090432309489078	8.396510074552612E-5
57.0	29.92765079294107	20.032610834874756	19.999608527726668	30.040047043456557	8.280100094736562E-5
58.0	29.935260102420987	20.033042390272843	19.955154597774577	30.076443550704994	9.935882660329043E-5
59.0	29.948904967288254	20.028714489424296	19.95629184261189	30.065914076503613	1.746241719471834E-4
60.0	29.964150919503453	19.99975630917861	19.96468096755266	30.070904456432306	5.073473329653264E-4
61.0	29.94602331284748	20.030719050518226	19.98672993379825	30.0363467735553	1.809292807477182E-4
62.0	29.96007290110675	20.009225994997305	19.947153265423218	30.083433794808954	1.1404366377388731E-4
63.0	29.987754556748285	20.02448262279187	19.914364534353627	30.07237358587236	0.0010247002338630374
64.0	29.97261353020472	19.996716147328712	19.94864841906157	30.081229449258313	7.924541466909662E-4
65.0	29.935766322865593	20.007378049574566	19.93629346480042	30.120504037368868	5.812539055591663E-5
66.0	29.9106537235652	20.012559887425187	19.961364799667656	30.115338354319587	8.323502236753947E-5
67.0	29.922412249157283	19.99881129931479	19.97730121251225	30.101379286339874	9.595267580654377E-5
68.0	29.91585249610904	20.08447579612854	19.921068509125416	30.078547437747392	5.5760889610348055E-5
69.0	29.922354202111507	20.038168661681553	19.944704199160697	30.094693279833873	7.965721237572898E-5
70.0	29.933062088625345	19.99705237828522	19.910227827062023	30.159582054139296	7.565188811702171E-5
71.0	29.876674001967	20.049476021851877	19.944750759648613	30.128739654461693	3.5956207081403634E-4
72.0	29.937945123858377	20.004997906624908	19.97734254164887	30.07954825345766	1.6617441018294254E-4
73.0	29.894668753339854	20.049390811592037	19.95849810645493	30.097265826956505	1.7650165667984993E-4
74.0	29.94943693448179	20.011213742915494	19.942691134078764	30.096080583788503	5.776047354527841E-4
75.0	29.928788888787167	20.02308295150941	19.962008155749103	30.086012133062432	1.0787089188434055E-4
76.0	29.90015067388842	20.018949471827373	19.941894130606173	30.138853451644813	1.5227203321886983E-4
77.0	29.91153409050053	20.04621495727652	19.948778389061676	30.093386959827267	8.560333401017037E-5
78.0	29.907129407786787	20.03265758944909	19.945288581090626	30.114774214615213	1.5020705828402942E-4
79.0	29.942398986732567	20.03515207459835	19.959432984933724	30.06246803382152	5.479199138451875E-4
80.0	29.964220701631966	19.998026459735556	19.922099380854597	30.115492375931492	1.6108184639088428E-4
81.0	29.887242892838806	20.05334952009528	19.965934314611076	30.09337809918592	9.517326892044946E-5
82.0	29.87607934988207	20.015057408539295	19.97622369825254	30.13252529675727	1.1424656882484461E-4
83.0	29.915663075196374	20.0471102207164	19.908310260917588	30.128826527097587	8.991607204829827E-5
84.0	29.93003663600827	20.031566502789158	19.935641610641763	30.10264763318635	1.0761737445280746E-4
85.0	29.912068250938233	20.007559928563502	19.950741606708096	30.12941729092079	2.1292286937600515E-4
86.0	29.892473665545673	20.032598433838395	19.917695433528223	30.156390054713512	8.424123741953645E-4
87.0	29.909139258493507	20.01496084658444	19.944498192671062	30.1310438153327	3.5788691829441655E-4
88.0	29.91785940873696	20.027656930154006	19.93982114885095	30.114437458258365	2.2505399972146258E-4
89.0	29.868137119056975	20.048641667229443	19.948531334029788	30.134611696145253	7.818353854151942E-5
90.0	29.884829877604357	20.049276452291902	19.91941532579064	30.14559660593452	8.817383785772133E-4
91.0	29.87866172293608	20.056971638422493	19.935375618810255	30.128826313884932	1.6470594624523193E-4
92.0	29.874366258967942	20.069304760079053	19.95049591960717	30.105736326018768	9.67353270702517E-5
93.0	29.879361505222224	20.07893911107846	19.94561213432512	30.096009633024824	7.76163493705329E-5
94.0	29.905072709284187	20.03538515303256	19.93793922674894	30.121501111588973	1.0179934534637466E-4
95.0	29.920124922021717	20.08026925844503	19.89135395254064	30.108001093133762	2.507738588464225E-4
96.0	29.90338953047974	20.047709781241657	19.926963826714605	30.12183595000275	1.0091156124327924E-4
97.0	29.885027256149062	20.086561470929826	19.880926460699893	30.147187193335462	2.976188857523585E-4
98.0	29.878084838345497	20.09877647767579	19.910701168503543	30.112366286882885	7.122859228447644E-5
99.0	29.861399737929723	20.07525657779802	19.923051135811182	30.13871002049412	0.0015825279669632619
100.0	29.863853161876612	20.055181437180973	19.938513298055632	30.142343822653082	1.0828023369802573E-4
101.0	29.864872018724952	20.084617552530815	19.935621503338954	30.11480018445877	8.874094651093549E-5
102.0	29.851738719395215	20.0687930524537	19.938733480601556	30.14063036587068	1.0438167885404636E-4
103.0	29.886856667432376	20.058568795272286	19.9313195841906	30.12312866950121	1.262836035278834E-4
104.0	29.84132222290941	20.1103593573134	19.913393721931126	30.134819610769213	1.0508707685181744E-4
105.0	29.876087425498866	20.06289259318818	19.93972692366369	30.121125597118898	1.6746053036703675E-4
106.0	29.88208093708585	20.050239032906394	19.933534251089217	30.13405243251775	9.334640079226202E-5
107.0	29.851836469726734	20.048501252328784	19.945308792279512	30.15422860635107	1.248793138993127E-4
108.0	29.811628726332977	20.08862103576311	19.978961169937893	30.120456997924233	3.3207004177958024E-4
109.0	29.891576517319194	20.05515343753535	19.916465841687774	30.13670360496582	1.0059849186513438E-4
110.0	29.81970766500336	20.081533325624893	19.956266954560633	30.142413182632787	7.887217832810227E-5
111.0	29.87415934358409	20.05004581977265	19.91695786532715	30.158729329556945	1.076417591709077E-4
112.0	29.86995958524471	20.041704026841757	19.880417998485026	30.20780083632993	1.1755309857577113E-4
113.0	29.832206110865016	20.06290397523686	19.966497405796137	30.13829206632397	1.0044177801461487E-4
114.0	29.852611316321397	20.102640184643338	19.910433241151505	30.134179256367066	1.360015166889141E-4
115.0	29.876621196685495	20.05060835593001	19.992070193894694	30.080621568847793	7.868464200719962E-5
116.0	29.830761609986162	20.10303795125421	19.972160164123707	30.093941958748395	9.831588752830088E-5
117.0	29.807029274029674	20.07357550815024	19.9647781882851	30.154526428468593	9.060106640367334E-5
118.0	29.791167062939245	20.0935580704408	19.97013396484901	30.14504508568897	9.581608197257445E-5
119.0	29.861231469982886	20.093114315277592	19.912582801151917	30.132909999093144	1.6141449445420558E-4
120.0	29.802367824526314	20.09227882153895	19.96510784901717	30.14005074858932	1.9475632824683269E-4
121.0	29.82808872682396	20.11588966174914	19.968267043406946	30.087642848455253	1.1171956470311701E-4
122.0	29.77467800363823	20.12631597211536	19.952882249958908	30.14600832113736	1.1545315015074718E-4
123.0	29.779644146188172	20.080580790787867	19.99413789889924	30.145534500357634	1.0266376708863242E-4
124.0	29.776533149230517	20.06050865939741	19.95309521471566	30.209766544804516	9.643185189291236E-5
125.0	29.766028211889477	20.099574242345597	19.955019892793505	30.17927914858687	9.8504384555374E-5
126.0	29.78606801715976	20.098436159812717	19.98192173681439	30.133478513870187	9.557234294005846E-5
127.0	29.891926468804314	20.037960075979424	19.96714780996738	30.102856192955567	1.0945229331517256E-4
128.0	29.97070387390516	19.950867329868935	20.040385008710036	30.037935562050777	1.0822546509682248E-4
129.0	29.80900119881428	19.976089951050483	20.156671265750255	30.05812039657848	1.1718780650343413E-4
130.0	29.696134860867023	19.994777883231837	20.129046021068223	30.179932064037473	1.0917079544076148E-4
131.0	29.613550104355486	20.050336113781864	19.96103541116718	30.374948159778803	1.302109166708043E-4
132.0	29.392969684192472	20.22958046345418	19.880889145904995	30.496412675085597	1.4803136275073393E-4
133.0	29.46031833871738	20.1450457585966	19.992792069893405	30.40171759025477	1.2624253785546786E-4
134.0	29.481207401473807	20.095589833472765	19.94919978682829	30.47384312203177	1.5985619336844574E-4
135.0	29.616483890182327	19.972662045059266	20.03788019047672	30.372863888384494	1.099858971892685E-4
136.0	29.71468961701716	20.00998550116598	20.05889031934571	30.216288965430056	1.455970411032551E-4
137.0	29.91949650703891	19.985958065851552	19.985168321639122	30.109271336156247	1.0576931416426693E-4
138.0	29.916902791624068	20.031084176687365	20.116363725254708	29.935543023632334	1.0628280152962209E-4
139.0	29.339099197418157	20.48616081519879	21.08001575907418	29.094587134049128	1.3709425974583507E-4
140.0	27.725627957903733	21.241277957243273	21.015656890308623	30.017306534611116	1.3065993325317852E-4
141.0	29.502129749974543	19.5531029311181	19.19648396423231	31.74817176557462	1.1158910042302708E-4
142.0	31.543576055718642	19.320929764814075	20.65394057587457	28.481490252727237	6.335086547418376E-5
143.0	31.281091699408027	19.045241782409033	20.904254941513372	28.769356964757293	5.461191227797754E-5
144.0	33.2800761823952	18.67243342964385	18.574627502897794	29.472798848408715	6.403665443462889E-5
145.0	27.838111609834975	20.222061542955498	18.885244630136253	33.05413333064001	4.4888643325933516E-4
146.0	28.192634224217965	20.281584756596054	19.072128902715573	32.45357616738423	7.594908617781648E-5
147.0	28.915773313490263	19.878062617184284	19.74969795810449	31.456385933420165	8.017780079937267E-5
148.0	31.380837520433698	18.66640585219031	20.08906047266198	29.863307598457855	3.885562561602356E-4
149.0	32.561516520234655	19.759656113672822	19.0968449983863	28.56589070256913	0.016091665137095774
150.0	22.23005848143194	26.613521769945088	23.465313365271815	27.688226490169583	0.002879893181579264
