# Position (bp)	A	C	G	T	N
0.0	24.34410984291452	24.949837228942208	33.40331590815693	17.277503282193127	0.025233737793221373
1.0	27.203283712891313	19.137821949591892	20.693688719222024	32.935029378124845	0.03017624016992165
2.0	29.513584506908114	20.399353447570572	18.158689971934226	31.927625264078973	7.468095081101415E-4
3.0	32.53702340748344	19.46705790247535	20.502259410245184	27.48963927491172	0.004020004884305935
4.0	34.15786868489188	18.408878701754542	20.854504319495625	26.578731574146612	1.671971134421547E-5
5.0	34.696356849533366	18.670516228397318	20.355721530013067	26.277296930195615	1.084618606381896E-4
6.0	27.678661039594566	18.09176535549485	17.591960915923018	36.637537665805404	7.502318216328846E-5
7.0	26.661483900599155	22.982933098595947	18.37719738385517	31.978318993283082	6.66236666418216E-5
8.0	26.84240412571328	21.985963356297873	19.07908601656259	32.09252154147657	2.4959949680741446E-5
9.0	33.04993420730546	19.0193293625261	19.739337747551712	28.191348811330357	4.9871286365830324E-5
10.0	28.959027990334906	22.877382579750375	22.68672471545393	25.476831498804987	3.3215655800773826E-5
11.0	27.495134006320686	22.807921092478857	20.929092343423054	28.7678276614168	2.489636060021474E-5
12.0	29.216327823766857	20.695235464920987	20.210985791903767	29.877442625615707	8.293792676746943E-6
13.0	29.53172489039353	20.50648288913975	20.202354103185623	29.75939667267807	4.144460302991546E-5
14.0	29.495196782352412	20.74852009070531	20.40171055370813	29.354191500266875	3.810729672718796E-4
15.0	29.824929782967647	20.774073955703283	20.19466027641027	29.20525132820768	0.0010846567111188242
16.0	29.989161373704842	20.615297294183623	20.386366901735308	29.008288867598598	8.855627776280689E-4
17.0	30.009101734425585	20.664775725222594	20.531484373591038	28.794613348361146	2.4818399633481877E-5
18.0	30.153744631093925	20.35174707552771	20.773105935938634	28.72135274105706	4.96163826680052E-5
19.0	29.799917718353246	20.57350324319798	20.391366031567088	29.235080747855356	1.322590263272338E-4
20.0	29.483855976656727	20.910828589692652	20.29501192217763	29.310270458582416	3.305289057443941E-5
21.0	29.27596742925664	21.008867970725586	20.240396418579586	29.47449558005774	2.726013804533906E-4
22.0	29.282840296497625	20.743429198961245	20.132508587341984	29.84121365894845	8.25825069439501E-6
23.0	29.41131693699839	20.504120549446224	20.42752924475954	29.656991988584203	4.128021164529631E-5
24.0	29.446003787875664	20.555696513671993	20.518322895187634	29.47993553380967	4.1269455040147754E-5
25.0	29.504868220943543	20.550295872636546	20.515282970757667	29.429528179898483	2.4755763760697586E-5
26.0	29.501863173353787	20.583010277958387	20.46575910031089	29.44934269791726	2.4750459677912368E-5
27.0	29.437499994844696	20.582688184557654	20.456024371318648	29.523754455318794	3.29939602081292E-5
28.0	29.398144711940816	20.589418966479002	20.532977199307393	29.479409640887194	4.948138559755205E-5
29.0	29.41795747475861	20.60561195719293	20.39913928078973	29.5772500603356	4.122692312671252E-5
30.0	29.388687401651897	20.60280648150405	20.47159167664693	29.536724405532322	1.9003466480157282E-4
31.0	29.378603530393804	20.549439704271023	20.39531760247443	29.676465294252747	1.7386860798970964E-4
32.0	29.443290185464832	20.532318665978842	20.506330206282154	29.517919881030608	1.4106124356439193E-4
33.0	29.572766127593013	20.445446381956074	20.482270579345748	29.499375535460253	1.4137564490163663E-4
34.0	29.378125887358415	20.580197698141742	20.479109160701768	29.562483909303523	8.334449455022852E-5
35.0	29.38683315864621	20.587857818942148	20.451662023197738	29.57350495451896	1.4204469494815536E-4
36.0	29.471774066867596	20.472601376895224	20.51234576951352	29.54307771897011	2.0106775354957891E-4
37.0	29.44305943668536	20.564609953945016	20.374437627021656	29.61761577545772	2.7720689025446417E-4
38.0	29.462676455541025	20.40108224745362	20.419447127804318	29.716271865264453	5.223039365794972E-4
39.0	29.47666185630422	20.47188303722004	20.370814731199875	29.677032603442505	0.0036077718333564278
40.0	29.34941030446402	20.492129624372172	20.522808063649794	29.63499098036936	6.6102714465596E-4
41.0	29.44931797784207	20.466216165092813	20.402940097040307	29.68106668335212	4.5907667269048935E-4
42.0	29.36483236377571	20.599375867981298	20.422485298849963	29.61311883233802	1.8763705500912897E-4
43.0	29.43503598831801	20.459925886748785	20.39760723057278	29.70711429539317	3.165989672541688E-4
44.0	29.43032331070519	20.481190217108047	20.443607830153372	29.64462963832727	2.4900370611964385E-4
45.0	29.421339832011782	20.45338070172355	20.489723809612435	29.635185160293958	3.7049635827928395E-4
46.0	29.434382689952443	20.469021757412122	20.50167426238069	29.594696458387904	2.2483186683865727E-4
47.0	29.410550104573396	20.501549571399668	20.431663280699606	29.65596798284401	2.690604833211576E-4
48.0	29.394912239246253	20.47613545986133	20.428754202276668	29.699945421809947	2.526768058027141E-4
49.0	29.41826817342236	20.48829298138764	20.47758526239948	29.61553864987911	3.1493291141654545E-4
50.0	29.40911226769404	20.487119420657894	20.405800202801714	29.69768700103913	2.811078072159144E-4
51.0	29.495490688190383	20.418123994296153	20.408498176564848	29.67765774474237	2.2939620624554114E-4
52.0	29.40046594813427	20.475683226514047	20.49330847544078	29.630196756794692	3.4559311621047044E-4
53.0	29.44585277451904	20.455720381602067	20.378397719929435	29.71961967967216	4.094442773041477E-4
54.0	29.41964024231845	20.4213164765012	20.468415571942817	29.689393671802378	0.0012340374351515564
55.0	29.358074944683484	20.505508645517473	20.43946403300631	29.69619747851393	7.548982788049636E-4
56.0	29.36895049532133	20.48004274175035	20.43799456950023	29.712443242643783	5.689507843122026E-4
57.0	29.407513132499837	20.439640882059546	20.4716216634527	29.68077043635929	4.538856286284184E-4
58.0	29.396119059413262	20.50656174494121	20.443811670929705	29.65260405506383	9.034696519980916E-4
59.0	29.389666717834462	20.499738365283537	20.445970894181485	29.662165032554555	0.0024589901459640038
60.0	29.430110227606377	20.53348803227049	20.432365935943643	29.603500620167544	5.351840119497362E-4
61.0	29.40331213785384	20.571637534097313	20.373397461183128	29.65049269976453	0.0011601671011879182
62.0	29.417979113932503	20.488685320833948	20.384375416322367	29.708670736305816	2.89412605375363E-4
63.0	29.476181214193588	20.475522011354744	20.353965345972547	29.693983935887054	3.4749259206839705E-4
64.0	29.406039752201725	20.421897012291257	20.43466378685024	29.73698365437062	4.157942861549197E-4
65.0	29.404678360682148	20.48522483039918	20.39430568443429	29.715315605938542	4.7551854584146195E-4
66.0	29.357437031157176	20.502435431532124	20.410220062840086	29.7294479771492	4.59497321417802E-4
67.0	29.38493977471048	20.497876527315075	20.417457287216664	29.699234933077122	4.914776806493673E-4
68.0	29.37332490575995	20.49500639103921	20.380024943055165	29.751177933887803	4.6582625786918837E-4
69.0	29.409151657564347	20.471051144421452	20.414842146642247	29.704544552692298	4.104986796603182E-4
70.0	29.461425832694133	20.4164578387517	20.365738502484763	29.755826421908864	5.514041605413214E-4
71.0	29.303040729857717	20.511234563785557	20.42930098693349	29.756046694002997	3.7702542024443947E-4
72.0	29.37810109494525	20.441997900104994	20.45649717514124	29.722973851307433	4.2997850107494626E-4
73.0	29.326864388746326	20.503097498967534	20.405027084026557	29.764577579000413	4.334492591696947E-4
74.0	29.403563608100086	20.41559874749893	20.385448127566193	29.794901576930283	4.8793990450812764E-4
75.0	29.34009892056826	20.463013468289642	20.46259309688638	29.733833131008236	4.613832474818727E-4
76.0	29.370466775158256	20.48706820138063	20.383162028468597	29.758806529105623	4.964658868980376E-4
77.0	29.38131423170879	20.45525352949864	20.42251176412569	29.740148115521965	7.723591449149284E-4
78.0	29.34801650460983	20.491078402795868	20.428989652542125	29.7314097970233	5.056430288733757E-4
79.0	29.376802650804724	20.47629440405287	20.379039804401685	29.7670760847068	7.870560339225405E-4
80.0	29.388069568438237	20.44460729875193	20.40636446665107	29.760346351150414	6.123150083564885E-4
81.0	29.337198939497465	20.450786278226634	20.468343404808635	29.74295520295897	7.161745082892316E-4
82.0	29.255125218547885	20.445906212324648	20.502880802381178	29.7954079313761	6.798353701895479E-4
83.0	29.38690881466614	20.44728646969457	20.317652995707	29.84739803694399	7.536829882998474E-4
84.0	29.37964367921716	20.455475591197096	20.395095154100108	29.769124394010365	6.611814752639683E-4
85.0	29.36701446490221	20.451787493884037	20.408809981935164	29.77174203655151	6.460227270795386E-4
86.0	29.35307214701684	20.46582410747377	20.393614249595434	29.786675314572147	8.141813418075468E-4
87.0	29.395541238881034	20.443483208537582	20.41146565098634	29.748848429764514	6.614718305258108E-4
88.0	29.365244783902515	20.481042711938326	20.397225162089562	29.7558411456522	6.461964173930698E-4
89.0	29.295066908137258	20.500793664014775	20.36281273574915	29.840231983112925	0.0010947089858949128
90.0	29.33215793206547	20.512753730765585	20.349309288973874	29.804910881481018	8.681667140540998E-4
91.0	29.301329407562754	20.504563182875195	20.396716908172184	29.796694009473022	6.964919168447303E-4
92.0	29.293997398690625	20.510792881427797	20.394642199770498	29.799700169170606	8.673509404748201E-4
93.0	29.33320427379813	20.47121396206278	20.424400548838246	29.770288693190494	8.925221103496738E-4
94.0	29.29539670886922	20.51114620548273	20.381098848494638	29.81142686689341	9.313702599951977E-4
95.0	29.400278466617237	20.50409013228784	20.34300080881506	29.75162005928719	0.0010105329926714333
96.0	29.318603082693162	20.50382457929628	20.417956605418567	29.758747182971163	8.68549620832031E-4
97.0	29.281112028284856	20.47484872428741	20.349946957874977	29.8931828431328	9.094464199641679E-4
98.0	29.21216607889463	20.537553724231884	20.425053421665492	29.824125297568944	0.001101477639052033
99.0	29.232967564539948	20.52316043719573	20.42086564666137	29.82203778196446	9.685696384966028E-4
100.0	29.226273320974368	20.51607604708428	20.39947821873116	29.857242673368305	9.29739841887879E-4
101.0	29.270158362149086	20.56683338405594	20.375838017103348	29.786151479945055	0.0010187567465730673
102.0	29.227990723714914	20.500022595479063	20.41358940372944	29.857139535200027	0.0012577418765596547
103.0	29.236270638467193	20.505144041053896	20.37318551433028	29.88443040015439	9.694059942399388E-4
104.0	29.242622019826786	20.508120350957178	20.40414126790265	29.843792465480558	0.0013238958328324342
105.0	29.356353756422436	20.44965033498072	20.416956403170257	29.77598285744032	0.0010566479862697917
106.0	29.269738312866135	20.419189077274044	20.474681052134194	29.8353436406038	0.0010479171218225882
107.0	29.216157649031416	20.493179222131957	20.459346449539492	29.829985447362116	0.0013312319350202964
108.0	29.234343410851427	20.483348754998197	20.463430719624164	29.817681035671388	0.0011960788548209453
109.0	29.2475071575989	20.541947197061635	20.43501931526332	29.77421589765557	0.001310432420574606
110.0	29.16532742847072	20.504862263495767	20.44253315814178	29.88584630256837	0.0014308473233557908
111.0	29.23848232514345	20.528970027968025	20.4134347494238	29.817895417387085	0.0012174800776394207
112.0	29.161222217215833	20.516211968930545	20.42444176960163	29.89683668674638	0.001287357505616097
113.0	29.248617399051646	20.449766334151526	20.368634328974963	29.931317691561837	0.001664246260032048
114.0	29.225101315924455	20.556032149349765	20.402406081661248	29.814513848050737	0.0019466050137926698
115.0	29.25259143497389	20.475997504358347	20.39713603052547	29.87273030017915	0.0015447299631471568
116.0	29.151091219420945	20.551726763888357	20.413886125132233	29.881619703037337	0.0016761885211299082
117.0	29.194078226503883	20.521859229066248	20.472621578833156	29.809196087926516	0.0022448776702018143
118.0	29.150515284148153	20.53522013789447	20.462039631658858	29.850366112756397	0.0018588335421201722
119.0	29.16271382875263	20.55198242704133	20.366121650865633	29.917232905681562	0.001949187658844462
120.0	29.007379522984323	20.600503713092564	20.420235467658255	29.969548189020728	0.002333107244131343
121.0	29.00128191514509	20.70940228695246	20.451979666583252	29.835306452966286	0.0020296783529110663
122.0	29.025948819400295	20.655858634969068	20.37788991902359	29.937749142067883	0.0025534845391669706
123.0	29.058462897716865	20.66826669252567	20.380504466065442	29.890395535012015	0.0023704086800056027
124.0	28.895205138093015	20.689089445305154	20.43699386378551	29.976259096639176	0.002452456177145138
125.0	28.970326684214527	20.68501136844621	20.405673249529926	29.93620833110263	0.0027803667067059193
126.0	29.006429056184928	20.735503195546805	20.485977027660716	29.768885683159958	0.003205037447595304
127.0	29.1584078908518	20.664155013513465	20.41365751635361	29.760363853608567	0.003415725672561312
128.0	29.044415668816487	20.75884392484412	20.46333322432303	29.730589149670916	0.0028180323454448423
129.0	29.060104358888072	20.74286369368337	20.4928387318657	29.701197797443168	0.002995418119690991
130.0	28.901530414721055	20.862231071290303	20.461810740556384	29.771069868133083	0.0033579052991696097
131.0	28.82574035368684	20.920123573241405	20.44154022068104	29.80839700872681	0.004198843663902499
132.0	28.797989474783257	20.94396320387158	20.293143588794837	29.960599127722205	0.0043046048281180456
133.0	29.169570637174274	20.832470439239646	20.06268593708307	29.930941921917377	0.004331064585631619
134.0	29.28165369600971	20.809582898158787	20.191498626540028	29.7124082859416	0.0048564933498781515
135.0	28.8582856252254	21.09275277746063	20.07473817174194	29.96775964899881	0.0064637765732197885
136.0	28.512142564772187	21.454198563662626	19.71510048610853	30.312739967457453	0.0058184179992084245
137.0	27.31589384978688	22.085356016606443	19.997708501382974	30.595197541791013	0.005844090432685691
138.0	27.46422051030859	22.4077125172552	20.369684285523444	29.75063454602129	0.007748140891481499
139.0	27.709820019614195	22.859330617847228	20.949699962084868	28.472676744890457	0.00847265556325155
140.0	27.15629108263441	23.649222582609582	21.375253846576044	27.80812465859759	0.011107829582371744
141.0	26.18891233324258	24.871869044377892	21.05125238224884	27.8735025864416	0.014463653689082494
142.0	24.060264131421487	26.750383117453563	22.966305185994983	26.211090396197136	0.011957168932834874
143.0	30.507653513609373	19.98218000787194	22.037101915649153	27.471334466546427	0.0017300963231127893
144.0	32.70139904402296	19.54602003623109	19.353078551629306	28.398629329724773	8.730383918632822E-4
145.0	27.02459864784514	21.05177387742518	19.743663150476777	32.17644079367526	0.003523530577638794
146.0	27.22883524307487	21.183223940371565	19.67738346868395	31.908332406274337	0.002224941595283124
147.0	27.828139754485363	21.05355456630244	20.255856828094785	30.80848959035928	0.05395926075812762
148.0	30.323682823546516	19.69858059356996	20.70952147283863	29.26412591098268	0.004089199062210348
149.0	31.007125912534356	21.411692369813295	20.04432473604757	27.50290221486026	0.03395476674451791
150.0	21.399062695969782	29.280937495512145	23.089848106961806	26.203344231846316	0.02680746970995275
