# Position (bp)	A	C	G	T	N
0.0	22.677743138397535	27.796944127231342	27.77523716941967	21.745702815023098	0.004372749928354844
1.0	27.677942083915642	18.567627242601084	19.079952990349643	34.66648130397773	0.007996379155895945
2.0	29.599038267880378	20.656995776768785	19.115312891655908	30.62383535903031	0.004817704664616447
3.0	34.327934550727214	18.98791402317752	20.11024530282997	26.57050338329574	0.0034027399695558936
4.0	33.948055905130644	18.329037040554773	21.30464947675816	26.415536466955057	0.0027211106013602434
5.0	34.99993512340826	18.717692538586434	20.517248090681907	25.76358450954594	0.0015397377774663702
6.0	26.67510626862586	19.18505460934168	17.397594627005724	36.739357535733035	0.002886959293701087
7.0	26.977720140310534	23.066791906096682	18.857786689015388	31.09531761599214	0.002383648585252746
8.0	26.563708176385468	22.27889336566183	19.037580499066596	32.1180056943079	0.0018122645782014605
9.0	33.558482539309125	18.78430121966216	19.715195424141193	27.938502411401288	0.003518405486228978
10.0	29.111056113346258	23.02799118136118	22.915086821401882	24.943987304248555	0.0018785796421254078
11.0	27.493156190454204	22.932769853507764	20.954865396896164	28.616331669848183	0.0028768892936823338
12.0	29.132568177176804	20.782833474703665	20.092081849461433	29.99132836798026	0.001188130677844049
13.0	29.37472762834772	20.648232484394352	20.182644770911775	29.79315588987132	0.0012392264748344083
14.0	29.353923112284363	20.798299810340698	20.4809508014413	29.36163060203753	0.005195673896108543
15.0	29.630946806199997	20.788449411142775	20.393069055102686	29.18646850241973	0.00106622513481299
16.0	29.64699648823972	20.746651776312543	20.474936050960498	29.12952459117571	0.0018910933115296007
17.0	29.68974603460496	20.802177435487785	20.504132617741625	29.00250026295039	0.001443649215239161
18.0	29.55559491940595	20.805870032058248	20.554424369835246	29.06538326005873	0.01872741864182231
19.0	29.491945860186046	20.859262831892	20.383724802848214	29.264018761818246	0.0010477432554963151
20.0	29.347231997928457	20.920425360129006	20.33797547494478	29.393371232642195	9.959343555626453E-4
21.0	29.318413499884464	20.87880545195037	20.378427597743382	29.422499372531973	0.001854077889812151
22.0	29.327265115891088	20.679866458480763	20.392972919069248	29.599037314697068	8.581918618352296E-4
23.0	29.477734624899437	20.535204374411396	20.504847491412896	29.480617584958086	0.001595924318179946
24.0	29.41978120321418	20.586669942567646	20.553144573265286	29.43906601134921	0.001338269603676604
25.0	29.49992803745003	20.538300458999274	20.543086526088956	29.41762140699737	0.0010635704643737346
26.0	29.472678222178466	20.576023836651974	20.48580625276463	29.463982344796168	0.001509343608761671
27.0	29.400066916279364	20.621155250741406	20.46754963457572	29.510370737109742	8.574612937684687E-4
28.0	29.373967532376227	20.632856999311716	20.508232134216247	29.483828774900537	0.0011145591952676846
29.0	29.382510607926015	20.657068198818827	20.47751054534744	29.47946453997802	0.0034461079297000837
30.0	29.326852653993445	20.624805604578153	20.509532454374845	29.537518337932266	0.0012909491212853585
31.0	29.39010500285781	20.54892035664895	20.48989814867929	29.569987967486643	0.001088524327309244
32.0	29.397952013842648	20.55168695995453	20.578155334669702	29.470783406653272	0.0014222848798455467
33.0	29.49559761482038	20.52583793678201	20.522825466898006	29.452064813028358	0.00367416847124641
34.0	29.353024930316955	20.62270290680346	20.544039073200192	29.477576000188794	0.002657089490599235
35.0	29.309905011538888	20.682589662312992	20.50024973863031	29.505745744128948	0.0015098433888610426
36.0	29.332733157794333	20.606103242182115	20.529635518543554	29.527173106211674	0.004354975268324661
37.0	29.385703269491092	20.644566681097793	20.43613872650183	29.532546615635376	0.0010447072739071964
38.0	29.40245583148835	20.49299794606418	20.478771550766	29.62433424915753	0.0014404225239403557
39.0	29.4089741789899	20.567163453999036	20.45808600239981	29.56472256247529	0.0010538021359676243
40.0	29.32046894059863	20.560185698582174	20.590923723402994	29.527004063592006	0.0014175738241942887
41.0	29.381808638196656	20.54955069927675	20.44563436013131	29.621636373206208	0.0013699291890812318
42.0	29.295197740112993	20.67369259742141	20.512404027234535	29.51749239461104	0.001213240620020281
43.0	29.349604025810354	20.527790955897117	20.483296612463363	29.635051792434435	0.004256613394725583
44.0	29.349087014999565	20.5940433028274	20.55098900616941	29.50480249115523	0.0010781848483962459
45.0	29.34072093770041	20.535541340369893	20.557922271155903	29.561482473197504	0.00433297757629024
46.0	29.371683268962727	20.502616487422134	20.609231546914593	29.51525108224709	0.0012176144534525367
47.0	29.3594793924317	20.57290116957991	20.495947561056322	29.570652255523054	0.0010196214090092636
48.0	29.34090280732792	20.56257224001234	20.501575773112517	29.58954631595499	0.005402863592226136
49.0	29.38069720856675	20.573670821416652	20.538899147916116	29.505216125518064	0.0015166965824144837
50.0	29.358506957677648	20.52169078615161	20.508817525100508	29.609460265945764	0.0015244651244725774
51.0	29.373558952146805	20.4919936951437	20.530793683944484	29.598281071583425	0.00537259718158092
52.0	29.371997415176445	20.546741909019232	20.540428184617866	29.539672439413916	0.0011600517725400912
53.0	29.363887141822104	20.55526774090564	20.510954905285615	29.568704967893268	0.0011852440933742944
54.0	29.323179806825973	20.52825731321437	20.544593464309546	29.601816887505805	0.0021525281443054867
55.0	29.273103082575357	20.584127121546025	20.521805438856727	29.61876135800589	0.002202999015993773
56.0	29.3050936841643	20.546256811159168	20.57742462887174	29.569922978182138	0.001301897622657216
57.0	29.365434991406573	20.529050072450527	20.57278420099721	29.531089239704254	0.0016414954414303677
58.0	29.35675498063088	20.56601222518489	20.50031521985209	29.575109580168036	0.001807994164109272
59.0	29.396519690393173	20.56558984211317	20.545389498984054	29.491730113928355	7.708545812480729E-4
60.0	29.35760082762986	20.58584154959537	20.527932110177826	29.526458630037205	0.00216688255973638
61.0	29.342887909701453	20.61146889113522	20.510024006423045	29.534879302983857	7.398897564262925E-4
62.0	29.350734938670787	20.523826489013487	20.520084756281435	29.60434797390202	0.001005842132272666
63.0	29.43520019947492	20.56801779083144	20.465730224741204	29.52840048476292	0.0026513001895173663
64.0	29.33661241841484	20.503200284415428	20.536634572193833	29.623002952886974	5.497720889262463E-4
65.0	29.33969403158943	20.557143726549263	20.54114020864407	29.560259802052265	0.0017622311649761883
66.0	29.27849935290266	20.597907632654955	20.519575339146037	29.563675925400762	0.04034174989558788
67.0	29.309295344231256	20.590804721787404	20.528419164511025	29.56772310362438	0.003757665845931548
68.0	29.303863427058346	20.582444902745088	20.492126844002406	29.618743692938658	0.0028211332554979184
69.0	29.355017315013765	20.55930166073512	20.524549622418682	29.560395129834205	7.362719982295814E-4
70.0	29.345510628447208	20.46639531647709	20.546029777358143	29.641068846956543	9.954307610131705E-4
71.0	29.292425184718816	20.547276159861866	20.552245503490486	29.587343998867077	0.020709153061755504
72.0	29.301741913633023	20.52763615660063	20.57475611555429	29.594942314560736	9.234996513251898E-4
73.0	29.264399266034722	20.54741504819189	20.56692803687652	29.613513025893432	0.0077446230034340265
74.0	29.310183638525842	20.52492371004434	20.528672013228896	29.63589375129529	3.268869056297117E-4
75.0	29.310071072379717	20.54565614742155	20.57064776381034	29.573295601409633	3.294149787626163E-4
76.0	29.260638525070338	20.565222096590755	20.545879424331975	29.627817329927787	4.4262407914826734E-4
77.0	29.290875844101144	20.536673324072602	20.516150102381875	29.655943803849755	3.569255946213097E-4
78.0	29.246317488530217	20.579282385148627	20.574873740696578	29.599301454785188	2.2493083939015854E-4
79.0	29.32400115038154	20.545923176649794	20.5605297561427	29.56931910658539	2.2681024057308598E-4
80.0	29.35999500362489	20.519819755310305	20.533683323614348	29.586204514170007	2.974032804496921E-4
81.0	29.304716972203774	20.49403456483035	20.613073198025855	29.558836869983356	0.02933839495665835
82.0	29.215723493825074	20.51523497318668	20.63404039757079	29.62030475769027	0.014696377727185388
83.0	29.332692339338145	20.543019081717333	20.53998650621443	29.58399646434608	3.0560838401339033E-4
84.0	29.347225571032865	20.590905811615638	20.530176317253346	29.531170202061436	5.220980367215281E-4
85.0	29.327834308490118	20.508891426687363	20.55990564884867	29.602985230556012	3.833854178397861E-4
86.0	29.298196408983035	20.55855639153057	20.539898803760654	29.60310640366647	2.41992059272567E-4
87.0	29.294958617524298	20.51143736949916	20.592620233165988	29.60066589510343	3.178847071291514E-4
88.0	29.253637157440576	20.542817426334004	20.572837780875624	29.623319910240376	0.0073877251094198685
89.0	29.241932527089716	20.57419757347678	20.56143507434468	29.62198526543251	4.4955965631663785E-4
90.0	29.252896423272407	20.582403636708023	20.561240016415695	29.603156864602077	3.0305900179941283E-4
91.0	29.235959148778782	20.53684980307725	20.637897392762735	29.58911485529837	1.7880008286106698E-4
92.0	29.252780180618377	20.525097415192505	20.640158086953512	29.581680025369174	2.8429186643554597E-4
93.0	29.3264067886974	20.480569582552558	20.64888482648802	29.5437463980564	3.9240420563131434E-4
94.0	29.289949684185153	20.480986873386655	20.674965663661492	29.55375342204492	3.4435672177698663E-4
95.0	29.29025811698373	20.52615070816422	20.62612304539458	29.557199819373654	2.6831008381738707E-4
96.0	29.220607467908717	20.509116531159417	20.663629861739928	29.606591771376813	5.4367815123332035E-5
97.0	29.223978917816122	20.538267938246722	20.601387754314864	29.635924570304482	4.408193178045545E-4
98.0	29.199273153562515	20.527265402321905	20.6862351220826	29.5841530937072	0.003073228325777848
99.0	29.16817240434208	20.561645113006144	20.65512130789579	29.614976144863725	8.502989225862351E-5
100.0	29.211335176077164	20.511792946786745	20.657219727639088	29.615308045855322	0.004344103641682221
101.0	29.194589215409362	20.55916464711049	20.655262125588596	29.590458250611125	5.257612804273388E-4
102.0	29.173831314173924	20.51084505545838	20.686328220292655	29.628728312411674	2.670976633702858E-4
103.0	29.17760026638773	20.533933670902567	20.713244706328034	29.57513087141845	9.048496320881395E-5
104.0	29.12981269510926	20.540096793827185	20.718762884573852	29.61117423870575	1.5338778395146565E-4
105.0	29.252252165072097	20.453926098331404	20.725475132769965	29.56800322649824	3.433773282933866E-4
106.0	29.197180757106516	20.492022920891014	20.75105429169113	29.55958309585877	1.589344525709396E-4
107.0	29.174680707027846	20.490397727456767	20.74424495269314	29.590514658486892	1.6195433535560314E-4
108.0	29.164606823389782	20.538561091731797	20.707806731716435	29.58895930608297	6.60470790183951E-5
109.0	29.213171927519017	20.520575871684063	20.67611851028162	29.589897815630078	2.3587488522159604E-4
110.0	29.105942210212543	20.454743258746817	20.81299246796002	29.626184460157933	1.3760292268607787E-4
111.0	29.14726344235696	20.528541018134984	20.726474996555226	29.597439336803415	2.812061494160754E-4
112.0	29.143939766991394	20.466160986783862	20.73070659196608	29.65890510468781	2.8754957085023737E-4
113.0	29.12827054410952	20.47861863339781	20.759267576145795	29.633732899449335	1.1034689754180217E-4
114.0	29.086257844311287	20.539943342349222	20.750845757496513	29.62257624252308	3.768133198986824E-4
115.0	29.098653171459894	20.501834968388	20.753285727589986	29.628025224680744	0.01820090788137954
116.0	29.03508062149071	20.585531127685467	20.803961979466628	29.57514862182706	2.7764953013766655E-4
117.0	29.119278058682184	20.496619976073873	20.82494186603407	29.551089616998556	0.008070482211312126
118.0	29.121061067908748	20.46920113075058	20.797368624018723	29.611824257483843	5.449198381001244E-4
119.0	29.12523996570839	20.489411276930685	20.778385055076043	29.606531817995325	4.318842895611408E-4
120.0	29.015813371746525	20.51431096334979	20.848822883287855	29.620340106420223	7.126751956070701E-4
121.0	29.04287285832398	20.53418653003741	20.90870233952757	29.514100244171427	1.3802793961553697E-4
122.0	29.109492999176766	20.484770168165454	20.812635430112465	29.592672882743177	4.285198021381234E-4
123.0	29.018804487979473	20.549385827921327	20.816738865140614	29.614725529058116	3.4528990046771985E-4
124.0	28.942409417191456	20.509213694418527	20.84569558195339	29.702374063806104	3.0724263052947124E-4
125.0	29.038179969226018	20.53194264752078	20.808855239829413	29.620968901241074	5.324218271652265E-5
126.0	29.001453359368067	20.550002218869263	20.921108103310555	29.527214431525696	2.218869264222952E-4
127.0	29.09640096721906	20.538864293882583	20.86721824878663	29.485756459616752	0.011760030494975628
128.0	29.0337864440485	20.599520863779837	20.856075317447463	29.510314047160158	3.0332756404306523E-4
129.0	29.08884585952847	20.476772109838283	20.92507602880206	29.509051138886928	2.548629442659342E-4
130.0	29.00825486968873	20.50143821126374	20.934411259312142	29.555694370545222	2.012891901666205E-4
131.0	28.92664168257434	20.552076084435168	20.96088733961979	29.56018208168138	2.12811689320471E-4
132.0	28.79429454508793	20.59371882321607	20.821163572123986	29.780515441113405	0.010307618458612278
133.0	29.25072415883698	20.363859742542687	20.64101289211236	29.744323011730895	8.019477707455868E-5
134.0	29.34072260170984	20.441637668084375	20.79279975941917	29.42441036216007	4.296086265412209E-4
135.0	29.081551882639502	20.560491557261475	20.644460676622607	29.713125567624765	3.7031585164776665E-4
136.0	28.917430271383026	20.72342027966761	20.452991238420406	29.90595737202822	2.0083850074059198E-4
137.0	28.166522059065795	21.09125654852775	20.463147027490088	30.2787448792435	3.2948567286465827E-4
138.0	28.519769733329447	21.17904883944433	20.856389123491667	29.444185572414593	6.067313199561213E-4
139.0	28.439783188272088	21.4129395084425	21.80192525558141	28.344809339999593	5.427077044142488E-4
140.0	27.64110253134713	22.186540266248343	22.134763761994506	28.019255928486785	0.01833751192323517
141.0	28.319535936555162	21.384270432544376	20.89997912998807	29.396036124742025	1.7837617037064785E-4
142.0	28.67510187120766	21.60560047829645	23.025437060342526	26.69322455763939	6.360325139821147E-4
143.0	30.508013771504906	19.767390184796447	21.788674845567265	27.933045599157186	0.0028755989741954206
144.0	33.036776400644634	19.112492054155712	19.785086342643268	28.063535102827796	0.0021100997285884225
145.0	27.120105376601604	20.761053233810987	19.440120278343244	32.678721111244165	0.0
146.0	27.56183270914044	21.02876302342201	19.417055779739613	31.992348487697935	0.0
147.0	27.709023251777175	20.494273168376715	19.73919387691448	32.05533993485271	0.002169768078914465
148.0	29.94713921831777	19.94303086740982	20.608583714497	29.50124619977541	0.0
149.0	32.0035164446312	20.199928675887197	19.658363028676163	28.13736250065657	8.293501488683516E-4
150.0	24.303144989957858	25.285301322312133	24.781452801931806	25.618201237563415	0.011899648234788767
