# Position (bp)	A	C	G	T	N
0.0	27.37027423165341	26.349558517142075	24.56282960124712	21.664350658108088	0.05298699184930984
1.0	28.485102429766187	17.75010419821196	18.986544223341426	34.77271597017726	0.005533178503168744
2.0	30.36292445431416	19.894839680596498	18.360773530514376	31.37674937485775	0.0047129597172188365
3.0	32.63183372077164	19.255558089502134	19.340894200084495	28.76760777799086	0.004106211650876396
4.0	33.36079063780436	18.52528723792675	20.163944593640228	27.948845702810775	0.0011318278178895256
5.0	33.777319201516335	18.69749885412405	19.50459562769033	28.018544555313362	0.002041761355927529
6.0	28.623271374172678	18.56688928076559	17.635518070351573	35.16956632299055	0.004754951719612792
7.0	28.121580134151497	21.592976186436104	17.94752630814823	32.316539866957456	0.021377504306712106
8.0	28.096732628462046	20.844190203808612	18.506440327106716	32.55174550258857	8.913380340657102E-4
9.0	32.55013433948141	18.864883100345434	19.212689863482137	29.369868701477607	0.0024239952134135533
10.0	29.80126230367683	21.488187461076308	21.281059341632993	27.419050146736378	0.010440746877491571
11.0	28.730545573999965	21.37703632368464	20.10224796971438	29.775213244019106	0.014956888581906295
12.0	29.8829953881776	19.98007848820155	19.618066318095625	30.51694506078177	0.0019147447434532975
13.0	30.128806934220442	19.892809094861537	19.585280896312224	30.391708445074926	0.0013946295308737314
14.0	30.128794364547872	20.05239684708418	19.75722567967166	30.05709031928106	0.004492789415226977
15.0	30.33256456136045	20.072338925806452	19.63968711134004	29.9547894084463	6.199930467634267E-4
16.0	30.42781396074511	19.948542832648723	19.78961379385362	29.830765301796514	0.0032641109560335164
17.0	30.416927343814365	19.950043904833155	19.894067223395954	29.737134068055564	0.0018274599009574888
18.0	30.463469595331087	19.82421666549381	20.00721411577874	29.69909270375623	0.006006919640129426
19.0	30.328791219771812	19.900438850589484	19.77994029570697	29.990019718460875	8.099154708526472E-4
20.0	30.14196276978478	20.111645333416643	19.750426490144317	29.995351348735294	6.14057918961496E-4
21.0	30.0124818749658	20.14999628568504	19.728930881513616	30.10705163969639	0.001539318139151651
22.0	29.995959429535933	19.98354038159706	19.708575495002677	30.311187182626032	7.375112383011915E-4
23.0	30.101004080241633	19.877860436430627	19.847229047472776	30.171280638154034	0.002625797700930307
24.0	30.134560444263496	19.9201232531114	19.886185776625755	30.056792779684333	0.002337746315012382
25.0	30.14740702678578	19.901209279741558	19.933195788228673	30.01374890751618	0.004438997727809049
26.0	30.142368060046675	19.922875414219575	19.89791429672	30.035632214701195	0.001210014312552608
27.0	30.061972672160266	19.966110175602054	19.887829429702517	30.083204526603247	8.831959319204454E-4
28.0	30.072274427269885	19.971391259523084	19.930185043546707	30.024595148011684	0.0015541216486374626
29.0	30.022284368194104	19.974978300965606	19.890863720200816	30.110009583740187	0.0018640268992878304
30.0	30.029086911281293	19.951028972310382	19.909868873414915	30.108851431081835	0.0011638119115751893
31.0	30.063984283256968	19.909833483889592	19.877202842939063	30.14798982288564	9.895670287356254E-4
32.0	30.06452083453531	19.956149832870405	19.925909918462803	30.052120060132154	0.0012993539993295688
33.0	30.126813100152877	19.93450634821214	19.905107627619564	30.030483391130563	0.0030895328848546655
34.0	30.01879535106819	19.9756977487599	19.927400414710057	30.07617405737725	0.0019324280845997113
35.0	29.977393171724692	19.983398012764823	19.892082020118703	30.14478745965949	0.0023393357322916007
36.0	30.024418405754545	19.935844569591993	19.928022702640426	30.1096543646861	0.0020599573269390664
37.0	30.05448094872607	19.952629594818426	19.86303554909661	30.12943792859093	4.159787679648586E-4
38.0	30.07848954596377	19.889611847314274	19.88718354853525	30.143696642577712	0.001018415608990561
39.0	30.062812310686056	19.94719071262362	19.877267279279298	30.111986950753128	7.427466578956405E-4
40.0	30.002238116785325	19.95869318758941	19.950816294653794	30.0859719304373	0.0022804705341728662
41.0	30.02757073195025	19.93327778310972	19.870717300169684	30.16770742248816	7.267622821919127E-4
42.0	29.998637007125765	19.998494012541048	19.918426133738777	30.08238124034654	0.0020616062478696607
43.0	30.011476784662793	19.926718660841843	19.9079245242905	30.151142002716007	0.002738027488854459
44.0	29.998187789629778	19.9497568328506	19.936510829464094	30.114766625089146	7.779229663837716E-4
45.0	30.00657104230062	19.95061623417517	19.95447868060051	30.084512799996375	0.0038212429273241865
46.0	30.025476780347503	19.89714286326212	20.002432406446243	30.07420598948726	7.419604568732425E-4
47.0	30.024962802864096	19.968875823624575	19.90767156871729	30.097558889119767	9.309156742688942E-4
48.0	30.005144667243357	19.94625621672918	19.912456091202987	30.13074004792874	0.0054029768957391516
49.0	30.02750235429464	19.9315223595944	19.939973001724503	30.093026432073223	0.007975852313236107
50.0	30.025962707492866	19.9599163070815	19.914066764056184	30.09912075576837	9.334656010816827E-4
51.0	30.027057749109936	19.928599547621843	19.94084633646934	30.09959022374669	0.0039061430521932453
52.0	30.014658529160087	19.935815592133256	19.978553518109916	30.07035873401971	6.13626577033896E-4
53.0	30.042075542351455	19.948947974383778	19.878617263047435	30.12815539895948	0.002203821257854267
54.0	29.99070602120635	19.94481790848206	19.93542915212129	30.127991405251684	0.0010555129386134443
55.0	29.95265585140644	19.96289313934774	19.939746373395373	30.142166180562658	0.002538455287787933
56.0	29.98392682406996	19.951267857612464	19.923814323613673	30.140149458948244	8.415357556531852E-4
57.0	29.981710970428367	19.933231921238146	19.985908847461502	30.093141173926153	0.006007086945830291
58.0	29.998939286137205	19.953357006243973	19.933347260432154	30.11146273010004	0.002893717086632159
59.0	30.01843027558031	19.940047979662666	19.934862015926257	30.105906212732314	7.535160984519439E-4
60.0	30.010504905908192	19.931277351863464	19.935043728698464	30.119337800799073	0.0038362127308044615
61.0	30.01964510225193	19.95518898702952	19.945678363969126	30.078480146415217	0.0010074003342086415
62.0	30.013258577723086	19.940519831289397	19.916872466084445	30.12760816563196	0.0017409592711115766
63.0	30.03438224715151	19.947336949046086	19.89696733856921	30.11830066460654	0.0030128006266625304
64.0	30.02637483939849	19.910489885457807	19.924770922666017	30.136886837844035	0.0014775146336514498
65.0	29.985517800172666	19.930778848942595	19.925668335907893	30.150193104040685	0.00784191093616009
66.0	29.957177518160737	19.94157043941375	19.924714052363356	30.153140679615653	0.023397310446499883
67.0	29.992659156446404	19.90882027277479	19.9506436395859	30.145530048013896	0.0023468831790132293
68.0	29.95734514528894	20.00378948133842	19.896932205014508	30.137614703447056	0.0043184649110779745
69.0	29.967595976812124	19.975851948757036	19.91773883023356	30.135585460318243	0.0032277838790391164
70.0	29.97024890464396	19.914328128501772	19.89335651265932	30.221658826768373	4.076274265754984E-4
71.0	29.91283499666913	19.976202830040222	19.925122707478664	30.172798845571574	0.013040620240412729
72.0	29.973553871940883	19.94753823403366	19.94420382059518	30.12861065418208	0.006093419248195016
73.0	29.939726523037574	19.976747870578325	19.944927730798888	30.13301804843918	0.005579827146030045
74.0	30.0056886994253	19.940165788628516	19.916407374313753	30.135393947710455	0.002344189921981337
75.0	29.941433572994807	19.99003149270585	19.97320238272025	30.09047510731761	0.004857444261488425
76.0	29.951463786716705	19.96477784250349	19.933852210531875	30.14915503101716	7.511292307727E-4
77.0	29.973561741018734	19.998041832158677	19.926100448423096	30.101052169342672	0.001243809056818927
78.0	29.958482697654993	19.951219079379747	19.954756490833134	30.133608747750007	0.0019329843821199576
79.0	29.995633142630833	19.978305554292636	19.962098367803	30.061721462480033	0.0022414727934883276
80.0	30.03453351600298	19.92987999515525	19.909317160368484	30.12567203986492	5.972886083623391E-4
81.0	29.9467426375445	19.969006830210034	19.960627887256013	30.105101125376688	0.01852151961276797
82.0	29.905278998417845	19.95425699827012	19.968354203904195	30.167520443311208	0.004589356096629593
83.0	29.984576828901748	19.967243116123957	19.89092303747547	30.152607648966377	0.004649368532450696
84.0	29.96674407342987	19.95796347886148	19.933427341535335	30.138544591949817	0.0033205142234948616
85.0	29.96407983745654	19.95550481278925	19.938552756115772	30.14031204870197	0.0015505449364620761
86.0	29.92731321406328	19.981781938753354	19.926880932093596	30.16342566009021	5.98254999561479E-4
87.0	29.94973676625234	19.9574239390838	19.939726788860064	30.15289298499474	2.195208090549178E-4
88.0	29.953335332974802	19.9737651581624	19.922623062989274	30.14610407402603	0.0041723718474913265
89.0	29.90992412706351	19.98774768439728	19.94176654507106	30.15999544555926	5.661979088861206E-4
90.0	29.933610969017373	19.98578079308032	19.918522545012898	30.161883066073468	2.026268159410915E-4
91.0	29.883980920625785	19.998221330624713	19.959097902542887	30.15847568799109	2.2415821552544823E-4
92.0	29.92230903564798	20.004249037907627	19.95102534846644	30.122080072308616	3.365056693359296E-4
93.0	29.900272058771176	20.02410882518794	19.973803380781284	30.101037229860157	7.785053994422858E-4
94.0	29.922947971130842	19.97846175150882	19.945547998883164	30.15269642775884	3.458507183301864E-4
95.0	29.971145600776566	20.01497289367158	19.90157951784252	30.11200425632558	2.9773138375064907E-4
96.0	29.92942575410596	19.99802700789294	19.947330303894706	30.125054286011547	1.6264809484717576E-4
97.0	29.903554061218735	20.012002323687334	19.903215410417364	30.18043701422392	7.911904526515887E-4
98.0	29.903971682801412	20.030918836043554	19.93132245411567	30.132435716660872	0.0013513103784927789
99.0	29.900021213458423	20.033751055491063	19.93499911872661	30.130958798289033	2.698140348755546E-4
100.0	29.891705873485968	19.994646584453626	19.941680949166855	30.169997396823227	0.001969196070323973
101.0	29.912900384089365	20.006076884833313	19.926841578708437	30.151326312515327	0.002854839853564356
102.0	29.8745998335066	20.001572642439324	19.96412481707462	30.15925461951972	4.4808745973401166E-4
103.0	29.937773929295137	19.98053428773123	19.95613866436048	30.125315510682928	2.376079302281544E-4
104.0	29.86112097466101	20.04875045879164	19.940716362496637	30.149226465818813	1.8573823189877136E-4
105.0	29.90632552062123	19.98656608783654	19.977348098570324	30.129570155946183	1.9013702572124322E-4
106.0	29.914485045056527	19.971932675941297	19.958388009590998	30.15472436365353	4.6990575764694985E-4
107.0	29.88487892565827	19.966298143176555	19.99049305334809	30.157765962628382	5.639151887036214E-4
108.0	29.84519102719199	20.011593900640964	20.003965409315647	30.139010983399306	2.3867945208967006E-4
109.0	29.925388758950543	19.96648074440349	19.966560635319315	30.141350625790185	2.1923553646034676E-4
110.0	29.8579904805032	19.99840689276188	20.001103121338925	30.142100202340295	3.9930305570022E-4
111.0	29.90431917285078	19.974478615908136	19.95437335753411	30.166465279869865	3.6357383711423574E-4
112.0	29.900158933534975	19.96813612618499	19.913379680101748	30.217837791731046	4.8746844724021715E-4
113.0	29.889895042757892	19.96393763721766	19.97626341858382	30.16952013861589	3.8376282474393054E-4
114.0	29.885038004891882	20.021953053168154	19.959974305514404	30.132706174124852	3.284623007014645E-4
115.0	29.92352234163044	19.970860985908566	20.01414058265021	30.08145577511988	0.010020314690900851
116.0	29.879239580112653	20.021586070413512	19.99007174098202	30.10883248566812	2.7012282369847686E-4
117.0	29.846699418266155	19.97985632280695	19.996293070678977	30.17379070091952	0.0033604873284029508
118.0	29.83938326148423	20.00709742021304	19.990235536787647	30.16234604347342	9.377380416599696E-4
119.0	29.909524901506984	19.999956872030143	19.948601561978506	30.141728222453914	1.8844203045238753E-4
120.0	29.85533097087775	19.99873755657354	20.002770036658678	30.142714466897058	4.469689929802251E-4
121.0	29.87010032188213	20.01724024609903	20.027333570910248	30.084955157962597	3.707031460006887E-4
122.0	29.810749333466376	20.029847728331465	20.01072548634922	30.14850201844026	1.7543341268114312E-4
123.0	29.81675409369563	20.0031075685877	20.046149156714925	30.13374154229623	2.476387055096759E-4
124.0	29.78064347932787	19.98759325297105	19.99925245685114	30.232174277040247	3.3653380968997135E-4
125.0	29.77263045698542	20.02350897102406	19.993798006230936	30.209396050583337	6.665151762403232E-4
126.0	29.818913267933567	20.016807964448745	20.01935932065352	30.144529097513278	3.903494508889887E-4
127.0	29.911538358761437	19.954872747422655	20.012101578575916	30.113654787785133	0.007832527454859649
128.0	29.99504504086733	19.85863702135892	20.111872409131152	30.03320689055386	0.0012386380887435989
129.0	29.85549107057212	19.88390085059175	20.208177629988764	30.050268617286395	0.0021618315609655114
130.0	29.746735595359446	19.896419788738246	20.173979541885	30.182389944868564	4.751291487413397E-4
131.0	29.66809208208715	19.9598157875042	20.017882266227243	30.35313628281782	0.001073581363587339
132.0	29.473661455871998	20.141062168560474	19.95226883843979	30.430764703490944	0.002242833636795521
133.0	29.514912519077985	20.045116260440494	20.083133065178178	30.356578669213874	2.5948608947390074E-4
134.0	29.569400404014445	19.968961118398344	20.04949162238159	30.411420634543408	7.262206622113625E-4
135.0	29.669259592086817	19.842086509052482	20.151970737817514	30.33357646200473	0.003106699038456529
136.0	29.730527999220612	19.9173193109103	20.191621777964034	30.15920124983121	0.0013296620738419737
137.0	30.034427997163526	19.8272315398973	20.0729540497813	30.06487608603455	5.103271233312491E-4
138.0	30.150446521380864	19.836327643195833	20.168809910887347	29.843192389100327	0.0012235354356362313
139.0	29.47830469558117	20.327193063834777	21.38642544677389	28.801217209181683	0.006859584628474536
140.0	27.47362435137165	21.273407011194255	21.43404281048249	29.80167462804357	0.017251198908029067
141.0	29.205828701218163	19.448155967551813	19.210625340007827	32.13495615538291	4.338358392931991E-4
142.0	31.915048226150628	18.87916815818147	20.92601520198323	28.278949919749884	8.18493934782492E-4
143.0	31.874832857826018	18.329098189811575	21.526336802800262	28.25894701765408	0.010785131908061879
144.0	34.25112889238249	18.13175758701347	18.810655691814347	28.802300437931322	0.004157390858371926
145.0	27.93209397773544	19.795488889346828	18.98355645523435	33.28862742948941	2.3324819396829227E-4
146.0	27.888986448702134	20.293124796663157	18.851728230410775	32.96595269098932	2.0783323461254688E-4
147.0	28.56939155223665	19.638468767936182	19.52101053048125	32.26763575354505	0.003493395800869162
148.0	30.950335582749027	18.74034160721089	19.96065327762697	30.348376981368702	2.9255104441071127E-4
149.0	33.78195874204032	19.4433433474103	18.366291512439986	28.40645331043332	0.0019530876760705616
150.0	21.646506910600042	24.737346706635194	25.869912751989727	27.69393989347042	0.05229373730462208
