# Position (bp)	A	C	G	T	N
0.0	26.09710850310485	23.5418639806675	25.387999818691604	24.959295640095572	0.01373205744047604
1.0	28.719751495018293	19.535096554186516	19.91792505568925	31.806895940360945	0.0203309547449963
2.0	29.437179774607337	20.274331645071396	19.01367925616306	31.274011808801	7.975153572106862E-4
3.0	32.048314656168984	19.340298523640083	19.93598075775325	28.673830441345054	0.0015756210926313548
4.0	32.47893493689713	18.886526542963807	20.34686456032563	28.287651890369954	2.20694434754324E-5
5.0	33.14383208254231	19.05492616066023	19.9874698352568	27.812071683951512	0.0017002375891486967
6.0	28.953677845041305	18.94241142599558	18.420345847117233	33.68344060105699	1.2428078890228114E-4
7.0	28.78812638390705	21.172171460320314	19.16065782055577	30.878968464719637	7.587049723189409E-5
8.0	28.369532043567247	20.91532263436599	19.18090271148585	31.53419159342863	5.101715228727822E-5
9.0	31.897370447087752	19.205862280693044	19.546100207533048	29.350627744290552	3.932039560279142E-5
10.0	29.83671878944511	21.241125190846137	21.258256782685887	27.663843945661398	5.529136146683908E-5
11.0	28.929339418799387	21.2405553468143	20.32820950539917	29.501876824484462	1.8904502683174234E-5
12.0	29.80406705010969	20.161086472922037	19.91588941795512	30.11892508443469	3.197457846605157E-5
13.0	29.95979826354646	20.10220029514684	19.874470350293308	30.0634381222281	9.296878529454617E-5
14.0	29.93698570683483	20.198239687261495	19.993776161761602	29.870795174102092	2.0327003997944185E-4
15.0	30.10895221748654	20.214624959599746	19.917768439346606	29.758268358056306	3.860255108006383E-4
16.0	30.13942190773361	20.154147144671153	19.98670280901455	29.71862272308344	0.0011054154972521576
17.0	30.11445563924405	20.19283277116194	20.04195653481883	29.650710100205618	4.495456956456438E-5
18.0	30.11969799839812	20.131410221239204	20.078901854842858	29.669962383379143	2.7542140671135576E-5
19.0	30.0393720717348	20.16577493024236	19.969536831322788	29.825179820739873	1.363459601779866E-4
20.0	29.937423375502597	20.27244994717714	19.93853899567129	29.851503494855088	8.418679389052372E-5
21.0	29.849657451034094	20.300325740204293	19.927838528052156	29.922073698024004	1.0458268545328053E-4
22.0	29.828647791107542	20.19127860848417	19.9162615861856	30.063764042587703	4.797163498278276E-5
23.0	29.90742853604497	20.09381978330689	19.992556059286848	30.0061592484198	3.637294148792566E-5
24.0	29.90935646098714	20.13541719635795	20.0138612381545	29.941322874817416	4.222968299371058E-5
25.0	29.932675243572522	20.099888744142238	20.063306823429752	29.90408546021775	4.372863774055178E-5
26.0	29.929537813239076	20.10724222030359	20.038502893888875	29.924612020108327	1.0505246013456112E-4
27.0	29.87778065296046	20.139314407244104	20.03758970707513	29.945189625032864	1.2560768743584422E-4
28.0	29.866889909355514	20.126644475633068	20.088444350221334	29.91792769794764	9.356684244903667E-5
29.0	29.84180569207304	20.153010346513835	20.05396266034666	29.95117447346866	4.682759780379152E-5
30.0	29.84927285038016	20.137854228694057	20.05337948733217	29.959411342427888	8.209116572841595E-5
31.0	29.859536435551913	20.106469809407358	20.045870202976594	29.987931181684836	1.9237037929653E-4
32.0	29.854093083202148	20.15116322005875	20.069445578430944	29.92521720683899	8.091146917133268E-5
33.0	29.914565623602833	20.122686761438455	20.064016981357803	29.89865252708903	7.810651187547617E-5
34.0	29.819298519457643	20.157727794289464	20.08122216379129	29.941674754046915	7.676841468691383E-5
35.0	29.80872391510585	20.172924059502332	20.055558656625823	29.962627715409784	1.656533562124283E-4
36.0	29.845621671877332	20.130214755988824	20.08524279892206	29.938854084420246	6.668879153774366E-5
37.0	29.87181270548149	20.148429128422872	20.02698109442259	29.952641962795262	1.3510887778610652E-4
38.0	29.879280369546606	20.0809085701383	20.040354469201905	29.999147176800424	3.094143127712498E-4
39.0	29.885092213372825	20.12124801584658	20.032140520703024	29.95935069494963	0.002168555127935363
40.0	29.822411357497668	20.152524895353945	20.09497929043592	29.929711162095856	3.732946166093318E-4
41.0	29.86195981567435	20.114284310601914	20.040475718271658	29.982580023275208	7.001321768765461E-4
42.0	29.814029190679296	20.17820788086741	20.067074879248956	29.940577139520858	1.1090968347200666E-4
43.0	29.819268280788723	20.13156010845801	20.059897177732715	29.989161826278366	1.1260674218305016E-4
44.0	29.793969311464647	20.156691442997072	20.082276403694614	29.966992138003786	7.070383987740496E-5
45.0	29.8073823977452	20.13850250859712	20.09981248480288	29.954096137475094	2.0647137970596124E-4
46.0	29.831707751229132	20.117133480548492	20.120558259506797	29.930509906097637	9.060261794452499E-5
47.0	29.8409395106373	20.14295753747057	20.06825878356035	29.94774884878192	9.531954986416813E-5
48.0	29.83630412790087	20.130018472241794	20.050378758571245	29.983218298191368	8.034309472626713E-5
49.0	29.851621942838047	20.123695212202446	20.08247967587723	29.942086217567788	1.169515144841413E-4
50.0	29.844832316687846	20.14904161996155	20.061237501929092	29.94480029619376	8.826522775677834E-5
51.0	29.862259872379276	20.130671674740512	20.075115312620515	29.93186468928515	8.845097455283762E-5
52.0	29.82902134919259	20.123982179252156	20.12092757286829	29.925939012972787	1.2988571417132754E-4
53.0	29.85117189286488	20.13369390436816	20.05672068612714	29.958294090486167	1.194261536570271E-4
54.0	29.810832149351217	20.132745627091627	20.080285993919322	29.975493315650898	6.429139869313539E-4
55.0	29.784858319756484	20.139193086694846	20.088663771230067	29.986883270957996	4.015513606037067E-4
56.0	29.806942637856558	20.11748438112142	20.084740714374647	29.990662682234635	1.695844127381204E-4
57.0	29.822793298378336	20.120004002667148	20.1134456724066	29.943621070584918	1.359559629984105E-4
58.0	29.831804624449482	20.128039792934988	20.063835459997332	29.97533986833094	9.802542872536235E-4
59.0	29.84854216573106	20.125025069299287	20.060964686813097	29.96464704987466	8.210282818944888E-4
60.0	29.856295432654345	20.09632958053302	20.082822977158678	29.964398030642663	1.5397901129205857E-4
61.0	29.85187660252026	20.130540636955942	20.086704934248395	29.93058164962755	2.9617664785867013E-4
62.0	29.851616577328286	20.109805900878467	20.091328615973726	29.947141125562656	1.0778025686253298E-4
63.0	29.868406446872314	20.139509087821235	20.04503456309262	29.946943453808977	1.0644840485734717E-4
64.0	29.843817818249953	20.093454945632605	20.0853364635481	29.977285663719165	1.0510885017616636E-4
65.0	29.81518398191996	20.118511113630262	20.07055479552961	29.99564162113455	1.0848778561178384E-4
66.0	29.80386975662277	20.10503178923724	20.0882125705923	30.00277242119011	1.1346235757854247E-4
67.0	29.816332083655016	20.112834805522592	20.098023908550065	29.972689160876364	1.2004139595949823E-4
68.0	29.796710701371527	20.177263470455998	20.055715664834832	29.970207250645636	1.0291269200698021E-4
69.0	29.80489273430278	20.14377936810057	20.075815071287533	29.975387460206377	1.2536610274190108E-4
70.0	29.83398434859275	20.095973041437055	20.041515604117272	30.028410888522494	1.1611733042248924E-4
71.0	29.772543106115496	20.153235752687483	20.078959603931544	29.99513079466168	1.3074260379922382E-4
72.0	29.8187047485096	20.105234388735276	20.09729090415075	29.978629309380345	1.4064922403183788E-4
73.0	29.804084876471503	20.14578750118169	20.086600534844184	29.963413324958697	1.1376254392275682E-4
74.0	29.834225867634856	20.12414855514308	20.067549014850094	29.97396732786155	1.0923451041389614E-4
75.0	29.802497791638512	20.135365972829213	20.102872638174052	29.959129932949423	1.3366440880103155E-4
76.0	29.79111715783275	20.140847537456466	20.08054265515027	29.98730699673049	1.8565283001505806E-4
77.0	29.815591039169238	20.157910564992797	20.066782172245688	29.959536578937175	1.796446551037872E-4
78.0	29.799494379388097	20.137094545797346	20.08477038979776	29.978536841492108	1.0384352468287568E-4
79.0	29.820894980974906	20.14249768423573	20.091221876853638	29.945213031199398	1.7242673632706816E-4
80.0	29.83788343234355	20.11049306572429	20.066211032948704	29.985273842996936	1.3862598651756273E-4
81.0	29.78423399522075	20.14445395228212	20.104397431059212	29.966770744953525	1.4387648439249153E-4
82.0	29.777403540427756	20.13116847917621	20.106451657583424	29.984835355463513	1.4096734909342833E-4
83.0	29.8052376807946	20.156260256848498	20.063078560215494	29.975290373692214	1.3312844919787152E-4
84.0	29.805840903933433	20.163420453919446	20.081746809791667	29.94886329808105	1.2853427439757262E-4
85.0	29.80451635884096	20.14238523094884	20.082641257947206	29.9703249680205	1.321842424949009E-4
86.0	29.78038413991582	20.154691795633795	20.07017693843352	29.994593043922425	1.5408209444288016E-4
87.0	29.787997171833698	20.148271070702826	20.08664249612257	29.976956358789046	1.329025518618983E-4
88.0	29.795760067224787	20.15557559889567	20.07524637870451	29.973254691174482	1.6326400055443122E-4
89.0	29.758567548589603	20.155891281389486	20.095678009163418	29.98953071236062	3.3244849687839216E-4
90.0	29.777476164383472	20.169649994894147	20.060030410605158	29.992660808996487	1.8262112073576543E-4
91.0	29.76708290841441	20.170101869819117	20.083037769763838	29.97946158232529	3.1586967734601324E-4
92.0	29.779287141566357	20.172037027737773	20.096659084835068	29.95145897739302	5.577684677813723E-4
93.0	29.767847676062576	20.203835294141108	20.09198678672684	29.936181521836325	1.4872123315184892E-4
94.0	29.78102847048752	20.181528495228047	20.074334810006754	29.962884466189738	2.23758087943743E-4
95.0	29.822604831972228	20.199139493627648	20.04800295580683	29.930053783136035	1.9893545726122497E-4
96.0	29.782073583176278	20.191511114242825	20.063426739707737	29.96277198808764	2.165747855244551E-4
97.0	29.760198330186327	20.19891964019572	20.04034012890737	30.000364004012663	1.7789669791912522E-4
98.0	29.752898309152854	20.21150737438561	20.074961107085258	29.96047533654926	1.578728270199618E-4
99.0	29.753795465323744	20.20445893478229	20.06441295626705	29.97713640436305	1.9623926386176495E-4
100.0	29.748096654323632	20.18231034530045	20.092940463244307	29.976462557480506	1.8997965110686117E-4
101.0	29.751147805732554	20.20731014897178	20.08583837038538	29.955556396486475	1.4727842381313992E-4
102.0	29.73219350038609	20.192741679677596	20.100446887465186	29.97435193320185	2.6599926928436027E-4
103.0	29.754919641020404	20.1973905198961	20.100245229877693	29.947066014569685	3.7859463612353563E-4
104.0	29.725054390921475	20.232556160766727	20.08125181160093	29.96090128384774	2.3635286312956262E-4
105.0	29.745325862403337	20.207102272123368	20.101470366540973	29.94585730190144	2.4419703088384445E-4
106.0	29.748197041818692	20.19679787259263	20.096908644214047	29.957867301255536	2.2914011909469558E-4
107.0	29.748843441367338	20.18399828981911	20.109253029619786	29.957392425418703	5.128137750550864E-4
108.0	29.71762634755969	20.21558471088926	20.1271981233521	29.939397427628634	1.9339057031837268E-4
109.0	29.760937308079004	20.191233275393945	20.07848977368814	29.968226896079088	0.001112746759828318
110.0	29.707172065103304	20.213883400214925	20.112790515414165	29.965828846862358	3.251724052479324E-4
111.0	29.747814254533534	20.181726933013742	20.07916934051907	29.990618879612363	6.705923212875946E-4
112.0	29.738736001902154	20.176492636957306	20.061665377982674	30.022927844810475	1.7813834738679952E-4
113.0	29.713170895074096	20.188865241318098	20.132251215870536	29.9652846292343	4.280185029689856E-4
114.0	29.7258938724393	20.228655647069953	20.100393434120203	29.944846795304308	2.1025106623571966E-4
115.0	29.757045106413454	20.184616804349968	20.149863398062198	29.908236342594535	2.3834857984911224E-4
116.0	29.70501022410859	20.23635889150465	20.140301396165626	29.918135908599737	1.9357962139843746E-4
117.0	29.687892761278516	20.200242135939092	20.12468532583877	29.986928648022893	2.511289207342357E-4
118.0	29.683881803796247	20.2285756773659	20.142505513047453	29.94486952546382	1.6748032658295595E-4
119.0	29.723518691619265	20.21547912981201	20.09974249314362	29.961082297109943	1.7738831516190222E-4
120.0	29.678902402733005	20.22807749910351	20.145830844376906	29.94701298975032	1.7626403625309637E-4
121.0	29.710309904685	20.228034776949652	20.146741912221707	29.91468236522624	2.3104091740236893E-4
122.0	29.65395744995531	20.249426870090577	20.15139843398507	29.945011413946983	2.0583202205860617E-4
123.0	29.675372607781174	20.209588605799517	20.159028632103333	29.955673764363123	3.3638995285523E-4
124.0	29.642279099036266	20.19120230178655	20.14701891008022	30.01923924280866	2.6044628830351003E-4
125.0	29.638718609504345	20.229082852099648	20.162323073509217	29.969676459187493	1.9900569929579275E-4
126.0	29.651139095709905	20.233612268781513	20.170482358089096	29.944585438512362	1.808389071215751E-4
127.0	29.732213952066783	20.184889370050445	20.152386492255207	29.930326639964722	1.8354566284371003E-4
128.0	29.749764227670696	20.140576814492363	20.2282920725835	29.88115369044629	2.131948071583825E-4
129.0	29.656382251508802	20.150625673783132	20.304179302265847	29.888579323233834	2.3344920838820434E-4
130.0	29.58274844846108	20.158465135446747	20.31493672077638	29.943595752233975	2.539430818179603E-4
131.0	29.531429553978505	20.20982037792373	20.216625771652083	30.041892515720527	2.3178072514995577E-4
132.0	29.37723389768678	20.3173208669211	20.179799957844246	30.125414340744904	2.3093680296961246E-4
133.0	29.39012723724434	20.293005388343296	20.256873451075748	30.059757921133688	2.360022029232295E-4
134.0	29.425307117648458	20.2445504654991	20.20648732868352	30.123073971576325	5.811165926042794E-4
135.0	29.454321133481702	20.19609896293623	20.26486334145057	30.084148409242434	5.681528890683669E-4
136.0	29.525976112540537	20.24024402643782	20.29430443367625	29.939066075464037	4.0935188135329093E-4
137.0	29.71767849776306	20.18988441137591	20.206664143483213	29.885528017093403	2.44930284409031E-4
138.0	29.75747474428607	20.194081483389848	20.304215829328076	29.743987752632826	2.401903631750954E-4
139.0	29.20432693142071	20.60957487549863	21.22623833604306	28.9596345455033	2.2531153430030142E-4
140.0	27.65003301340799	21.36536482709239	21.181962674916612	29.802423116991122	2.16367591882386E-4
141.0	29.142413661683857	19.831029519851324	19.48264526483143	31.54367544721789	2.3610641550199992E-4
142.0	30.974742854546843	19.570199005077864	20.959874777753225	28.494976861555486	2.0650106657800886E-4
143.0	30.5300827903785	19.48836079071835	21.13001917721169	28.85137315104372	1.6409064774492403E-4
144.0	32.80507273159971	18.922179833740476	19.1650388718529	29.107487240896248	2.2132191067289E-4
145.0	27.70712159885511	20.328346084210374	19.20431897668528	32.75871791952364	0.0014954207255945184
146.0	28.118097841198402	20.585838885339207	19.104878414354864	32.19101566425023	1.6919485729693324E-4
147.0	28.44918142246152	20.21384593864881	19.58428083400163	31.75104129237302	0.0016505125150164696
148.0	30.7577432114707	19.31531097108553	20.256754042869034	29.669348915937952	8.428586367788851E-4
149.0	31.226912257495528	20.23140939607747	19.814594953682953	28.713733656044077	0.013349736699974014
150.0	24.72472910955855	25.409326889424012	23.437469781363458	26.415584648233015	0.012889571420970417
