# Position (bp)	A	C	G	T	N
0.0	22.744280024916584	29.362195319958005	29.916407076744804	17.9250120243083	0.0521055540723009
1.0	27.03476637253514	17.47145532458523	18.3119405884811	37.18120299569616	6.347187023706224E-4
2.0	30.133399450650472	20.35672393498607	18.253054890204993	31.25657076225579	2.5096190267192013E-4
3.0	35.40322670155171	18.864343794881044	19.54170351430329	26.189685651509553	0.0010403377544042896
4.0	35.50128997045711	17.848107904203893	20.883801748277993	25.766389884584147	4.1049247686048744E-4
5.0	36.77649190315567	18.00600844363321	20.093816471928253	25.122850708111145	8.324731717213711E-4
6.0	26.723424659598344	18.28259270908855	16.38584267825781	38.6079465337447	1.9341931059371526E-4
7.0	26.785408568590153	23.313056620232594	17.810707802564398	32.07678507127591	0.01404193733694752
8.0	26.282218669954194	22.298935118303362	18.30650338346257	33.11232751751303	1.5310766845116206E-5
9.0	34.94040130698009	18.21443170907707	18.988485015916876	27.85667347298922	8.495036747171596E-6
10.0	29.679251117709104	23.186079554173812	23.045442324840877	24.089222761145773	4.24213043761211E-6
11.0	27.56713633671133	23.06955129870227	20.784757354569884	28.569722140422265	0.00883286959425668
12.0	29.624484068093548	20.531740094332093	19.698007492458977	30.14576538022378	2.964891604558294E-6
13.0	29.925094759240352	20.368012640194568	19.731779327431756	29.97509676649045	1.6506642876220727E-5
14.0	29.980443780004002	20.580849492941727	20.06379681102143	29.374785144530698	1.2477150214154E-4
15.0	30.332255210975216	20.562319080457982	19.914113845004064	29.191280586278324	3.127728441149021E-5
16.0	30.41877526142501	20.45408074513246	20.116872594093294	29.01024351736053	2.7881988705487977E-5
17.0	30.394222790906888	20.542806032464398	20.14641664796146	28.916551150688115	3.3779791406156738E-6
18.0	30.40195272997713	20.413887607628624	20.249190018446562	28.930525121828797	0.0044445221188917135
19.0	30.22143101457256	20.538167313935247	20.000721916299703	29.23961090873985	6.884645263943339E-5
20.0	30.008236467422396	20.69387922051003	19.91261111615699	29.38526389604591	9.299864675978215E-6
21.0	29.931050785464237	20.649087645589532	19.943614220661306	29.476144953006767	1.0239527815937532E-4
22.0	29.905471584259036	20.399363570894604	19.921649133262758	29.773334442463177	1.8126912042458582E-4
23.0	30.04514841787217	20.225969749818116	20.132784127563795	29.595733108855317	3.645958906058011E-4
24.0	30.04999998281025	20.260843167735985	20.16828504936182	29.520867980146864	3.819945088628901E-6
25.0	30.142626684161776	20.236342356836342	20.147116328951217	29.47158171791349	0.002332912137166191
26.0	30.089229940387796	20.273368521349223	20.108860012478036	29.528532591325018	8.934459929021673E-6
27.0	30.029183544902132	20.318955440384915	20.147700474941907	29.504157983917523	2.5558535250057063E-6
28.0	30.001829650887256	20.312418220149738	20.22021490422524	29.465358524569524	1.7870016824258323E-4
29.0	29.97305614271997	20.302942859621613	20.149810089154503	29.57308280718199	0.001108101321932424
30.0	30.018691523824476	20.281675529640328	20.170935118300797	29.528566859080897	1.3096915350296133E-4
31.0	30.06102419304973	20.20312038133508	20.160705612764303	29.575142949133827	6.863717062619776E-6
32.0	30.102498268947038	20.223066272229353	20.21860013451816	29.455560571056438	2.747532490087664E-4
33.0	30.196660206658066	20.16111913275478	20.177456031818338	29.4647258381157	3.879065311628699E-5
34.0	29.979051421541786	20.263757739292252	20.22045856148717	29.53668259739218	4.968028661948399E-5
35.0	29.97008717445088	20.31911904706761	20.152008280132446	29.558527389482244	2.58108866820831E-4
36.0	30.04607812738761	20.214853539667963	20.202637214455553	29.53631736516742	1.1375332145045297E-4
37.0	30.04443944669852	20.26232325172582	20.112657677574713	29.580571789633787	7.834367167305796E-6
38.0	30.127748734650577	20.11778829019369	20.12681908269593	29.627600259119212	4.363334059159409E-5
39.0	30.10962380025558	20.182553807501595	20.13705271674929	29.570747365247424	2.2310246107387E-5
40.0	30.028326505930668	20.193237351034227	20.253149772663885	29.52367938433979	0.0016069860314274276
41.0	30.070165358095064	20.173581453330964	20.144516089838962	29.61170631940239	3.077933261384152E-5
42.0	29.985892775412232	20.271733378877656	20.230093600297323	29.512082747971636	1.9749744115173595E-4
43.0	30.05248913691935	20.180840340273953	20.16663210491941	29.60001056986976	2.7848017525933235E-5
44.0	30.02293733192893	20.195909757790435	20.21606778216363	29.56311941048079	0.00196571763621652
45.0	30.049012122935814	20.18517873331319	20.225438167694687	29.54036786533231	3.1107239987912615E-6
46.0	30.047011765685117	20.13363281318404	20.29015303887937	29.529165844378873	3.653787259662674E-5
47.0	30.00823309998398	20.218705932005058	20.179429930095274	29.593601102619715	2.993529597473926E-5
48.0	30.043264823784632	20.185064569896483	20.181541170728856	29.589425114189787	7.043214002425581E-4
49.0	30.11338030017385	20.18967945377099	20.18260016568149	29.509479780916138	0.004860299457525345
50.0	30.08304024932304	20.17444816593067	20.180070372600877	29.562438508944837	2.703200578672346E-6
51.0	30.092411476028087	20.112849888868844	20.2107217384484	29.58281592081707	0.0012009758375996554
52.0	30.02323826999296	20.14960847866477	20.278363333553614	29.548706088588233	8.382920042385493E-5
53.0	30.108045546320323	20.12887225922969	20.204850507465792	29.558137159543573	9.452744062296311E-5
54.0	30.05771235253035	20.131711813993427	20.232569202071506	29.577724025783443	2.826056212755941E-4
55.0	30.03177854636292	20.19051936512343	20.188324811401223	29.58902561805588	3.5165905654823044E-4
56.0	30.024735872071158	20.187105621328826	20.206781351534186	29.58137210941873	5.045647097772687E-6
57.0	30.03489196900307	20.183510593745027	20.26105044972652	29.518059281918784	0.0024877056066024434
58.0	30.07888300060806	20.20234343772121	20.178230909500055	29.540526958718154	1.5693452517596962E-5
59.0	30.115439171835483	20.188556762667066	20.18560297213839	29.51039229542521	8.797933852465762E-6
60.0	30.118811700360798	20.18242880593257	20.177144357403627	29.520557038935607	0.0010580973674017276
61.0	30.09863157036418	20.21856398015137	20.169643548069686	29.513041146866108	1.1975454865402945E-4
62.0	30.081419667545354	20.174294358674334	20.188671801561185	29.55556228665568	5.1885563444965823E-5
63.0	30.15002311365449	20.168888764547724	20.155591127112146	29.525001797551532	4.951971341103617E-4
64.0	30.101962319735442	20.128391189443377	20.21675699325386	29.552812813193043	7.668437428051062E-5
65.0	30.077261932745063	20.1795873366558	20.1969274892313	29.541057778195558	0.005165463172279686
66.0	30.04444944470129	20.191850344523015	20.183050795535067	29.56296980037319	0.017679614867436445
67.0	30.065891074611184	20.175771753373052	20.188293586626845	29.568918283637686	0.0011253017512327923
68.0	30.068760071360174	20.198756654100286	20.180396552914605	29.55191459269625	1.7212892868723756E-4
69.0	30.07402856437159	20.178363005561188	20.20170992309205	29.545856405113604	4.2101861569213124E-5
70.0	30.101439392692342	20.12499815718751	20.18360859539303	29.589842481885025	1.1137284209057752E-4
71.0	29.993924743771583	20.181708561775324	20.24748216420262	29.567609914649353	0.009274615601124254
72.0	30.08974519008615	20.130249575120207	20.224926919322005	29.55119283001511	0.003885485456526895
73.0	30.04728041491756	20.173457724702864	20.223101267557915	29.554638936788653	0.0015216560330114737
74.0	30.10495833462226	20.15055739606378	20.169721727125275	29.57474549986979	1.7042318897107987E-5
75.0	30.03879749636791	20.17011529499819	20.223354063217705	29.565491832030403	0.002241313385794077
76.0	30.024630943332003	20.193954264202237	20.19857574512318	29.582837575845787	1.4714967907905765E-6
77.0	30.07652320370009	20.18321616214523	20.191914431285678	29.548178805376065	1.6739749293895217E-4
78.0	30.065970221388273	20.16738320461152	20.215677760778952	29.550963870983782	4.942237475943968E-6
79.0	30.146275646051908	20.126291070017853	20.21707015642186	29.510027748403857	3.3537910452737234E-4
80.0	30.17890359524414	20.12434573050802	20.176772520885823	29.519391847637582	5.863057244425162E-4
81.0	30.07893472174431	20.145308424661735	20.234666920686895	29.527805480530734	0.013284452376330932
82.0	30.0554412441433	20.140756723106144	20.268346253654208	29.532087840850235	0.0033679382461109125
83.0	30.112101472649865	20.187751901288507	20.134513357750624	29.562815000366754	0.0028182679442485294
84.0	30.12550391953843	20.182842168970293	20.1746451615098	29.516982931837916	2.5818143557625977E-5
85.0	30.131039606004666	20.16837924209868	20.188114508339346	29.51227755585727	1.8908770003420048E-4
86.0	30.07132066139193	20.16935023713795	20.212268241919272	29.546716343648132	3.4451590271371096E-4
87.0	30.094384527255347	20.15318588260226	20.23236666951625	29.52004344271435	1.9477911796859813E-5
88.0	30.092118956315815	20.180011155529552	20.184008326263644	29.54068596031229	0.0031756015786996972
89.0	30.063958934187486	20.208331138115568	20.181436338248748	29.546228607949708	4.498149848923692E-5
90.0	30.12338497939453	20.182753050200287	20.16646874505316	29.527358429828205	3.479552381864483E-5
91.0	30.079412826236613	20.17027762895473	20.229031914174357	29.521247899060032	2.9731574271522443E-5
92.0	30.08428397621559	20.1819882075532	20.225561362608413	29.508139733197286	2.6720425508210967E-5
93.0	30.093739784910746	20.180835604195217	20.233355162012472	29.491954193624114	1.1525525745014194E-4
94.0	30.115960843839986	20.164776747958058	20.211794352550655	29.507453780495574	1.4275155730978304E-5
95.0	30.132735388694385	20.214656515632885	20.192936439053433	29.45966369023671	7.966382587764986E-6
96.0	30.094762729516994	20.178044904155122	20.228547970600992	29.498638526813544	5.8689133492985205E-6
97.0	30.08981155565862	20.183949971165436	20.174183446582404	29.551706605024997	3.4842156854941086E-4
98.0	30.033935709648084	20.225920687012035	20.19041690581275	29.549554346460162	1.7235106697267313E-4
99.0	30.065582088342683	20.21167009197287	20.21084323918842	29.511889428743427	1.515175259456447E-5
100.0	30.062309604369126	20.20997387030623	20.20355719549932	29.52415062998659	8.699838734895551E-6
101.0	30.139087040973077	20.211897239909547	20.17270037679944	29.475351525335174	9.638169827601171E-4
102.0	30.094593449566798	20.176264423057415	20.195515968121573	29.53347460687436	1.5155237985475055E-4
103.0	30.078397257586275	20.179771321414584	20.193909357775823	29.54780231015371	1.1975306961194615E-4
104.0	30.083238231623397	20.197609815817614	20.204365323923646	29.514779418322913	7.210312428439382E-6
105.0	30.140070064716973	20.19485849462154	20.21926565708769	29.445797421711045	8.361862754773207E-6
106.0	30.134614907149388	20.16657238830662	20.20133471441283	29.497363122437427	1.1486769373737916E-4
107.0	30.094159352782334	20.175900123059332	20.233490439068046	29.496283363978286	1.667211119991764E-4
108.0	30.085476190008386	20.185052524882675	20.209370011753556	29.520064469000097	3.680435528924704E-5
109.0	30.141330143183048	20.176992772551767	20.1970047398847	29.48465811314216	1.423123832522575E-5
110.0	30.065132987558385	20.17678991382981	20.228862003592692	29.529049661407196	1.6543361191514007E-4
111.0	30.116593035562794	20.180322818804257	20.20061157667256	29.502338442684795	1.3412627559412845E-4
112.0	30.064298297957087	20.187885329175536	20.1909077485996	29.556900521266645	8.103001136891574E-6
113.0	30.086279375472643	20.180761672156486	20.18776321478897	29.545185843465134	9.894116770761894E-6
114.0	30.123023589499148	20.215956097715907	20.186493445333824	29.47452686745112	0.0
115.0	30.157498990489167	20.182722799350984	20.166248015706614	29.485577337651304	0.007952856801927945
116.0	30.076881497867834	20.21157356207719	20.217040510364985	29.49450383783676	5.918532302473364E-7
117.0	30.090102111336662	20.203205503381128	20.233240175505216	29.47195556618777	0.0014966435892242234
118.0	30.11595626542592	20.203251593338326	20.220291056452222	29.45993693554084	5.641492426997111E-4
119.0	30.10571996478672	20.23064251702164	20.16522912850509	29.498404774855043	3.6148315090885297E-6
120.0	30.090059010796892	20.231122156057957	20.193342483100405	29.485449679758354	2.6670286390263176E-5
121.0	30.08525812302132	20.238298966761935	20.215732414047324	29.460708056739886	2.439429528915116E-6
122.0	30.083255114138574	20.223987559030157	20.187076412590542	29.50567784577845	3.0684622784235776E-6
123.0	30.08281856648133	20.227707299350982	20.205175158822264	29.484276131416138	2.2843929293395963E-5
124.0	30.02538748386353	20.2507976958881	20.194159332311713	29.529655487936658	0.0
125.0	30.050461940693246	20.26715102414315	20.21068202363077	29.471446191633667	2.588198991666431E-4
126.0	30.071622694808177	20.219552758193295	20.233191880909573	29.475608759877552	2.3906211403067816E-5
127.0	30.12239692268545	20.18384757901269	20.2454572464149	29.442759144468234	0.005539107418719013
128.0	30.07833550487015	20.2340656438654	20.236820500148937	29.45077835111551	0.0
129.0	30.104848834551927	20.217348240309914	20.222086135355415	29.454290416450384	0.0014263733323599175
130.0	30.086985064955684	20.193529326094126	20.227254305115956	29.492219033160133	1.2270674098329395E-5
131.0	30.125728494173714	20.22488777779319	20.192153341089703	29.457223234859743	7.1520836558679235E-6
132.0	30.126712575086227	20.23786545450722	20.224387176336535	29.4110151531148	1.9640955220311217E-5
133.0	30.096208737878154	20.289464066716047	20.231501904714943	29.382821335444202	3.955246647862545E-6
134.0	30.03452117086494	20.247344186924135	20.230683614420535	29.487440407505122	1.0620285261260377E-5
135.0	30.0166206738795	20.240171050702667	20.258402769097916	29.484804837781226	6.685386819422941E-7
136.0	30.051226801025155	20.215304134006686	20.2775873877684	29.45501964388717	8.620333125904322E-4
137.0	30.095192054221258	20.256127342365364	20.252124309477676	29.3965549369754	1.3569603009119174E-6
138.0	30.108409837547907	20.251501418633946	20.223101401109904	29.416981191524023	6.15118421573324E-6
139.0	30.066646831882103	20.265090215398487	20.230606365395737	29.436676646863287	9.799404603877352E-4
140.0	30.03696645026742	20.257415194936527	20.193620432131095	29.498635735852396	0.01336218681255823
141.0	30.048487300490052	20.252047886277687	20.24567191805606	29.453792195596627	6.995795722652966E-7
142.0	30.04862268432578	20.216947038207035	20.25288614816262	29.48151520986061	2.8919443950756618E-5
143.0	30.036808226582266	20.27038509270202	20.210865815802233	29.481832031127603	1.0883378587678188E-4
144.0	30.338609058144893	20.163381769035098	20.174962790924088	29.319828117598945	0.0032182642969779034
145.0	30.249284253330543	20.11829534540285	20.442467658838144	29.18994696317035	5.779258115479864E-6
146.0	30.51009338263268	20.01286234821181	20.34145492216849	29.135589346987018	0.0
147.0	30.39660448481762	19.97836483397907	20.308834067712684	29.313603316920616	0.0025932965700146016
148.0	30.27657463542092	20.26887580064824	20.273993527485363	29.180491311596686	6.472484879047782E-5
149.0	30.218990069511953	20.167617218491195	20.523069438046313	29.090245201420185	7.807253035660792E-5
150.0	29.950820586507916	20.10772503904447	20.83297969182366	29.108474682623957	0.0
