# Position (bp)	A	C	G	T	N
0.0	25.752823263929415	31.393845311246682	28.823207333464673	13.9791909608259	0.05093313053333366
1.0	27.222892001731402	16.28893403030485	18.655178505045694	37.83232090310399	6.745598140607622E-4
2.0	30.980265066298468	19.902441043632084	17.407653805898036	31.70936882538305	2.7125878836662884E-4
3.0	34.77979250925307	18.97893313781202	19.192842562858335	27.04749242683991	9.393632366699683E-4
4.0	35.91900545961659	17.683296126075973	20.60736524105329	25.789918803666616	4.1436958752702696E-4
5.0	36.68405228788983	17.932970168347932	19.479232349646423	25.902904831289693	8.403628261308821E-4
6.0	27.40023126096872	17.59389020899577	16.143367396029625	38.862332877375984	1.7825662990311235E-4
7.0	26.445288328760718	23.1730267753331	16.591820505819697	33.776328159421325	0.013536230665163237
8.0	26.452525772248663	21.767276404089497	17.664295872272014	34.11587730074548	2.4650644345433515E-5
9.0	34.59948707774215	18.246291822494783	18.79343121429022	28.36077869726038	1.1188212464530626E-5
10.0	29.50505779752708	23.053880425531883	22.533359570323967	24.907694609723066	7.5968940036303505E-6
11.0	27.600797785231933	22.824500552954493	20.411666579967573	29.15461919820786	0.008415883638138237
12.0	29.780595947017357	20.236349644452112	19.515443814712373	30.46760256558579	8.028232367391432E-6
13.0	30.237424461606437	20.035070822902398	19.498060516377123	30.22942682068771	1.7378426333320882E-5
14.0	30.26490065311164	20.28311689124625	19.81719981458182	29.63466866797469	1.1397308560309658E-4
15.0	30.657572625433126	20.27631454492892	19.55221445136837	29.513860124203656	3.8254065926808124E-5
16.0	30.810909449858215	20.101941130855845	19.837543024266974	29.249568612176773	3.778284218994492E-5
17.0	30.8155853295967	20.140685931311367	19.957537651059152	29.086185757640525	5.330392259790703E-6
18.0	30.936819261085652	19.884426149392475	20.18582933479255	28.988928870535936	0.003996384193386536
19.0	30.649782844136965	20.059308601485615	19.794341015726577	29.49650002804355	6.751060729326684E-5
20.0	30.345975108433183	20.36849193149766	19.683456976979734	29.602063094747006	1.2888342423170147E-5
21.0	30.12794704866047	20.44302487669691	19.65215198786275	29.77676979072535	1.0629605451683579E-4
22.0	30.133350485339783	20.167513092992756	19.579166246111807	30.11976943975256	2.00735803094966E-4
23.0	30.287130664638322	19.946463054020246	19.888407396439824	29.877638072181377	3.6081272022883687E-4
24.0	30.335892087991734	19.986092324059282	19.966691044782277	29.71131205871793	1.2484448779817908E-5
25.0	30.4148418061893	19.970182450461603	19.947197706272583	29.665608056567237	0.002169980509272556
26.0	30.397725881653376	20.026986768618467	19.866945442911934	29.70832716346368	1.4743352544011053E-5
27.0	30.30226490885375	20.077142113392114	19.90963584993078	29.71094907760484	8.050218515354998E-6
28.0	30.28189113097865	20.076314203924124	19.97003304262663	29.671554787071013	2.068353995831595E-4
29.0	30.23038994077676	20.03930319613247	19.884584870942764	29.84470601311025	0.0010159790377576039
30.0	30.30288009938276	20.005146399272185	19.919496176173045	29.77233985064714	1.374745248698469E-4
31.0	30.31435167622455	19.922684272292248	19.883459864178445	29.879492928476058	1.125882869496237E-5
32.0	30.39450611217106	19.927754243891577	19.984490460514518	29.692971540508793	2.7764291404901316E-4
33.0	30.504297682542585	19.88433592995684	19.934854491070077	29.676447176624016	6.471980648252861E-5
34.0	30.261187155728564	19.98041030207947	19.999577440987064	29.75875115110923	7.395009567168865E-5
35.0	30.22653612103699	20.048709303836464	19.948961618738103	29.775522768123714	2.7018826472660455E-4
36.0	30.327595332552537	19.941286115043063	19.997341792942144	29.733655442621025	1.2131684122396617E-4
37.0	30.333389410384736	19.973867472186257	19.887795782669198	29.804929959287257	1.7375472548838427E-5
38.0	30.40853677472138	19.82337022035419	19.90903132853229	29.859009873371505	5.180302063688394E-5
39.0	30.394669239867756	19.912835102153977	19.90050559395128	29.7919588081905	3.125583648163492E-5
40.0	30.289812288337675	19.948966416324907	20.015912773435726	29.74381486458086	0.0014936573208329932
41.0	30.354052124289183	19.890486586485096	19.89968886628107	29.855736382684356	3.604026029754562E-5
42.0	30.29132198320401	20.01720538283552	20.001022436789302	29.690224584703383	2.256124677804433E-4
43.0	30.363816047424443	19.88784984994457	19.926068919794837	29.8222261624549	3.902038125095765E-5
44.0	30.335629886917104	19.89694091990108	20.007513076863397	29.75776510459136	0.0021510117270616153
45.0	30.372853183580045	19.900909679161067	20.02037169700312	29.70585423197891	1.120827685665538E-5
46.0	30.367713779989703	19.841598109961154	20.105605786537158	29.685042989690007	3.9333821974906344E-5
47.0	30.289028144324913	19.95504860542791	19.971783679010443	29.78410670489129	3.2866345447282935E-5
48.0	30.333701325511008	19.92315685669163	19.973360420932355	29.769143453362094	6.379435029135939E-4
49.0	30.416476728116027	19.913981416602923	19.98787782759658	29.676897035055212	0.004766992629260702
50.0	30.373270055713025	19.899212000196044	19.954068917271766	29.773438613045972	1.0413773195839592E-5
51.0	30.369956715655665	19.83236958959402	19.988399370220876	29.80814555199946	0.0011287725299828542
52.0	30.319241675010428	19.85285140755549	20.061659930897356	29.766173684647455	7.330188926623443E-5
53.0	30.40550294653897	19.847711397994864	19.970164209400522	29.77650402516924	1.1742089640601556E-4
54.0	30.374372614163676	19.834278118248314	20.02592957685235	29.765126261432467	2.9342930319242846E-4
55.0	30.31658647315913	19.901951007091018	19.979560245146445	29.801531080987452	3.7119361595384595E-4
56.0	30.329243858979993	19.901741387496294	20.00843861239612	29.760566990917837	9.15020976157573E-6
57.0	30.320305454733727	19.910282307140093	20.066654135309296	29.700396882126164	0.002361220690726358
58.0	30.344548727720234	19.95013746047181	19.965904989454256	29.739391866458703	1.6955894994487057E-5
59.0	30.383554242220356	19.926051790374395	19.967422811294448	29.7229590084572	1.2147653602232886E-5
60.0	30.40587131221769	19.92619756094303	19.94494442386718	29.721907336660408	0.0010793663116889947
61.0	30.380398470679694	19.97571060309997	19.92113768321504	29.722608575404667	1.446676006263599E-4
62.0	30.37171971399035	19.902811478010474	19.92367641718291	29.80174141464464	5.097617162971164E-5
63.0	30.45079997038455	19.860794697424396	19.913395501954536	29.774520204893655	4.896253428661683E-4
64.0	30.397005557359634	19.829202667094407	19.99176989862461	29.78194594801887	7.592890248316453E-5
65.0	30.3661407028527	19.899113842605175	19.98227351881245	29.747553600543558	0.004918335186120559
66.0	30.318010943383122	19.92958235565499	19.96308418864686	29.77336630569046	0.015956206624566555
67.0	30.322666936987584	19.913607866398454	19.978745017618703	29.78390791132373	0.0010722676715272635
68.0	30.36099295762814	19.91836506827605	19.957759553468346	29.76269576421246	1.8665641500392773E-4
69.0	30.343704997753367	19.926216308382784	19.984314881943835	29.7457257660323	3.804588771586242E-5
70.0	30.384871453899287	19.856867513689185	19.943732961829035	29.814415594150322	1.1247643217044486E-4
71.0	30.239601002078786	19.935904838532355	20.034333023578675	29.7817301336294	0.008431002180792029
72.0	30.393601924172543	19.87843858046798	19.968366360835407	29.755871619086598	0.003721515437467551
73.0	30.341400447217453	19.903289799200092	20.00305826370548	29.750860402185452	0.0013910876915166925
74.0	30.41994699042273	19.874521194537504	19.92966527985684	29.775851787783726	1.4747399198259169E-5
75.0	30.322727725334364	19.914591130736657	20.043875020916264	29.716664750639254	0.002141372373461628
76.0	30.313788199863463	19.938901541860638	19.987355212062237	29.759953510682998	1.5355306671399103E-6
77.0	30.356114593800832	19.922007214530883	20.019884378584717	29.70184694059129	1.4687249227095063E-4
78.0	30.340772812052013	19.907405728017384	20.034397499279553	29.71741829270972	5.667941328274424E-6
79.0	30.412491370662426	19.88470082577087	20.002337502439442	29.7000939183581	3.7638276915753527E-4
80.0	30.476931824495452	19.874109418799602	19.960564656307742	29.687794812183487	5.99288213714126E-4
81.0	30.34309804291898	19.893967864052183	20.034002282014598	29.716925811429856	0.012005999584382074
82.0	30.298498430384278	19.890343067003887	20.071716274296218	29.736360242707487	0.0030819856081251065
83.0	30.406822520141958	19.914689133772924	19.887152093963646	29.788617418428025	0.002718833693442026
84.0	30.39322390740412	19.920324763437335	19.955204084973854	29.73122356257889	2.3681605798957967E-5
85.0	30.420705323837836	19.901694085883264	19.95840255664857	29.71899417740679	2.038562235432845E-4
86.0	30.34038141743231	19.902730902800755	20.011834805580822	29.744712598614527	3.402755715886244E-4
87.0	30.351569233231203	19.89441548663659	20.032080105993096	29.721916021837032	1.9152302085430332E-5
88.0	30.34287273431448	19.939698094997684	19.97915985199003	29.7354455488095	0.0028237698883004634
89.0	30.29092143810731	19.9928998444615	19.964206965127577	29.751928867904503	4.288439910910662E-5
90.0	30.416046191127798	19.95563423648568	19.913350734955817	29.714933856807065	3.498062364058569E-5
91.0	30.339329803526883	19.92550454116068	19.998508660312638	29.736620259833984	3.673516581197711E-5
92.0	30.349454981914096	19.94150147906639	20.00050892047181	29.70851238310509	2.2235442608931558E-5
93.0	30.364246918165062	19.934630951998074	20.001849772562206	29.699150941108947	1.2141616570656153E-4
94.0	30.38172730536916	19.89578873318898	19.994400335706516	29.7280694120019	1.4213733440453859E-5
95.0	30.41420284165548	19.9607010090981	19.956763052977127	29.66832211938812	1.0976881173439135E-5
96.0	30.367584041546436	19.932018904453134	20.039377517654565	29.661011821466133	7.714879734833852E-6
97.0	30.359708551081226	19.922805204364664	19.968963427207182	29.74820519839741	3.176189495139478E-4
98.0	30.283655731085396	19.981298315867637	19.98359497492332	29.751251486083724	1.9949203992030207E-4
99.0	30.284001468416083	19.991899048235815	20.0090205252941	29.715062218244597	1.673980940387809E-5
100.0	30.29929875401735	19.970626057595606	19.984666858326737	29.745405528176388	2.801883926231305E-6
101.0	30.41109009563052	19.99408227328501	19.934054069112463	29.659855653054066	9.179089179409969E-4
102.0	30.36165922066362	19.931417413107923	19.96217074243013	29.744646915058315	1.057087400189751E-4
103.0	30.32931766942259	19.916700223323605	19.976139469455443	29.77771487862393	1.2775917443316108E-4
104.0	30.337652454996977	19.958080290946853	19.990784593074395	29.713474105170835	8.555810940808266E-6
105.0	30.379964635514646	19.932971833219593	20.02474704918071	29.66230387638641	1.2605698639848554E-5
106.0	30.403166167933016	19.90664283564175	20.001522116417163	29.68855950775209	1.0937225597961725E-4
107.0	30.34415598142025	19.917890391723592	20.03236045777963	29.70539363807847	1.9953099805144965E-4
108.0	30.342851407660625	19.951692782760343	19.98802175433327	29.71739337656048	4.067868527721167E-5
109.0	30.3918012396449	19.92780582450842	19.990032859691247	29.690352484857723	7.5912977053644276E-6
110.0	30.30241699373551	19.94029120006065	20.028628708022612	29.728465888731343	1.9720944989415866E-4
111.0	30.353382485066255	19.947588536269443	19.978321151987664	29.720598092619134	1.0973405750574346E-4
112.0	30.292425551998242	19.95084811008259	19.95699068815403	29.799724977332197	1.0672432942658055E-5
113.0	30.3435608396255	19.922095266085847	19.96002604611616	29.77430473715138	1.3111021111235083E-5
114.0	30.41182271576218	19.95878500451333	19.946141702702754	29.683250577021735	0.0
115.0	30.445166261298205	19.91864541247898	19.948830015049072	29.680079639231714	0.007278671942031017
116.0	30.327065649544938	19.959799881195668	20.006562941292067	29.70657092267512	6.052922077792372E-7
117.0	30.3378086783362	19.943587022331084	20.05675673137528	29.660462328163394	0.0013852397940464912
118.0	30.36331205283321	19.946305587106917	20.026905597614878	29.662941816101952	5.349463430455923E-4
119.0	30.350559440569768	19.99134101511859	19.93665129649762	29.721447016742914	1.2310711121333924E-6
120.0	30.331201519932765	20.004995914322002	19.966808397318722	29.696971880715157	2.2287711360170922E-5
121.0	30.297320164825752	20.025987624057244	19.99057627923756	29.68611406369982	1.8681796264674472E-6
122.0	30.30987477830886	20.01764927620984	19.929671652508052	29.74280241355124	1.8794220098221978E-6
123.0	30.315202476605062	19.978048511583367	19.983915490997653	29.722803275403987	3.024540993295935E-5
124.0	30.253088033969405	20.016442677423477	19.949961313398244	29.78050734126211	6.339467719271888E-7
125.0	30.2842496528843	20.012867995262518	19.969808427848086	29.73283028928116	2.4363472394336191E-4
126.0	30.322182329519077	19.963312148950546	20.024700061740848	29.689782358467603	2.3101321923094184E-5
127.0	30.370910318569912	19.93178770827728	20.02039978560113	29.671902544037053	0.004999643514631455
128.0	30.318014193818627	20.002885408167565	20.030747525153732	29.648352872860073	0.0
129.0	30.34396029635726	19.982531808488822	20.00017562679249	29.6719601022517	0.001372166109731031
130.0	30.31322095546902	19.954059453942715	20.034792998479222	29.697913420476723	1.3171632316070387E-5
131.0	30.34865357650296	19.989884968535865	19.967952358490887	29.693506444321184	2.6521491030534502E-6
132.0	30.372088928121656	19.998875780554847	20.007331796276933	29.621682129669292	2.1365377268596622E-5
133.0	30.34432028102009	20.060153415553717	20.00486733208968	29.590656954430482	2.0169060290403813E-6
134.0	30.278516887877032	20.01360864382254	20.0168732667946	29.690981567730173	1.9633775651155524E-5
135.0	30.24326189939447	19.9935401774603	20.067148191241163	29.69604973190407	0.0
136.0	30.291421657025765	19.937840049210802	20.0781317622776	29.69172220143707	8.843300487675383E-4
137.0	30.346208234596528	19.99663926858387	20.078697392744598	29.578455104075008	0.0
138.0	30.358313215197253	20.024409303607918	20.018291106670556	29.59898079350084	5.581023432031523E-6
139.0	30.312941254686464	20.03021652471521	20.01970262640189	29.636222774388983	9.168198074475917E-4
140.0	30.269723623539203	20.03151442419651	19.983418286737173	29.70312778371444	0.012215881812675588
141.0	30.319823885417037	20.011397894316026	20.031958983874397	29.636819236392537	0.0
142.0	30.28229766608479	19.960725190635568	20.057669230847186	29.699281243613452	2.6668819008542398E-5
143.0	30.287443516833502	20.010889374307304	19.990793107247264	29.710770746196275	1.0325541565747525E-4
144.0	30.588903206169192	19.891239135438717	19.978475787756423	29.538473371555067	0.0029084990805911238
145.0	30.514347710803204	19.86896409256559	20.217920009807077	29.398764491728986	3.695095144746225E-6
146.0	30.79196259376576	19.738759632724882	20.128637527114236	29.340639499659964	7.467351600033536E-7
147.0	30.65015493887482	19.73667707758795	20.106967818749016	29.503809109489243	0.0023910552989692573
148.0	30.51857859801531	20.028022564050513	20.0833811298073	29.369937698086762	8.001004011703411E-5
149.0	30.469048252271687	19.897005548730647	20.355294105122884	29.278584405415963	6.768845882240296E-5
150.0	30.24682697452289	19.816468755923243	20.655948928551815	29.280755341002052	0.0
