# Position (bp)	A	C	G	T	N
0.0	24.38906586172475	26.356735245954237	31.119250207762505	18.13239570203914	0.002552982519363978
1.0	27.518166584524394	19.201596845736816	20.310428782651552	32.963725973385905	0.0060818137013307055
2.0	29.4988094775331	20.62327381623096	18.144979508448795	31.728902362396123	0.0040348353910173735
3.0	32.50177633651579	19.488079119349674	20.448081807062497	27.558732566582044	0.00333017048999382
4.0	33.71210642730226	18.56147361000755	21.069333442648865	26.654252292537002	0.0028342275043244038
5.0	34.43169196231442	18.8009658382725	20.474669161628142	26.29140049779807	0.0012725399868771762
6.0	27.94522134285525	18.385892240368364	17.80469693985118	35.86176387682881	0.0024256000963980423
7.0	27.0134482155803	22.82506824854833	18.553022308678578	31.606477556031138	0.0019836711616524902
8.0	26.949276716425548	21.92230796222129	19.026664534394314	32.09963218301926	0.0021186039395879597
9.0	32.81070630055525	19.155627265597257	19.726499244963495	28.30369441116908	0.0034727777149122637
10.0	28.92334690327213	22.824009336960042	22.602632774764945	25.64826625073761	0.0017447342652748559
11.0	27.66252424191854	22.682603131237055	20.941607895205745	28.7103128850248	0.002951846613866606
12.0	29.22798696239195	20.752110373708543	20.306053116743534	29.71249608811388	0.0013534590420898498
13.0	29.532763162325505	20.577932205850953	20.258429986590816	29.62942453007023	0.0014501151625014622
14.0	29.492214384514238	20.75448810194682	20.46671960548614	29.281091415185383	0.005486492867413355
15.0	29.79282931669602	20.785024865051973	20.278253276892492	29.14298826925723	9.042721022819257E-4
16.0	29.943898922806444	20.66401988449698	20.421276147390373	28.968559758076616	0.0022452872295838267
17.0	29.973873280991796	20.70049611519426	20.549909670481142	28.774380055195596	0.0013408781372054525
18.0	30.044004219851505	20.47338994316644	20.738369109568012	28.729132526396654	0.015104201017391784
19.0	29.757406933941017	20.611928679497126	20.457020474236813	29.172284472173573	0.0013594401514727059
20.0	29.51111993842367	20.89752994774186	20.3849083630794	29.20533510086677	0.0011066498883011671
21.0	29.334869710869416	20.958014792664247	20.332328826071628	29.372661259712473	0.0021254106822364486
22.0	29.3164918444151	20.773146867477045	20.246181658668863	29.663015301309198	0.0011643281297892092
23.0	29.4878242035231	20.53513710042287	20.46570025477638	29.509951256459626	0.0013871848180285135
24.0	29.45958666806714	20.63301047746764	20.524202163693907	29.38165861733428	0.0015420734370285582
25.0	29.50169045777385	20.59008306791299	20.545459287976296	29.361681166486164	0.0010860198506974818
26.0	29.498230739422855	20.60653659352844	20.467396190760017	29.426139878568197	0.001696597720490082
27.0	29.423398214208863	20.619784835004886	20.479369649615357	29.476526450514264	9.208506566343702E-4
28.0	29.428106345610633	20.592371869658148	20.559672627671933	29.418773396579006	0.0010757604802815043
29.0	29.419987019176077	20.598501643145948	20.484003721763848	29.493922288314987	0.0035853275991347923
30.0	29.41544560359471	20.57062340761801	20.532858620434638	29.479877034121156	0.0011953342314860948
31.0	29.367869518933816	20.545697749376657	20.48684785831426	29.59852249541472	0.0010623779605501052
32.0	29.431667308255143	20.547120193145176	20.571157766443157	29.448666633169818	0.0013880989867072905
33.0	29.529334281291064	20.481858248158822	20.523392680703463	29.461875146279937	0.0035396435667174276
34.0	29.340631077868018	20.627851910863264	20.548520903563062	29.48121593013049	0.0017801775751719322
35.0	29.36201140583476	20.617926245952745	20.511150738004286	29.507510305020716	0.0014013051874936474
36.0	29.419919579086915	20.54036706214326	20.552695482955734	29.48347283593387	0.003545039880213301
37.0	29.4131172989327	20.595721610233618	20.445683735582367	29.544265048429175	0.0012123068221373983
38.0	29.42110495113014	20.45044761139624	20.473035611852588	29.65372645163555	0.0016853739854846418
39.0	29.454419409079897	20.517949681416265	20.43694372212824	29.589586154937486	0.0011010324381172225
40.0	29.339220592882338	20.536555149350946	20.552802217317847	29.570407226679755	0.0010148137691137911
41.0	29.4194082499097	20.51250499644109	20.47749586794448	29.589188906776165	0.0014019789285592893
42.0	29.358345793963835	20.607383464035365	20.494288496563964	29.538311489806716	0.0016707556301173852
43.0	29.391346831128196	20.506992244574196	20.475966881746707	29.622095425761604	0.0035986167892958026
44.0	29.333348439363377	20.526971816638927	20.536668254841175	29.601480472598276	0.001531016558250281
45.0	29.39647366007026	20.499335063790316	20.51363311407948	29.58657110717644	0.0039870548835016385
46.0	29.345637782502344	20.501987352788444	20.549799103156555	29.60135087494474	0.0012248866079235753
47.0	29.3646454104722	20.521506118353823	20.472751576691483	29.63962888241378	0.001468012068713303
48.0	29.337084583611635	20.49277787746774	20.50541565730578	29.65903124615778	0.005690635457061871
49.0	29.4238341826212	20.502649890805845	20.525851170882227	29.546444184751458	0.0012205709392700236
50.0	29.424600464882715	20.50888066022276	20.436969212865744	29.628312881561186	0.0012367804675889624
51.0	29.43746605545689	20.454632818645333	20.482214981421798	29.620799499371635	0.004886645104345144
52.0	29.356265871111365	20.487101241220785	20.54559318204307	29.60989674749039	0.0011429581343960023
53.0	29.401115931725354	20.525422728401487	20.427527450293287	29.644785308370125	0.0011485812097431591
54.0	29.391176653562407	20.463204202656353	20.514779653639582	29.62922541903317	0.0016140711084905912
55.0	29.360576352215723	20.540515564228468	20.43200626684712	29.664806420294614	0.00209539641407827
56.0	29.351963903863766	20.529861134967927	20.48015613484585	29.637003336209116	0.0010154901133394996
57.0	29.38566747539199	20.47931504386615	20.51369537505791	29.619757882084695	0.001564223599245914
58.0	29.38367410783726	20.53092836657188	20.4566288054221	29.627097471586588	0.0016712485821695035
59.0	29.382066274019138	20.51426418797249	20.478328930321304	29.62450567048698	8.349372000886352E-4
60.0	29.43205058889736	20.51718173017627	20.483126665944017	29.56509959227845	0.0025414227038991722
61.0	29.381505121620492	20.54180367875441	20.48909411014477	29.586885699267125	7.113902132047584E-4
62.0	29.38887013223312	20.523806110281008	20.464613608728506	29.621726030084282	9.841186730814803E-4
63.0	29.45513544389563	20.492194461971135	20.41399673007671	29.635961369037595	0.002711995018931638
64.0	29.382975275548766	20.45353168186581	20.473213130039902	29.68977032384136	5.095887041623545E-4
65.0	29.36808046156245	20.540650706760662	20.41739731885981	29.672720251171096	0.0011512616459804326
66.0	29.300535411860178	20.539029244231838	20.456111732179536	29.664523205943343	0.03980040578510604
67.0	29.299079390028727	20.515468551729032	20.49210287507602	29.690483363279995	0.0028658198862246396
68.0	29.352158434321307	20.51756809670177	20.448867765243612	29.679485724957804	0.0019199787755073544
69.0	29.3753254953506	20.507660244495934	20.466444505591603	29.650065837367407	5.03917194451567E-4
70.0	29.39341513212766	20.46098443060472	20.441918901258855	29.702937803285057	7.437327237086055E-4
71.0	29.270443236376675	20.518200411187095	20.51069508698623	29.67971534481969	0.020945920630304503
72.0	29.31952295713362	20.479236194467898	20.491029827464182	29.709575794766813	6.352261674827725E-4
73.0	29.298845130107544	20.51194234553946	20.481716664075375	29.701407233795646	0.006088626481973498
74.0	29.316897484998584	20.495121305206883	20.434841644112534	29.752956900042314	1.8266563967984803E-4
75.0	29.292862555967268	20.508848842965474	20.485896413931645	29.71190096340027	4.912237353414232E-4
76.0	29.289415389158393	20.509724190996756	20.43718850903996	29.763362246862112	3.096639427800489E-4
77.0	29.360125070649644	20.49104050638068	20.454452018033827	29.694070003225235	3.1240171061179875E-4
78.0	29.281861383616555	20.521121334575028	20.48033957060611	29.716425504869786	2.522063325227002E-4
79.0	29.343646886423393	20.47415159075064	20.49867676080412	29.68323203814472	2.92723877130298E-4
80.0	29.358717666623235	20.468161776553824	20.443709284931018	29.729038638020633	3.7263387128814903E-4
81.0	29.29283241706793	20.467263557520187	20.530829591247564	29.67943278021713	0.029641653947187242
82.0	29.255030741600134	20.464099841375965	20.54249419907972	29.72717976953632	0.01119544840786041
83.0	29.31431630848918	20.52566018801735	20.4000759783806	29.759629623938803	3.1790117406201935E-4
84.0	29.321848718008102	20.516515839496883	20.452482848114627	29.708858066717745	2.9452766264051813E-4
85.0	29.289715542976065	20.46332950390288	20.539232352587682	29.707262419211112	4.601813222687697E-4
86.0	29.31483933980708	20.45803936039226	20.493324325493266	29.733564296104635	2.3267820276071322E-4
87.0	29.312339489131823	20.475076860361376	20.510580164702656	29.701768089480513	2.3539632363560485E-4
88.0	29.326984848461496	20.475026660245696	20.435948785986778	29.75487986531094	0.007159839995090395
89.0	29.251992591236046	20.493159149549705	20.454560607158903	29.800018128973605	2.695230817439392E-4
90.0	29.28902620850086	20.47656756648813	20.478234097629418	29.7558847944262	2.8733295539471934E-4
91.0	29.23796059188301	20.505227715779824	20.54008837285736	29.71650498551063	2.1833396917037023E-4
92.0	29.263737678916534	20.490788441655017	20.503533817805142	29.741733539324578	2.0652229872889953E-4
93.0	29.26426905029257	20.47022354794353	20.550980397729354	29.714287680160396	2.3932387415692558E-4
94.0	29.244659419110224	20.49799654730404	20.49333894268734	29.7636561498359	3.4894106248912403E-4
95.0	29.283530485982805	20.486073638927767	20.465890618497962	29.764305119851887	2.001367395785336E-4
96.0	29.25264021757834	20.46382933566057	20.534690457707523	29.74849615476044	3.4383429312592414E-4
97.0	29.202946948202708	20.517836407488694	20.473649325988287	29.805265754186504	3.0156413380305386E-4
98.0	29.188210573984364	20.513525146882397	20.511638265882176	29.784787513814955	0.0018384994361128704
99.0	29.17657809307817	20.54395656819777	20.486742159084912	29.792575635317654	1.4754432149448627E-4
100.0	29.16274989189785	20.485294855805154	20.52366632464197	29.825120488246508	0.003168439408515731
101.0	29.197450823984656	20.553690534783865	20.495612769640704	29.75271974338521	5.261282055633815E-4
102.0	29.19920148143206	20.462513653343446	20.523548571158916	29.814563439582955	1.7285448262665523E-4
103.0	29.146787580126215	20.473173779280096	20.559392079083405	29.820488039610748	1.5852189953621777E-4
104.0	29.176842301902923	20.501345375250125	20.548496377006835	29.773208172121812	1.077737183010551E-4
105.0	29.21052096236709	20.510550780447474	20.524387689293036	29.754467259766066	7.330812633409336E-5
106.0	29.18244150639841	20.4603031650848	20.588535233505674	29.768532976860783	1.8711815032959925E-4
107.0	29.166570272828658	20.446404484349685	20.572019198211034	29.814623655831745	3.823887788777616E-4
108.0	29.139604501845984	20.462897192808136	20.60709187576851	29.79019135954177	2.1507003560191162E-4
109.0	29.168776217632818	20.48112170344723	20.57755736611172	29.772364608852232	1.8010395600340516E-4
110.0	29.098223746098366	20.456923742204424	20.605569981370543	29.839036596937717	2.4593338894160515E-4
111.0	29.184800880864724	20.469052061795015	20.5561299107368	29.789449795753693	5.67350849765495E-4
112.0	29.086635372053628	20.473804235767698	20.584551292250204	29.854728836791566	2.802631369033683E-4
113.0	29.118330622418032	20.466882727907887	20.600638439930066	29.813971049860545	1.7715988347308666E-4
114.0	29.108511105302515	20.49503683552385	20.620447927984706	29.7756170599159	3.870712730273254E-4
115.0	29.164224197032002	20.452664528309406	20.563715350819113	29.801114023975074	0.018281899864409243
116.0	29.041051154582593	20.513741488185573	20.602510011519374	29.842624881611773	7.246410068065529E-5
117.0	29.055080954922342	20.48198297121129	20.664898993612894	29.791306727834773	0.0067303524187017055
118.0	29.03814309002552	20.520060468554032	20.669145843044443	29.772418819421016	2.3177895498595162E-4
119.0	29.00169850610364	20.515138881928767	20.633090694681535	29.849858671070912	2.1324621514623893E-4
120.0	28.959024109104742	20.5627087868474	20.65012608370234	29.827864733060892	2.7628728462370086E-4
121.0	28.960958693033557	20.64567851852957	20.603728237933268	29.789261531592693	3.730189109110327E-4
122.0	28.955605220779702	20.626874512246165	20.556267759911965	29.86083453897224	4.1796808992762585E-4
123.0	28.912396496644284	20.611054614410797	20.617840443980022	29.85836604072058	3.4240424431850194E-4
124.0	28.832658593638467	20.571490266870416	20.684920681636143	29.91034509447602	5.853633789515687E-4
125.0	28.9313656287764	20.592660844729153	20.674109403256512	29.801727921635045	1.362016028885636E-4
126.0	28.89157507821709	20.58241923645247	20.726572502264016	29.799039907787673	3.9327527875173E-4
127.0	28.972191019592326	20.599183380209453	20.779294625168653	29.636603063510396	0.012727911519174148
128.0	28.986265928475902	20.644665208636482	20.733173315979116	29.635855767983855	3.9778924648374195E-5
129.0	28.975269190925623	20.673458162786694	20.74756791777318	29.60336729081393	3.3743770056453325E-4
130.0	28.825782255772253	20.697318217557427	20.71698602911824	29.75977878651399	1.3471103808774986E-4
131.0	28.763808041803546	20.81138455036213	20.72027548844447	29.70424375156091	2.8816782894357674E-4
132.0	28.747860472589508	20.77210526397364	20.57330293434925	29.900738327466907	0.005993001620693628
133.0	29.05752166873887	20.678830827303056	20.404393677826775	29.859142016333173	1.1180979811622853E-4
134.0	29.19138988946381	20.751967853767304	20.488409208769525	29.56786741750919	3.6563049017032895E-4
135.0	28.811482548402225	20.87224492530314	20.419240302806994	29.89669725999866	3.349634889797012E-4
136.0	28.524122240495046	21.156980124640697	20.184020351081465	30.13472838795701	1.4889582577997217E-4
137.0	27.4539787293619	21.661561109909474	20.47009686305874	30.414195627497236	1.6767017264997678E-4
138.0	27.650129344863945	21.901436717041065	20.858131634085588	29.589438084428494	8.642195809111179E-4
139.0	27.787685001960842	22.247430395663446	21.513771416178702	28.450214232017828	8.989541791817944E-4
140.0	27.31240985153293	22.926314134195145	21.94633929442896	27.79731371124294	0.017623008600028196
141.0	26.72154103623758	23.460842241879845	21.529594589979165	28.287851361043753	1.707708596605075E-4
142.0	25.430968902003276	24.47566794992969	23.42977016528735	26.662901403905114	6.915788745706447E-4
143.0	30.10074895859598	19.904755478690724	22.155537641472918	27.836116921350467	0.0028409998899112544
144.0	32.24963569669866	19.622488460737795	19.62392413877264	28.501439267229934	0.002512436560976835
145.0	27.154016682812493	20.972160239175945	19.931570716911033	31.942252361100525	0.0
146.0	27.25787442770653	21.306022344686802	19.853580987557322	31.582155091071307	3.6714897804081964E-4
147.0	28.0503882734366	21.0815207097735	20.366250849522224	30.499240536415257	0.0025996308524189565
148.0	30.255310518883515	19.798771144428088	20.688865186431514	29.25667758315056	3.7556710633055915E-4
149.0	30.73606055199797	21.388307907213324	20.115926405332463	27.7593255467027	3.7958875354441E-4
150.0	21.837711207703677	27.958103084897427	23.69829121463603	26.48836440276179	0.017530090001075707
