# Position (bp)	A	C	G	T	N
0.0	26.94610972042768	23.578783821203746	27.031576244090864	22.38432168302177	0.05920853125593606
1.0	28.109335869968728	18.512591372922614	19.577057477091333	33.79545397494535	0.005561305071971451
2.0	29.97955068652937	19.794990345243832	18.86174639292595	31.35897780817699	0.004734767123851306
3.0	32.075664453245864	19.349145725874948	19.91118727492431	28.660152761343667	0.0038497846112176613
4.0	32.99047965342068	18.783416301499585	20.249233004549584	27.975929570510793	9.414700193579685E-4
5.0	33.16226347590985	18.99089897241051	19.82703381262127	28.01770749580923	0.002096243249138192
6.0	28.33939212247528	18.768330546667737	18.009706887935295	34.87720819493106	0.00536224799062657
7.0	27.914279172165337	21.823835007676376	18.556426465447046	31.68127569243373	0.024183662277513847
8.0	28.228163451485877	21.113246821743754	19.136509183411505	31.52138498416155	6.955591973127053E-4
9.0	32.35092233409557	19.10095519185508	19.60856851921496	28.937097517376053	0.00245643745833779
10.0	29.63603385125357	21.576382635407455	21.53766237319135	27.237658478754685	0.012262661392942052
11.0	28.55950328382339	21.526983307201398	20.396247861760912	29.5005382989382	0.016727248276102398
12.0	29.64837227383017	20.13403828872732	19.898656143424606	30.316732407650694	0.002200886367209339
13.0	29.841528359349486	20.09324427073737	19.85010721247983	30.21365126647381	0.0014688909595044152
14.0	29.881973536041112	20.241637278880447	19.998297853552952	29.873896366288015	0.004194965237473176
15.0	30.068890928041263	20.310252012477868	19.88839485442382	29.731835477411607	6.267276454475703E-4
16.0	30.201116578898635	20.14148654244204	20.014992827092396	29.638887215582294	0.0035168359846359885
17.0	30.13705911125289	20.171701877116572	20.17701204352348	29.512228429583775	0.0019985385232835187
18.0	30.22626404019112	20.016536660693905	20.259928310324025	29.492437754361756	0.004833234429202112
19.0	30.073824791173454	20.10501385766787	20.02766197252627	29.79278401412437	7.153645080374671E-4
20.0	29.888975290570528	20.329866833780226	19.998377501870785	29.78224957282098	5.308009574789409E-4
21.0	29.709233714613127	20.409748767420737	19.99323311237635	29.88633111873162	0.0014532868581686044
22.0	29.7069299510484	20.228728328721786	19.953820032200518	30.10979265970542	7.290283238770628E-4
23.0	29.787735460231307	20.1234746166869	20.081096477099667	30.004699725894657	0.0029937200874703643
24.0	29.836678988438432	20.172651259188235	20.11876696202986	29.869234395978634	0.002668394364842604
25.0	29.84197092039638	20.156667522391796	20.187082283307838	29.809288559923665	0.00499071398031983
26.0	29.8682838244463	20.173719502729874	20.15577134037835	29.801143415953913	0.0010819164915598695
27.0	29.78567915735555	20.215990719351886	20.145130951164774	29.852280906593066	9.182655347280193E-4
28.0	29.81426791520107	20.205552730894258	20.19165541956098	29.786781973360142	0.0017419609835445421
29.0	29.759618701066852	20.207292735707544	20.148404766377002	29.882998085288953	0.0016857115596492379
30.0	29.740459982101797	20.204167735834144	20.166355174027807	29.887972016192023	0.0010450918442288597
31.0	29.76163083958595	20.183449274382294	20.126603817974605	29.927290328301524	0.0010257397556214483
32.0	29.779604093203382	20.225393676142392	20.155216244224462	29.83851550971055	0.001270476719212462
33.0	29.850861152035506	20.215318119500616	20.169892405716045	29.760937502793876	0.0029908199539545304
34.0	29.720396998479703	20.267117071019854	20.167987169928576	29.84257953913118	0.0019192214406829355
35.0	29.657341416855985	20.2814605293574	20.16018666864309	29.898270187000232	0.0027411981432951243
36.0	29.735376939247534	20.19842056158943	20.20150840276869	29.862777153713992	0.0019169426803549061
37.0	29.794630793526068	20.22439003166685	20.104023326579213	29.876601512851924	3.543353759461713E-4
38.0	29.81355965138689	20.127082778453374	20.139814210566346	29.918624702072368	9.186575210269266E-4
39.0	29.778485270179367	20.22655390150679	20.121249933672587	29.872986856046406	7.240385948516235E-4
40.0	29.692204047520843	20.24558822575581	20.205282066415283	29.85453714716196	0.002388513146105246
41.0	29.726541210584674	20.190154246534732	20.137528177118337	29.94516575474635	6.106110159112159E-4
42.0	29.695670125704638	20.30119072857925	20.161892322904894	29.83918969518731	0.0020571276239046508
43.0	29.7079870951714	20.217391371988334	20.14658311027887	29.92545417943332	0.0025842431280826608
44.0	29.664721210888107	20.259508004883237	20.201929625146363	29.873217360090294	6.237989920032088E-4
45.0	29.665452617764398	20.253651990182263	20.21635359841076	29.860534930321652	0.004006863320924794
46.0	29.72967119548735	20.191690920122962	20.24145655419233	29.836505833747513	6.754964498483231E-4
47.0	29.72671162833255	20.27275872173325	20.13884890822046	29.860811662085297	8.690796284436778E-4
48.0	29.703965600192845	20.21884567841742	20.126771691659457	29.94489923846608	0.005517791264195782
49.0	29.70406570817689	20.22505809627728	20.204638638559707	29.857344052727274	0.008893504258850325
50.0	29.727860017822177	20.268047133442938	20.17260710491114	29.83051527453609	9.704692876533909E-4
51.0	29.750640683126033	20.237236272227133	20.166753946360785	29.84148993549363	0.00387916279242406
52.0	29.7229672912879	20.23889647636196	20.22017686822882	29.817441681706697	5.176824146305036E-4
53.0	29.71953536868131	20.23529890170314	20.11968320601568	29.922894945184165	0.00258757841571376
54.0	29.671736637154467	20.22619833734774	20.19262403549332	29.908619030309115	8.21959695357238E-4
55.0	29.646399497775235	20.24096832177526	20.193771685689814	29.91607929939374	0.002781195365958749
56.0	29.673984162052104	20.2409244693384	20.171600941569178	29.912740809840376	7.496171999452351E-4
57.0	29.68282613134347	20.236018950019705	20.24223631244531	29.832019570360398	0.006899035831115897
58.0	29.682985252185247	20.25443694718076	20.165382508611703	29.893919239786516	0.003276052235773783
59.0	29.712524189995992	20.24746957218219	20.162345248328442	29.876964900381015	6.960891123568768E-4
60.0	29.707814830243866	20.22249089008887	20.164015812719647	29.901468448889613	0.004210018058002509
61.0	29.703630108095474	20.286155052033145	20.197902378158958	29.811171956721033	0.0011405049913902718
62.0	29.730238657681447	20.229185441740107	20.162289107685304	29.876049184622794	0.0022376082703451134
63.0	29.756871459278877	20.263418508820745	20.120200012244997	29.85651687930465	0.002993140350730302
64.0	29.726353422826023	20.215065371804414	20.16352053783001	29.893433108412186	0.0016275591273661504
65.0	29.670326722375272	20.21674332138896	20.15243116942709	29.95203661352621	0.008462173282460775
66.0	29.639040983894766	20.239015306142797	20.17322018291794	29.926249091097958	0.022474435946540368
67.0	29.67502934841324	20.21898774898931	20.201029455983285	29.902659376916368	0.002294069697798403
68.0	29.63280308425236	20.347597043536457	20.125988360866582	29.888695001764248	0.004916509580356517
69.0	29.666882058648692	20.30662166930788	20.152610936604344	29.869913289650903	0.003972045788181557
70.0	29.687927032018703	20.21246232515786	20.116432288104217	29.982735164732237	4.4318998697907814E-4
71.0	29.605846883873397	20.266933148044693	20.174132724651898	29.940206059698284	0.012881183731733163
72.0	29.651252905650686	20.250482621713235	20.20421334446324	29.88757109186979	0.006480036303044491
73.0	29.646934414258762	20.318064867353396	20.15830121416285	29.870960584032392	0.00573892019259712
74.0	29.68797718380511	20.257162143032147	20.167399282385453	29.88479230677542	0.0026690840018702227
75.0	29.634254219311824	20.300475706335767	20.2095495704387	29.8504291689325	0.005291334981208006
76.0	29.62942194306151	20.275392264467794	20.159724164601485	29.93453453001252	9.270978566958435E-4
77.0	29.66163243550046	20.278326582504853	20.179090239216453	29.87952962112202	0.0014211216562176052
78.0	29.64585732543575	20.250901787510706	20.19889601497158	29.90221262411617	0.0021322479657968608
79.0	29.6870488332811	20.29368063528349	20.19013100527958	29.82642297546891	0.0027165506869307765
80.0	29.71348658644154	20.247915394958717	20.14145786134601	29.89657659970632	5.635575474141957E-4
81.0	29.598740618920317	20.30572847437122	20.213677123146372	29.863253185139214	0.018600598422880813
82.0	29.592373875039513	20.260346166713532	20.22752945494653	29.915773353460917	0.0039771498395097474
83.0	29.657184232543464	20.291763247366983	20.12684836791951	29.919371307264548	0.00483284490549188
84.0	29.653077619548302	20.275475340759648	20.190407291763126	29.877021717283764	0.004018030645160705
85.0	29.648207273563052	20.264600067755353	20.186366470308883	29.899244783397776	0.001581404974935401
86.0	29.59038661720839	20.326955706905313	20.15439707263909	29.92763684415594	6.237590912647644E-4
87.0	29.640400115311376	20.254926966415052	20.172923190142598	29.931511115711455	2.3861241951858057E-4
88.0	29.639865540068776	20.292186490910545	20.160831606131957	29.902808728251607	0.0043076346371171805
89.0	29.554954265139834	20.289161655488826	20.178728254719662	29.976562127881934	5.936967697422887E-4
90.0	29.60586992521525	20.311987737174295	20.14467697956578	29.93730445808428	1.6089996039147E-4
91.0	29.569968296282113	20.331619913511428	20.18281725226244	29.915369105867	2.254320770139718E-4
92.0	29.581089748903693	20.351030666399396	20.188387740874724	29.879168436073968	3.234077482223143E-4
93.0	29.588199211064165	20.35752766251783	20.213121577584182	29.840286350553814	8.651982800092559E-4
94.0	29.58874171607089	20.325663508323746	20.159134147576953	29.926116008901673	3.4461912674531477E-4
95.0	29.658946970201548	20.336260375830836	20.113419142548956	29.8910849510528	2.885603658568544E-4
96.0	29.593716618670822	20.33423156384402	20.179828065086166	29.892042707792864	1.810446061242746E-4
97.0	29.596579372340642	20.392576618129887	20.06733917870322	29.942729624687992	7.752061382597308E-4
98.0	29.57567127110555	20.365073711825314	20.161367287172666	29.89659837363132	0.0012893562651541384
99.0	29.575086183153882	20.387049216169657	20.150174903963606	29.88740817551824	2.8152119462051856E-4
100.0	29.5559069720553	20.33590597666526	20.155157615083624	29.951015997476226	0.0020134387195913112
101.0	29.55781669396033	20.355920573686078	20.17957529081778	29.903871894816113	0.0028155467196937928
102.0	29.568664859390015	20.323338041308993	20.181419544558292	29.92608211854909	4.954361936116699E-4
103.0	29.563257771517648	20.3444933939411	20.20062398957622	29.891394503294627	2.3034167040654742E-4
104.0	29.51812903108415	20.404758374848264	20.16844992720335	29.908483923743283	1.7874312095048924E-4
105.0	29.572737517663107	20.345867012678127	20.197137688971964	29.884034260805254	2.2351988154976685E-4
106.0	29.571722957289197	20.33633060345248	20.17305220565757	29.918431871594358	4.6236200639347724E-4
107.0	29.540349513839875	20.33382789242424	20.2121580566186	29.913227298163868	4.372389534159344E-4
108.0	29.50376349280772	20.381510388365278	20.22714393527645	29.887367061296267	2.1512225428152646E-4
109.0	29.599699031589616	20.33877504367434	20.149668621171987	29.91162125629282	2.360472712335153E-4
110.0	29.50082635696617	20.363355456381246	20.212145936327815	29.923286574220988	3.856761037800115E-4
111.0	29.56039260570622	20.34469950986702	20.15036938521882	29.944192657807534	3.45841400408011E-4
112.0	29.57510148616563	20.325136973852214	20.07925111398916	30.020011813224006	4.986127689928684E-4
113.0	29.545932441128347	20.314463378304087	20.20853206642933	29.930660578574148	4.115355640906659E-4
114.0	29.556816799997126	20.419432570390434	20.156828427737615	29.866579724067694	3.424778071286302E-4
115.0	29.603515922641293	20.340117944142474	20.24669229379274	29.79934815137496	0.010325688048530195
116.0	29.54886112146074	20.391840353700015	20.213600406277045	29.845366192870404	3.3192569179537777E-4
117.0	29.49079611269142	20.35543995810864	20.22560503328778	29.924765728972297	0.0033931669398606407
118.0	29.49282801644497	20.378545814679725	20.204233484811102	29.92342678564004	9.658984241607121E-4
119.0	29.5639203373645	20.374086773641757	20.15016922434103	29.911585154018557	2.3851063415353862E-4
120.0	29.49154951190077	20.38919664817845	20.21450039919122	29.904287679176058	4.657615534985679E-4
121.0	29.532475546319965	20.43457642823541	20.211581515531737	29.82103405226878	3.3245764410707993E-4
122.0	29.46361862948829	20.430823916271244	20.19455266385633	29.910768422051863	2.3636833226566603E-4
123.0	29.474361502513975	20.37750435435892	20.25064986229718	29.897253555477675	2.3072535224564353E-4
124.0	29.445712529244254	20.331230973464123	20.201054790159752	30.021632262410048	3.6944472182288106E-4
125.0	29.429626462309088	20.38986347884609	20.21110823988882	29.968728854047672	6.729649083300406E-4
126.0	29.452341309484844	20.40286237924722	20.252229953341416	29.89212843570808	4.379222184344917E-4
127.0	29.5884926650421	20.332270636946483	20.225643144740456	29.845264351860095	0.008329201410868577
128.0	29.69055938945055	20.205654598639057	20.331678013581904	29.770828998347405	0.0012789999810836979
129.0	29.49966192732309	20.244816722166714	20.440860486835007	29.812361900460154	0.002298963215035789
130.0	29.363578028825188	20.25060080960755	20.403524132306465	29.98175825448397	5.387747768239084E-4
131.0	29.26658387622724	20.331051766022973	20.203014951232625	30.198222715544503	0.0011266909726545154
132.0	29.020813050575057	20.54307243207864	20.137812248471292	30.296084851879158	0.0022174169958521666
133.0	29.086405883165778	20.451567318880016	20.31152337119144	30.150155950284464	3.47476478300979E-4
134.0	29.19058771772222	20.323590289147045	20.2235368363831	30.261541843638405	7.433131092234807E-4
135.0	29.29556016018331	20.20763597249263	20.372010270291298	30.12167368009912	0.003119916933641787
136.0	29.3876798893269	20.265630891308177	20.40728892313994	29.93813060286697	0.001269693358013228
137.0	29.736753456098292	20.17465750487588	20.282899878884397	29.805166164476333	5.229956650972438E-4
138.0	29.84788309965217	20.171528332383502	20.40215460556715	29.577264049678675	0.001169912718505944
139.0	29.086258904153876	20.736798918167963	21.64977331146378	28.520707488286018	0.0064613779283616704
140.0	26.932020847774467	21.753547934970538	21.66554499908859	29.630808182560497	0.01807803560590716
141.0	28.58151979219868	19.867204577381344	19.338394764382137	32.21239460414083	4.862618970107658E-4
142.0	31.000215931200476	19.474834970905814	21.254433655421288	28.269753465356608	7.61977115814869E-4
143.0	31.309394091860455	18.87953417739826	21.889974923876135	27.910874585632122	0.010222221233031986
144.0	34.15552166869796	18.49433484624029	18.897302016613253	28.448329431430334	0.004512037018168134
145.0	27.593813857588884	20.262325687408435	19.164743197292676	32.97887810793528	2.391497747209122E-4
146.0	27.552940801273294	20.55348305406712	19.020666330319745	32.87265023016772	2.5958417211468946E-4
147.0	28.14957685187925	20.31624802227916	19.56703389648216	31.96391348899092	0.003227740368505653
148.0	30.77391057355224	19.258050860631133	19.87956019390886	30.08816065211728	3.177197904903925E-4
149.0	32.814453934881385	20.287025828547183	18.921211942547156	27.975180256398673	0.0021280376256010225
150.0	21.436588300565663	27.89466302498434	23.458036487047224	27.161333237031805	0.049378950370968434
