# Position (bp)	A	C	G	T	N
0.0	27.147109319427393	24.76690227095739	24.453591037024488	23.620651047411634	0.01174632517909113
1.0	28.60292300079106	18.375352562036433	18.88702551602604	34.11346389275226	0.021235028394209685
2.0	29.955141457615564	19.940733882416836	18.62972255896853	31.46771877511289	0.006683325886181811
3.0	32.46142488139717	19.143361107711403	19.46125483522028	28.933529302184134	4.298734870147121E-4
4.0	32.751447680222576	18.712934208385683	20.135729247257313	28.399245421452225	6.434426822068689E-4
5.0	33.51852940778184	18.68553002812651	19.653755356343634	28.14006003420858	0.002125173539429422
6.0	28.814792249721645	18.672168733898182	17.87849782819027	34.62359899662191	0.010942191567996187
7.0	28.657318212555545	21.076744977679297	18.509655345721328	31.75281309084893	0.003468373194901334
8.0	28.300042855244435	20.67294631704615	18.738463551573105	32.28429822531193	0.004249050824377991
9.0	32.42274309980468	18.803972393603967	19.16080132196573	29.610447402195593	0.002035782430030447
10.0	30.135899794725972	21.07342834142055	21.109016344716036	27.681236641754143	4.1887738329930447E-4
11.0	29.087714234177554	21.03319080467015	20.074353234331458	29.80431654484132	4.251819795186879E-4
12.0	30.046940590652838	19.837593670255654	19.588831348264062	30.525743325276817	8.910655506351611E-4
13.0	30.207428526693388	19.773693883111655	19.547421566204157	30.464295342587803	0.007160681403000296
14.0	30.221262625261637	19.88966172136954	19.682829140917043	30.2060259600054	2.205524463842767E-4
15.0	30.39411977082332	19.906639561471547	19.60878647588254	30.089520264771526	9.339270510682684E-4
16.0	30.466158031030783	19.825160248293695	19.71595846695038	29.98933591340846	0.003387340316680408
17.0	30.431442698821837	19.848470177305654	19.767643670445295	29.94784905823586	0.004594395191358587
18.0	30.439016433009254	19.78599112627211	19.82486793093322	29.94484439993271	0.0052801098527130155
19.0	30.351804983620912	19.839269670788656	19.67748399655533	30.130982503373367	4.588456617314844E-4
20.0	30.219800150309705	19.95784356210566	19.658126474847958	30.163668865835845	5.60946900826523E-4
21.0	30.138871794580556	19.97137531069576	19.654687518883833	30.234456828775762	6.085470640842551E-4
22.0	30.117646309795926	19.84986225509399	19.642776177876282	30.38631297065822	0.003402286575582394
23.0	30.177175189657714	19.764457380005673	19.73707638205841	30.320666354242586	6.246940356163449E-4
24.0	30.19509955590231	19.803494592471836	19.772256966777093	30.226708956280007	0.002439928568751837
25.0	30.212411914161496	19.774751935354935	19.812391919006085	30.19874355547917	0.0017006759983133042
26.0	30.220293615588417	19.80195298393664	19.777401917612817	30.197618993242937	0.002732489619186231
27.0	30.160886073061167	19.833790771428365	19.772683116309835	30.226766525682656	0.005873513517971102
28.0	30.170734121288938	19.82380297363493	19.819516103607558	30.185708361372775	2.3844009579553126E-4
29.0	30.14078943167758	19.834775243942488	19.797469015301207	30.22650156786441	4.6474121431640215E-4
30.0	30.126853371490586	19.816418902104736	19.809761022650285	30.246734204768572	2.3249898581814945E-4
31.0	30.16652424102166	19.791397418665838	19.79634822942616	30.24553429031523	1.95820571112319E-4
32.0	30.158640499820844	19.825884398239708	19.82479757934591	30.19011353522929	5.639873642441767E-4
33.0	30.198959283387943	19.804894097276833	19.81690082733607	30.165378914501524	0.013866877497626455
34.0	30.109792217697535	19.855908561399005	19.822818611983354	30.211333814320113	1.4679459999549524E-4
35.0	30.108976822033167	19.857591695159606	19.77808350485727	30.255045248105795	3.027298441627422E-4
36.0	30.1426881473699	19.818641336690032	19.824594501313964	30.213683329714037	3.926849120655001E-4
37.0	30.16218634192583	19.836612821710332	19.779081237998486	30.221472324521475	6.472738438759717E-4
38.0	30.17601933432469	19.779010380663443	19.785582128309482	30.257983332164613	0.0014048245377742598
39.0	30.16512447469885	19.825167597061803	19.782293974889605	30.226344398826953	0.0010695545227841646
40.0	30.12758769938138	19.828556460445945	19.8318905602603	30.19881979762225	0.01314548229012014
41.0	30.143469381517463	19.8091227484947	19.78521754176234	30.26192849456832	2.618336571806772E-4
42.0	30.10857407726737	19.873181937622054	19.811200759418107	30.206779946100887	2.6327959158459105E-4
43.0	30.109634390889745	19.828851082024798	19.811906499490597	30.248771992140128	8.360354547280597E-4
44.0	30.09484811455912	19.840691883614706	19.82208632483196	30.240886992906674	0.0014866840875386311
45.0	30.099287659544576	19.834257368462772	19.84431352589636	30.213377252568375	0.008764193527915373
46.0	30.123465396115236	19.796023585274536	19.880698675852127	30.19943626989534	3.7607286276662315E-4
47.0	30.135687180398513	19.834323810958647	19.803359896820247	30.22632165763483	3.0745418776534177E-4
48.0	30.1302318621883	19.819938695662003	19.806338143741655	30.243343336073416	1.4796233462473885E-4
49.0	30.138635089051256	19.817505053818696	19.82296343835569	30.219468953653617	0.0014274651207428102
50.0	30.133172045113	19.83633481005353	19.816397778445946	30.208783213970413	0.005312152417117398
51.0	30.129318420417473	19.816901322434635	19.835831365899843	30.21777724238684	1.7164886121106822E-4
52.0	30.11787741161356	19.814286404170595	19.874555942388415	30.193195859337596	8.438248983041625E-5
53.0	30.147548936795282	19.828614816883665	19.79311083034627	30.23056584277765	1.5957319712837115E-4
54.0	30.109975545279173	19.823663064431486	19.82942301591459	30.236811169751743	1.2720462300707544E-4
55.0	30.08135102205439	19.84626587630462	19.825706845042212	30.24496081010355	0.0017154464952343444
56.0	30.094920342765164	19.845480503308274	19.81499963646963	30.24432584141567	2.7367604126456765E-4
57.0	30.107415755870488	19.833375948364882	19.860069797116292	30.199003307834055	1.3519081428268562E-4
58.0	30.124384541946604	19.847189694128943	19.811077324366796	30.217170191756708	1.782478009497392E-4
59.0	30.148902386175834	19.832163788667497	19.81485923504507	30.203873811730364	2.007783812307114E-4
60.0	30.140820164245824	19.81742185683208	19.820203918316086	30.217912552210475	0.0036415083955389864
61.0	30.13429855340523	19.83838341117353	19.839961459490663	30.18671844932152	6.381266090480668E-4
62.0	30.137939313739192	19.827122739743793	19.81925852879345	30.215312229636154	3.6718808740947545E-4
63.0	30.151397655193296	19.841465141507385	19.792303307110615	30.21464630645106	1.8758973764120305E-4
64.0	30.145400863288657	19.815284145101035	19.81265135065584	30.2254056850438	0.0012579559106680944
65.0	30.105286679945316	19.827121210017264	19.82506021748752	30.242326648480542	2.0524406935235588E-4
66.0	30.09795560803324	19.83563428207519	19.819556924029666	30.246535728705503	3.174571563997382E-4
67.0	30.118854806965324	19.80945903256827	19.840811474254867	30.23070687701084	1.6780920070290288E-4
68.0	30.100161511021117	19.887642620741552	19.798173321127603	30.213806158842853	2.1638826687404432E-4
69.0	30.104808509288517	19.86068363058958	19.80657538766513	30.22749415960222	4.3831285455005794E-4
70.0	30.11713721072177	19.814217481599872	19.787780906319504	30.28078360827194	8.079308691689589E-5
71.0	30.072686910041135	19.864580620127715	19.81403967186611	30.24769207791055	0.0010007200544935497
72.0	30.11980810501951	19.827399716173357	19.837686727406478	30.214970387443497	1.3506395715978737E-4
73.0	30.091948826009407	19.85599177017918	19.83140573559545	30.220563853252802	8.981496315879484E-5
74.0	30.13985151003693	19.825094451632992	19.813384032026228	30.22157083893744	9.916736640623528E-5
75.0	30.101429082943337	19.855419165572897	19.831946622852843	30.21091533745314	2.897911777797242E-4
76.0	30.092866854478377	19.850366845687326	19.804385960750242	30.25175857916859	6.217599154632609E-4
77.0	30.105519882425806	19.866625355841443	19.809856626968436	30.217844642511015	1.5349225329768445E-4
78.0	30.103733067352366	19.840793568636503	19.82406245511905	30.230815608121137	5.953007709444814E-4
79.0	30.138864172773516	19.857289494085094	19.830800539383052	30.172456737841852	5.890559164795358E-4
80.0	30.158305862507103	19.82380826422595	19.789461985320887	30.22833202812188	9.185982418292108E-5
81.0	30.0964837334129	19.854860331283135	19.844098162154257	30.203921966190688	6.358069590183368E-4
82.0	30.078126169736326	19.838890935878894	19.853830105504137	30.228715675984013	4.371128966304563E-4
83.0	30.11611726267799	19.857338955741948	19.78941135014649	30.237033014464114	9.941696945725046E-5
84.0	30.11635492134721	19.848691137430695	19.825842127439035	30.208884638330435	2.2717545262412425E-4
85.0	30.102921071994672	19.844802785904182	19.82914242147502	30.22297835658852	1.5536403760854287E-4
86.0	30.082489982303752	19.864692537659742	19.80944431459635	30.24172489542397	0.0016482700161838375
87.0	30.08994934099878	19.848170015377086	19.822968962977246	30.238767425127183	1.442555197025626E-4
88.0	30.104156604413323	19.854030183300235	19.822347820671617	30.21935966010919	1.0573150563601515E-4
89.0	30.06281077388368	19.871612798754544	19.828559425274143	30.236294538879537	7.224632080898358E-4
90.0	30.087535651843794	19.86731812413478	19.806175884375016	30.233889268628616	0.005081071017794728
91.0	30.060958814590855	19.8685822669196	19.833625800764665	30.232462446900897	0.0043706708239865995
92.0	30.07304929618207	19.88063014897547	19.846299374383072	30.199920894193355	1.0028626603209676E-4
93.0	30.06950694129112	19.894638291859735	19.844583026154375	30.189170711960788	0.00210102873398147
94.0	30.08625242082088	19.86350741001056	19.842683462962295	30.207385078733207	1.716274730547523E-4
95.0	30.11692185883418	19.88764612530482	19.808922805391045	30.185740366801816	7.688436681386934E-4
96.0	30.08750563122662	19.878340881524835	19.831551156480923	30.202356656525907	2.456742417103271E-4
97.0	30.07163583919681	19.897688495791645	19.783723907363385	30.246038849947304	9.129077008573484E-4
98.0	30.0619939003727	19.92457611164351	19.813780961487435	30.19783776743319	0.0018112590631740493
99.0	30.073728942275928	19.91350344587985	19.81168947774611	30.200729224481243	3.4890961686330794E-4
100.0	30.05789813699497	19.8799505038541	19.83918890550981	30.21832585994077	0.004636593700352962
101.0	30.07354698162075	19.88852425173268	19.828937173602622	30.20812236504305	8.692280008911934E-4
102.0	30.053890027026874	19.886740650841546	19.840608133660584	30.2184048456371	3.563428338940568E-4
103.0	30.086168720708407	19.88162521405531	19.84514343479522	30.186927542171095	1.3508826996766395E-4
104.0	30.03832894351333	19.931741486459845	19.82669103549034	30.20303610985153	2.0242468495341323E-4
105.0	30.06799229565555	19.901474943553353	19.8434499390427	30.181105454541807	0.0059773672065845775
106.0	30.0800213734488	19.88465099866191	19.842756282090726	30.192412160938243	1.591848603170538E-4
107.0	30.053580392797212	19.880171928177802	19.85803649907521	30.208078577709745	1.3260224002792145E-4
108.0	30.025722497074526	19.90330990639371	19.886200588226146	30.18467710994711	8.989835851094329E-5
109.0	30.085353437151134	19.877166451865904	19.841625585477047	30.1957862604248	6.826508111168021E-5
110.0	30.018876454169813	19.904734805367603	19.86387537081664	30.206832381819115	0.005680987826829858
111.0	30.058508633303244	19.875837119009155	19.850056224151086	30.215435644148265	1.6237938824682554E-4
112.0	30.06358337508233	19.859772521660716	19.81322686803982	30.261958248602934	0.001458986614204531
113.0	30.04383238663465	19.87276024758572	19.880312314221733	30.202735566944167	3.5948461372910115E-4
114.0	30.043244450638884	19.918275869934256	19.854337925966153	30.184061842612024	7.991084867770737E-5
115.0	30.073072484760328	19.873225642559223	19.89374750213056	30.15988359951595	7.077103394021003E-5
116.0	30.030542025741752	19.927218359457452	19.88680342348223	30.15537923367407	5.695764449964067E-5
117.0	30.005324459172588	19.90283758893458	19.863644947562662	30.228124864484695	6.813984546651805E-5
118.0	29.99776216038441	19.918275091522865	19.881638286719046	30.2021447433403	1.7971803337543598E-4
119.0	30.033621060468118	19.920558137224415	19.839695249567143	30.20604311178068	8.244095964364176E-5
120.0	30.01116270975856	19.919046551133416	19.88374235388951	30.185843898133207	2.044870853075883E-4
121.0	30.03053507265384	19.925020495947628	19.90578351171828	30.13826641121461	3.945084656409251E-4
122.0	29.98498577267428	19.939175338767892	19.89446687891409	30.181271995982463	1.000136612778149E-4
123.0	30.004249478034012	19.905801929913146	19.90862269040138	30.18008297458014	0.001242927071318949
124.0	29.989313352387946	19.88459871723005	19.88731961226637	30.23864778335181	1.2053476382415422E-4
125.0	29.979271373715772	19.91765918007855	19.873567711826208	30.228934561586474	5.671727929981938E-4
126.0	30.004890267051763	19.91662849466583	19.895251185605787	30.181628533962357	0.0016015187142651868
127.0	30.07054864890957	19.876913504322854	19.883014075366145	30.169448279583982	7.549181745082287E-5
128.0	30.137872517445913	19.794524845235102	19.95606954470748	30.111394887329094	1.3820528240605294E-4
129.0	30.007766687130456	19.80884820809002	20.05367035447731	30.129577429470455	1.3732083176421894E-4
130.0	29.94207986870932	19.801945561715275	20.06119609115425	30.19397542094798	8.030574731777458E-4
131.0	29.86512264148957	19.853955018797947	19.956510497645112	30.324141908714452	2.699333529152985E-4
132.0	29.70678664972004	19.97854359102647	19.90874722836824	30.39317990102695	0.012742629858305817
133.0	29.70902994145187	19.935842265438815	19.993773044223776	30.36123174848096	1.230004045808896E-4
134.0	29.738982064092774	19.90222592717186	19.95534165859792	30.403382651365117	6.769877232991115E-5
135.0	29.82915455048071	19.81249306114723	20.019245569925474	30.337944964029003	0.001161854417592927
136.0	29.918452572378147	19.872907381822486	20.037989354583452	30.170506036548666	1.4465466725001802E-4
137.0	30.18345455446822	19.77414989255687	19.941599876620934	30.10041287501586	3.8280133811986994E-4
138.0	30.232445884664305	19.79177787040676	20.038290902729518	29.93608463744133	0.0014007047580876805
139.0	29.50460320709391	20.320660213964626	21.16224560663218	29.012368949558624	1.2202275065744815E-4
140.0	27.54635313471364	21.23538154008904	21.146424709599174	30.071632706425667	2.0790917247905056E-4
141.0	29.450312877829386	19.337454158415824	19.024743218922772	32.18624717091554	0.0012425739164744652
142.0	31.95664201759021	18.946042883759315	20.80757097791798	28.279760672109088	0.0099834486234065
143.0	31.514286762481365	18.71862998822697	21.163359512500445	28.598976502182744	0.004747234608477246
144.0	34.07158635489216	18.205338907102643	18.847833851513347	28.874801214445288	4.396720465624297E-4
145.0	27.905370025107466	19.934414834169687	18.798840959648302	33.36055644215597	8.177389185794765E-4
146.0	28.196749354258348	20.296039222715695	18.81565616069061	32.69136579606454	1.8946627080847152E-4
147.0	28.630137355510644	19.613695289677064	19.36419565617109	32.39139975360557	5.719450356265448E-4
148.0	31.09075274126505	18.84385361396149	20.039234088172336	30.025769072743614	3.9048385751498427E-4
149.0	33.66460801845797	19.12430515851731	18.698344850522925	28.496699785674313	0.016042186827482978
150.0	23.07623121388167	24.860107822811912	25.037145724665262	27.023107887940423	0.003407350700733864
