# Position (bp)	A	C	G	T	N
0.0	26.643854123700432	24.322687912146115	24.773051182328537	24.248286141947627	0.012120639877283516
1.0	28.7375850968209	17.998566310564634	18.791118618992495	34.451651066727734	0.021078906894238206
2.0	30.03827370664311	19.84672253845621	18.976152066973942	31.1320841065898	0.006767581336935773
3.0	33.138468892943116	19.03142920215347	19.390235347314142	28.4394702095014	3.963480878768587E-4
4.0	32.89487330320946	18.737285757742765	20.091412055533784	28.27581745669158	6.114268224147512E-4
5.0	33.66336164572563	18.75744441345553	19.572584007610335	28.004531288252384	0.002078644956120163
6.0	27.985155938520872	18.947605098959315	17.556999347881504	35.49909058510386	0.011149029534456368
7.0	28.213519134044656	21.418240031547583	18.56112897737037	31.803599081729196	0.0035127753081966406
8.0	28.00842542883874	20.96941749451473	18.827855643368473	32.18995235669586	0.004349076582196887
9.0	32.79087925445972	18.66179836993877	19.215885326937176	29.329410710091697	0.002026338572637276
10.0	30.065555933068143	21.294112043058835	21.358271356656818	27.281576749674812	4.839175413916074E-4
11.0	28.81079537602622	21.286821166855912	20.076417191908007	29.825522315057768	4.439501520860928E-4
12.0	29.864523745781163	19.83197415952693	19.471111100972674	30.83148427638609	9.067173331473198E-4
13.0	30.05839806308877	19.800851943933655	19.433376854957586	30.70014828683586	0.007224851184134744
14.0	30.06252095888283	19.944920832914164	19.654355652423362	30.337961118627238	2.4143715240741625E-4
15.0	30.26289878112532	19.968930742485288	19.58295708733474	30.18435444557171	8.589434829417081E-4
16.0	30.2930647246648	19.873667566366688	19.67328913362949	30.156555035223075	0.003423540115955215
17.0	30.262333820571936	19.895285547638863	19.74746089772576	30.09026260110313	0.004657132960307503
18.0	30.251701245274283	19.844182536130432	19.766947284799897	30.131823676092985	0.005345257702412485
19.0	30.200493261850912	19.867510901218623	19.650116730002633	30.281436220538016	4.4288638980893613E-4
20.0	30.130435960148116	19.96961152080775	19.62088006972147	30.27854944861177	5.230007108951039E-4
21.0	30.078939980900127	19.957001510757024	19.65580094026259	30.307637072903294	6.20495176965094E-4
22.0	30.066686188876464	19.837703767765596	19.65010544375065	30.441892238655505	0.0036123609517862846
23.0	30.10814195824349	19.767340311123675	19.720962208928356	30.40290931188661	6.462098178657629E-4
24.0	30.139287756903805	19.82069168792356	19.737822733994975	30.29973477622059	0.0024630449570708954
25.0	30.17019146044153	19.793315452307418	19.80293282274868	30.231836944895647	0.0017233196067180314
26.0	30.19878641717354	19.813804231351767	19.75266179277112	30.231966306371216	0.002781252332354429
27.0	30.115392851806178	19.870552473845876	19.74186053807593	30.266364936060448	0.005829200211569509
28.0	30.124160389408928	19.851916109524918	19.799444110965975	30.22420655841736	2.728316828173035E-4
29.0	30.083070124362177	19.860151343353714	19.754750043545744	30.301585887062988	4.4260167538049024E-4
30.0	30.0686773910172	19.82977915608999	19.765234733636504	30.336084147239955	2.2457201634462545E-4
31.0	30.115487933785275	19.817245020631965	19.749601520778107	30.31746541797612	2.0010682853517463E-4
32.0	30.11010305197981	19.872811844883202	19.776837008454525	30.239646817509463	6.012771730018214E-4
33.0	30.19320305105726	19.83831406915707	19.7825433124149	30.171843260166764	0.014096307203999611
34.0	30.061912978042177	19.919324283576863	19.790047581026997	30.228574564808376	1.4059254558693396E-4
35.0	30.034735582662364	19.906036569542696	19.75455222746988	30.304353065608385	3.22554716678299E-4
36.0	30.083969407792686	19.849749683399832	19.800798115157047	30.26507722353126	4.0557011917757786E-4
37.0	30.128510845195684	19.86685174376277	19.71123154087717	30.29271501612566	6.908540387201833E-4
38.0	30.147333589473856	19.77353769737108	19.75994009859159	30.317884757170788	0.001303857392685342
39.0	30.11388403500504	19.875209466828643	19.741392213381214	30.268435587808057	0.0010786969770498582
40.0	30.042428964190666	19.874490108632905	19.814363296782382	30.25565464375621	0.013062986637839199
41.0	30.07488975269668	19.831460158959683	19.736285854383137	30.3571275927499	2.3664121060105615E-4
42.0	30.041121059774156	19.92461672021812	19.772990333371077	30.261006381774823	2.6550486182130005E-4
43.0	30.059166138812994	19.84181308544663	19.75720451700814	30.34093398305786	8.822756743715028E-4
44.0	30.02468569581062	19.87486631510787	19.80602620433613	30.292975799523347	0.0014459852220310308
45.0	30.02927016518475	19.882265167455802	19.814097160475853	30.265706237622126	0.008661269261462119
46.0	30.094910218214014	19.81425991835061	19.850094718542568	30.240366288262855	3.688566299548134E-4
47.0	30.115037832088063	19.86882767918613	19.747285458669886	30.26856843967252	2.8059038340054156E-4
48.0	30.085637712995734	19.820696547002278	19.747492554393375	30.346038647368157	1.3453824045507604E-4
49.0	30.082360798102464	19.835019912924107	19.819203509547613	30.26204889621573	0.001366883210086755
50.0	30.08863525792552	19.867952628344547	19.78786963708311	30.250208362638176	0.005334114008641961
51.0	30.098351221822256	19.833589233501115	19.80387792976174	30.264024123915444	1.5749099944387693E-4
52.0	30.085493481610577	19.838124214326992	19.852428243486777	30.22385581861714	9.824195851500795E-5
53.0	30.11998762960591	19.84066079660582	19.735692837047118	30.303493105746508	1.6563099464282126E-4
54.0	30.06828587037715	19.82908718923522	19.799955704728504	30.302532193678843	1.3904198028274144E-4
55.0	30.018075414165136	19.868519620081244	19.79536864082732	30.316362137247044	0.0016741876792574903
56.0	30.056026490942045	19.85829499336371	19.785934751595683	30.299445544604048	2.982194945127942E-4
57.0	30.074869547052952	19.844936928908258	19.847108454120573	30.23294096160879	1.4410830942923E-4
58.0	30.08190637053454	19.876479172315683	19.771183621357096	30.270268313752073	1.6252204060558645E-4
59.0	30.0893705479845	19.866950411350533	19.77063221553597	30.272847073839216	1.9975128977945541E-4
60.0	30.09655844877433	19.83096790938039	19.766732326330047	30.302136629449873	0.003604686065359606
61.0	30.10665801044779	19.869643099778695	19.809145870847995	30.21395084717761	6.021717479058897E-4
62.0	30.117323245360044	19.836602971118637	19.785516003841472	30.260174175637268	3.8360404257683356E-4
63.0	30.14056274272875	19.877497338564737	19.72339082560528	30.258339243855765	2.0984924546788502E-4
64.0	30.11234330444627	19.829545309862024	19.762990123382906	30.293846380159227	0.0012748821495716202
65.0	30.044920716377465	19.829889019003723	19.78557706922498	30.33938824185328	2.2495354055129176E-4
66.0	30.04264367815515	19.85010672924372	19.78551710010027	30.32142351792551	3.0897457534665427E-4
67.0	30.06662810572514	19.824505638459694	19.8254149611374	30.283295458666043	1.5583601172056608E-4
68.0	30.043339374957228	19.936336805660154	19.763767409401137	30.256334881720775	2.2152826070425815E-4
69.0	30.07322572184513	19.90004253142105	19.76756049442418	30.258726909232937	4.4434307669556503E-4
70.0	30.07794957306539	19.816084973583262	19.756182904411542	30.349701737461928	8.08114778831696E-5
71.0	30.01552158140036	19.87939213003998	19.795131875827572	30.308969067175667	9.85345556414743E-4
72.0	30.082117249695422	19.819719169675526	19.819500758811692	30.27852997397235	1.3284784501177817E-4
73.0	30.04445773403338	19.89407152790509	19.797040240168727	30.26433522326622	9.52746265742018E-5
74.0	30.10720377644585	19.841670310047935	19.78700011072717	30.264041105810396	8.469696864467402E-5
75.0	30.04976453101121	19.892584273424276	19.8367290229821	30.220602679826076	3.194927563358241E-4
76.0	30.045587315959594	19.86278017130859	19.78655165259436	30.30442504568968	6.558144477791747E-4
77.0	30.082830591127006	19.869007841191447	19.801487267596784	30.246509817730523	1.644823542366168E-4
78.0	30.062017326645073	19.835848070320026	19.81302115043109	30.288537425508586	5.760270952238571E-4
79.0	30.09860171402848	19.881739793559973	19.82079451325563	30.198301340820628	5.626383352873117E-4
80.0	30.13396694363965	19.837992816853138	19.773526077753225	30.254420145385318	9.401636867143487E-5
81.0	30.036561214395576	19.877852002944383	19.840776134449612	30.244145786793748	6.648614166857935E-4
82.0	30.027844266048525	19.836694060627398	19.841316186729617	30.293708822276155	4.366643183004421E-4
83.0	30.096026687510562	19.86860767636852	19.747047335584682	30.288223852504643	9.444803159340464E-5
84.0	30.098341977693156	19.85427313180803	19.78918547689766	30.257958645457222	2.407681439347736E-4
85.0	30.08697078227368	19.846121637530644	19.805326433177157	30.261428416204193	1.5273081432831846E-4
86.0	30.040247822025535	19.876463608662334	19.780094919891862	30.301536205510715	0.00165744390955615
87.0	30.072750380807513	19.835741644499027	19.804855722877804	30.28651054420951	1.417076061476953E-4
88.0	30.075610778769285	19.872483723433227	19.795331822151287	30.256463475953215	1.1019969297903966E-4
89.0	30.00539749331832	19.877195079002956	19.809242568876726	30.307430352650155	7.345061518415384E-4
90.0	30.058807832245133	19.853499090532534	19.77970255649682	30.30286603475941	0.005124485966100561
91.0	30.011148290374674	19.88556329009756	19.82635903304518	30.272625013833103	0.004304372649485096
92.0	30.023857139568722	19.910499345748285	19.822482612848113	30.24304476179015	1.1614004473203506E-4
93.0	30.030328805543803	19.92505396344147	19.8333806894051	30.209030966811095	0.002205574798530019
94.0	30.043342915265292	19.874794695778224	19.821961059912972	30.25973409526983	1.6723377367986532E-4
95.0	30.107117702736474	19.896706163924225	19.762244852475177	30.2331450871082	7.861937559277886E-4
96.0	30.05109692181223	19.874512513931148	19.829852861030133	30.24429742154901	2.4028167747502566E-4
97.0	30.042373943301072	19.927422361965117	19.7201305420773	30.30913040341704	9.427492394765762E-4
98.0	30.020765874864697	19.939602786464885	19.804378185096823	30.23345907357192	0.0017940800016693918
99.0	30.03781480530627	19.919337298722862	19.797807189103704	30.244695242235835	3.4546463133398165E-4
100.0	30.004914880777463	19.897313343479638	19.813497362082092	30.27962277647078	0.0046516371900253055
101.0	30.02512192019418	19.90467309710154	19.824662412426218	30.244718477497667	8.240927803972591E-4
102.0	30.002636616443407	19.883080085290555	19.834640156182175	30.27928529447699	3.5784760687641376E-4
103.0	30.03329576915192	19.888916799884825	19.851720610548078	30.225941987090586	1.248333245861262E-4
104.0	29.986087307632776	19.958325694739088	19.815421652654603	30.239968576840337	1.967681331969485E-4
105.0	30.048866017875326	19.903920472701248	19.82308743460572	30.218310769692174	0.005815305125527413
106.0	30.045028567936516	19.875303820727535	19.833245701845144	30.24625182632008	1.7008317072995658E-4
107.0	30.01349064803157	19.873095770971283	19.85825105985715	30.255020734429785	1.417867102160774E-4
108.0	29.982487045765637	19.933167482703023	19.878712736837933	30.20554141974253	9.131495086978117E-5
109.0	30.07768069578447	19.89246718073671	19.8074147435629	30.222365627909078	7.175200683935345E-5
110.0	29.970490763024472	19.913646477346255	19.874073794747463	30.23603465917884	0.005754305702971618
111.0	30.02128544093917	19.895183811877438	19.823498315826875	30.259855376781918	1.7705457459385451E-4
112.0	30.03389061509661	19.874413828534156	19.760371351308798	30.329927334593883	0.0013968704665600275
113.0	30.016601125003223	19.86887860059342	19.875431652473114	30.238709101551102	3.7952037913290687E-4
114.0	30.01471302597909	19.959454105125943	19.827297252146874	30.198436027417074	9.958933102031779E-5
115.0	30.065237099665236	19.88659853386625	19.90894284317215	30.139138083580924	8.343971544348267E-5
116.0	29.98947555176509	19.96204278091796	19.879088337353142	30.1693291162361	6.421372771127124E-5
117.0	29.956715803083345	19.903176138575525	19.86320102447111	30.27683115557466	7.587829536629278E-5
118.0	29.969863474517496	19.947720531690443	19.858352406537044	30.22388964712998	1.7394012504081207E-4
119.0	30.01961063297294	19.939614503042762	19.809347016948855	30.231356544728733	7.130230670945626E-5
120.0	29.986046635244673	19.929723975694095	19.870736593680768	30.213282104348316	2.1069103214202233E-4
121.0	30.018525223794317	19.962113101124785	19.877482832326855	30.14147866781518	4.0017493886088736E-4
122.0	29.954453831456863	19.967854582301893	19.864096152519668	30.213505908565274	8.9525156302185E-5
123.0	29.958486292033808	19.912050849468113	19.894953094495154	30.233314482088524	0.0011952819143989117
124.0	29.932934643330604	19.86984082406679	19.87470209620592	30.322380798115457	1.4163828122610816E-4
125.0	29.914934262015947	19.940525943857327	19.85676563821684	30.287237321849148	5.368340607414288E-4
126.0	29.95914770820099	19.94817028340352	19.885817224656137	30.205274721701276	0.001590062038075618
127.0	30.052042264138507	19.917922403401537	19.862370095305238	30.167601423805916	6.381334880466291E-5
128.0	30.08039274406619	19.847071499249527	19.91553515044131	30.15687394473188	1.2666151108784622E-4
129.0	29.995333588728517	19.838878379624468	19.983913115290267	30.181752325672846	1.2259068390704051E-4
130.0	29.9768100039355	19.792120820150185	20.02639712450685	30.203916735860265	7.553155471969242E-4
131.0	29.89043627971519	19.87152936922843	19.957342892792255	30.280426985725008	2.644725391253828E-4
132.0	29.787294907804903	19.968122780146363	19.93533639109758	30.296411476210412	0.012834444740743965
133.0	29.78221065494615	19.948030217275875	19.99557548862176	30.274078682707323	1.0495644888716782E-4
134.0	29.786753469369494	19.927669622935905	19.938394764825244	30.347104013531194	7.812933816694346E-5
135.0	29.848395382647524	19.834704154560015	19.99887304231615	30.31688833274002	0.001139087736283866
136.0	29.95140971287979	19.844587035020066	20.061893607422913	30.141966455155465	1.431895217608094E-4
137.0	30.3137476842805	19.703046514488097	19.942144383976913	30.040704303434403	3.5711382008561264E-4
138.0	30.417674675740574	19.693151588216168	20.046350332017973	29.84139123299339	0.001432171031891466
139.0	29.44482658300725	20.37844483488683	21.360768690944447	28.8158237314587	1.3615970277653733E-4
140.0	27.102081299382164	21.497037567977102	21.292421286718994	30.10824501591663	2.148300051131465E-4
141.0	29.112604872194233	19.390445797381446	18.863972657947926	32.63181943455207	0.0011572379243348313
142.0	31.763570237072997	19.070330521148414	21.05422196102054	28.1016013081825	0.010275972575553589
143.0	31.509361008091414	18.77921497766996	21.43455614042927	28.271898206176733	0.00496966763263245
144.0	34.775340880910335	17.93588245993727	19.076102074703265	28.21224587298535	4.287114637835745E-4
145.0	27.686590211274254	19.915791485193616	18.778472794721534	33.61832216837968	8.233404309199148E-4
146.0	27.938756826374405	20.271956046166995	18.783479797292056	33.00562327681695	1.8405334959874133E-4
147.0	28.035902067473284	19.589278064346257	19.1869201726859	33.18733906905745	5.606264371052142E-4
148.0	30.68715988413543	19.225785694693123	19.885520340917832	30.20114110756805	3.929726855657582E-4
149.0	33.8965839356209	19.082631563195594	18.297717067213604	28.70750401232447	0.01556342164543508
150.0	23.640500952406956	25.238999468670965	24.537354858433837	26.57975651533097	0.003388205157270224
