# Position (bp)	A	C	G	T	N
0.0	26.307759828423034	24.730886744389423	25.272036938267956	23.67808973551183	0.011226753407755408
1.0	28.480758594671535	19.03840080869237	19.083537454699282	33.37639465411611	0.02090848782069512
2.0	29.525445881471548	20.411761412728925	19.0133294181162	31.043343697850545	0.006119589832785252
3.0	32.21190033464978	19.501241059795802	19.881710899413278	28.404729523130307	4.1818301082497067E-4
4.0	32.13089466316602	19.215049036227825	20.578818886302432	28.07459172961433	6.45684689397636E-4
5.0	33.09624916834539	19.10678599339746	20.12086619789681	27.673988700733048	0.0021099396272892075
6.0	28.290338083940004	19.267187739822997	18.267295490198173	34.16511960225475	0.010059083784082011
7.0	28.365478606389537	21.470119758661312	19.18827623824283	30.972786554680027	0.0033388420262965854
8.0	27.857145190814347	21.171987171293942	19.21240605033422	31.75445851591779	0.004003071639702696
9.0	32.090579517155064	19.153658211146123	19.599222912338266	29.15457216736173	0.0019671919988161765
10.0	29.691729528664084	21.517896375200028	21.603835638588972	27.1860818244922	4.5663305471798315E-4
11.0	28.70300090537226	21.444186545977058	20.47056741945802	29.381811123736345	4.3400545631132814E-4
12.0	29.61323770648001	20.232311589407743	19.986246678919194	30.167314739427752	8.892857652995164E-4
13.0	29.7440742628375	20.207226491805237	19.936753714140277	30.105361022438416	0.006584508778571976
14.0	29.74437229997774	20.31415866589802	20.096919240722034	29.844327517252083	2.2227615012815273E-4
15.0	29.913232300890048	20.333659474149698	20.03269515123808	29.71961968716117	7.933865610044918E-4
16.0	29.950794031813864	20.27230259754022	20.109898057830133	29.663934716050722	0.0030705967650602704
17.0	29.92677165131926	20.287085658072794	20.14894754242204	29.6330062982515	0.004188849934401834
18.0	29.918144730959195	20.24648504082257	20.182512311339167	29.647896326880947	0.004961589998117472
19.0	29.871618948650664	20.261942695477554	20.06815976565366	29.797796191631402	4.823985867219868E-4
20.0	29.77503522666537	20.3547438320604	20.05461526754983	29.815078810428446	5.268632959514069E-4
21.0	29.73158784552431	20.35462667405965	20.05398942434173	29.859175248860087	6.208072142248618E-4
22.0	29.708230383396412	20.249618360066776	20.054253005642632	29.98468458659125	0.003213664302933216
23.0	29.77240110315241	20.17052325388037	20.122502116928597	29.933909955480487	6.63570558136848E-4
24.0	29.779069680675335	20.214169686598645	20.14035411636886	29.86345938763512	0.002947128722037688
25.0	29.79035903758654	20.180979012659247	20.19509165705379	29.831672255409153	0.0018980372912695302
26.0	29.803671693365928	20.193725754048906	20.171860208613783	29.828242384379784	0.0024999595915983406
27.0	29.747590886427083	20.241129007509905	20.157758603397692	29.848162582545974	0.00535892011934826
28.0	29.744483520769275	20.233626180889686	20.204852833499086	29.816771456489132	2.660083528214856E-4
29.0	29.713650950694117	20.25034404936377	20.170793478047262	29.864720727259623	4.907946352334243E-4
30.0	29.689906610612006	20.24025085144537	20.17493402026573	29.894660324098627	2.481935782686334E-4
31.0	29.730550635654847	20.212745818131797	20.16410325967334	29.892410310395956	1.899761440623363E-4
32.0	29.72531036160579	20.254405740215304	20.1893305847481	29.830286855369526	6.66458061286722E-4
33.0	29.788055533214557	20.21688847881812	20.188051363638404	29.794304544972487	0.012700079356427795
34.0	29.696691610097226	20.274847421804658	20.192662593723522	29.835637515464153	1.6085891044187534E-4
35.0	29.67911472286185	20.27230280027126	20.17156486004244	29.876704703517426	3.1291330702582973E-4
36.0	29.715913763664243	20.23902147472437	20.20667893019821	29.837978833484062	4.0699792912053705E-4
37.0	29.746013290683283	20.256209633928155	20.13938360689571	29.85766698289906	7.264855937940447E-4
38.0	29.759222185699425	20.181742876116022	20.16956015789327	29.888210867161547	0.0012639131297382184
39.0	29.733493517379262	20.24961897326608	20.16014639110871	29.855739996143647	0.0010011221022968887
40.0	29.68629384668382	20.254385107237344	20.221848810712796	29.825430992910984	0.01204124245505955
41.0	29.703468719682917	20.22062200168297	20.157296367242072	29.9183494506783	2.634607137365306E-4
42.0	29.66917002820902	20.291846985385448	20.192002594199053	29.84671644437123	2.6394783525461845E-4
43.0	29.694417805396515	20.226834520133416	20.1764580621013	29.901454763938872	8.348484298940836E-4
44.0	29.676434927608508	20.247417728321903	20.204279787835862	29.87046860968076	0.0013989465529636045
45.0	29.675825244291705	20.24682775301008	20.213417300795943	29.85565096340527	0.008278738497004773
46.0	29.715492637319187	20.198167775517213	20.259808170797474	29.82614767573094	3.8374063518668643E-4
47.0	29.710501539936697	20.247630618172654	20.18895632749342	29.852606029971497	3.0548442573808846E-4
48.0	29.704365847006446	20.2256553873128	20.186148605575443	29.883676118797208	1.5404130810228397E-4
49.0	29.70652675964649	20.231735089139487	20.214905114127372	29.84524248321046	0.001590553876185996
50.0	29.70663063666959	20.259986678119205	20.18902125555569	29.83951335763921	0.004848072016305147
51.0	29.717702070730702	20.22796817274288	20.202414811320622	29.85169924668397	2.1569852182632603E-4
52.0	29.68623966309685	20.238909291511984	20.25456260594046	29.82018177999219	1.0665945851887952E-4
53.0	29.733269834163405	20.240948112353678	20.155301667580375	29.870290962485985	1.8942341656022355E-4
54.0	29.69761138614369	20.234077042252853	20.195215416143107	29.872957845491545	1.3830996880637587E-4
55.0	29.66263288518706	20.249604711712	20.20316895500784	29.882837594083846	0.0017558540092572161
56.0	29.684881228066445	20.242766592714105	20.195286063819708	29.876722827177783	3.4328822195833065E-4
57.0	29.70572733775485	20.234293121091962	20.236498431168272	29.823340613209847	1.4049677506778062E-4
58.0	29.711061307236776	20.24808122729009	20.18675563429936	29.853912736224853	1.890949489230381E-4
59.0	29.717566164144877	20.244893196299817	20.1944446617727	29.842877752926732	2.1822485587423597E-4
60.0	29.71846688039948	20.22433622892387	20.190690792371857	29.863246641722906	0.003259456581880354
61.0	29.716898773831097	20.24882957328255	20.21075614052942	29.82282184686304	6.936654938931063E-4
62.0	29.719310237154346	20.231582823340833	20.190846641455053	29.85789270156296	3.6759648681052514E-4
63.0	29.74171676598225	20.252603971777027	20.146358298724586	29.859105384800095	2.1557871604483257E-4
64.0	29.726548829325	20.218533382866053	20.184396083199108	29.869316525517675	0.0012051790921622403
65.0	29.69700344204042	20.215242854081065	20.19069044535754	29.896827034427336	2.3622409363883347E-4
66.0	29.684499750727678	20.236535701666085	20.205581183917797	29.873052147292245	3.312163961953102E-4
67.0	29.709608955977046	20.206396306352108	20.22626893114424	29.857533545931304	1.9226059530872897E-4
68.0	29.686117542334202	20.295249482851567	20.171358303590907	29.847050654602608	2.2401662072054861E-4
69.0	29.684966548141535	20.26738682847513	20.186700961865316	29.860439543031625	5.061184863980515E-4
70.0	29.698213178219145	20.208364741117645	20.173667413296055	29.91966012619113	9.454117602332927E-5
71.0	29.647361862931536	20.26903276333127	20.19383242081477	29.888807005857615	9.659470648090916E-4
72.0	29.698783995611432	20.21432075101702	20.220278099464927	29.86646904700579	1.4810690082894928E-4
73.0	29.677558747325428	20.265935816298462	20.20732165902707	29.8490771707931	1.0660655593582961E-4
74.0	29.726417689300945	20.231298290261037	20.179877884366775	29.86229498958572	1.1114648552503232E-4
75.0	29.68087624424895	20.251965666326548	20.214194099130804	29.852650179271777	3.1381102191800067E-4
76.0	29.668067057859904	20.240744619426753	20.199267753505158	29.891332306525165	5.882626830213256E-4
77.0	29.69370265006246	20.259893851348266	20.197746703913726	29.848487675928588	1.6911874696044437E-4
78.0	29.685838788490486	20.24742047517717	20.20389926774683	29.86222691635078	6.145522347326552E-4
79.0	29.724092452315347	20.258240008524602	20.209460637506776	29.807724536374103	4.823652791665008E-4
80.0	29.745683435496638	20.223152657729973	20.17559947179027	29.855443965841232	1.204691418840651E-4
81.0	29.677205467711016	20.258714638410357	20.22855797409664	29.834797650655315	7.242691266728486E-4
82.0	29.664408693222683	20.23178554356919	20.232642424714744	29.87070594428053	4.5739421285490603E-4
83.0	29.696629795173585	20.25861913530835	20.159844731837556	29.884799109909615	1.0722777088806708E-4
84.0	29.707039487477495	20.250416703569464	20.191686438176333	29.85060644648494	2.5092429177023365E-4
85.0	29.710676377237206	20.234761188079016	20.195098522116815	29.859284730432535	1.7918213442923584E-4
86.0	29.674753244789066	20.25195805921209	20.188031852162037	29.883603140331232	0.0016537035055772926
87.0	29.680570824523528	20.23378246776627	20.216722361863884	29.868800684329504	1.2366151680624806E-4
88.0	29.692496412942326	20.259044314265466	20.202159680859555	29.84617196306079	1.276288718620596E-4
89.0	29.645555662271484	20.263059448943483	20.21022093736116	29.88032590587519	8.380455486902084E-4
90.0	29.6798193953393	20.264532133773542	20.182412549472602	29.868506049172744	0.004729872241806152
91.0	29.636992841776294	20.273843313863296	20.223310774823826	29.861981462395487	0.003871607141092738
92.0	29.650256261803303	20.279537239425505	20.23120366335906	29.83888458721575	1.182481963782224E-4
93.0	29.656242390750347	20.299525192197013	20.22321978199965	29.818899811394672	0.002112823658314788
94.0	29.676795164705204	20.25969281379584	20.208805910693552	29.85451740689797	1.8870390743542566E-4
95.0	29.718445966457423	20.27830916808348	20.169339254598082	29.83311671636765	7.888944933634797E-4
96.0	29.68553091322008	20.26217784456504	20.202217169814467	29.849838461633265	2.3561076714624134E-4
97.0	29.665792078673658	20.300562295250923	20.154570838183936	29.878143151350585	9.316365409011828E-4
98.0	29.655465299135248	20.311417909064964	20.20684507343228	29.824601562615015	0.001670155752490836
99.0	29.664836977828724	20.293844242749348	20.19752562340229	29.843420623669182	3.7253235046222637E-4
100.0	29.64128311990259	20.27730659576548	20.22002913831764	29.857109950375488	0.004271195638805202
101.0	29.64717332329056	20.295270639472292	20.209399233079562	29.847325066204316	8.317379532667295E-4
102.0	29.64079595581981	20.274945951929105	20.222959603980154	29.86096239604147	3.360922294649715E-4
103.0	29.665788638542555	20.286266724495384	20.222703084306804	29.825079598275156	1.619543801068687E-4
104.0	29.62040851931625	20.332862432854863	20.195411066770905	29.85109099347992	2.2698757806247083E-4
105.0	29.656956566511756	20.29246389704474	20.21848564143632	29.82653046609031	0.005563428916867802
106.0	29.666762435540306	20.2648884937421	20.223778311146567	29.84436819684483	2.0256272619617176E-4
107.0	29.649396463292376	20.267803021472037	20.236039481718734	29.84662384776368	1.3718575316807634E-4
108.0	29.627498625851796	20.30054852715843	20.257370058852374	29.814485660088707	9.712804870084279E-5
109.0	29.69040173077953	20.273066184349297	20.210458338897975	29.825995841605057	7.790436813453636E-5
110.0	29.59722968838368	20.303466632407893	20.247047602218164	29.846712823113826	0.005543253876434849
111.0	29.661635961589223	20.273788243677945	20.217490593732823	29.846912902811436	1.7229818858058668E-4
112.0	29.653353183503278	20.254274470296924	20.18045669007321	29.910481767497505	0.0014338886290849169
113.0	29.62913421232441	20.25925583566033	20.256957700046662	29.85425151506303	4.0073690556929274E-4
114.0	29.626267628376972	20.318785207305247	20.21733554397203	29.83750820339197	1.0341695378226076E-4
115.0	29.68063077331874	20.26694463512789	20.270066960301364	29.78223891166366	1.1871958834505108E-4
116.0	29.618997464971297	20.323003626802734	20.256099452513034	29.80182406133845	7.53943744812867E-5
117.0	29.598750479659646	20.286122450370012	20.238904648231077	29.87612929939877	9.312234050156743E-5
118.0	29.60137434083211	20.307652173757585	20.248904816063817	29.841877122696037	1.9154665045245553E-4
119.0	29.63956092059249	20.310176876943956	20.20641313173959	29.843762624282167	8.644644179481832E-5
120.0	29.62246733105733	20.301579293926636	20.255405968019783	29.82032422722398	2.2317977226992935E-4
121.0	29.628669142430063	20.325177378283684	20.26554287732132	29.780172639839414	4.379621255184316E-4
122.0	29.58116341025283	20.34117418724306	20.25256804428595	29.824978077190657	1.162810275027644E-4
123.0	29.585747419871794	20.300443401244603	20.271675697825188	29.841052889844764	0.0010805912136480388
124.0	29.57290664239876	20.273098096800688	20.25467422311982	29.899187790402387	1.3324727834106032E-4
125.0	29.579025093329953	20.30122400211097	20.237872720279952	29.88128006942956	5.981148495570846E-4
126.0	29.606796581426792	20.30433633577486	20.265115608599125	29.821860511334663	0.0018909628645619502
127.0	29.65957815201531	20.279740452114293	20.251878432077426	29.80872180989072	8.115390225219047E-5
128.0	29.6946215304346	20.22109482210276	20.298242895659392	29.785884513365662	1.562384375847054E-4
129.0	29.607263060024845	20.224999034168427	20.367485899457144	29.800101862129047	1.5014422053605494E-4
130.0	29.5674026498932	20.20796230988441	20.39125880169335	29.832627194344596	7.490441844445406E-4
131.0	29.488279502481145	20.26519727136109	20.32803431848414	29.91822230763759	2.66600036036684E-4
132.0	29.38125060267225	20.35690151433284	20.30327155192008	29.94610335498798	0.012472976086857265
133.0	29.389210314503483	20.322538130895207	20.37188107218425	29.91623328390952	1.371985075345572E-4
134.0	29.39466607677203	20.311212463523525	20.322110110971632	29.971912279210557	9.90695222555316E-5
135.0	29.462183873570254	20.234861582972876	20.369338937348605	29.932525103410036	0.0010905026982315005
136.0	29.533775307465355	20.269883463497624	20.41231243531282	29.783849430262116	1.7936346208572836E-4
137.0	29.78439369985019	20.176076060340325	20.310243236864064	29.728938726378416	3.482765669994837E-4
138.0	29.836314052706552	20.183556026064768	20.38554333077759	29.593209034013412	0.0013775564376769243
139.0	29.095823951418758	20.70072335556959	21.46396407005418	28.739322474107116	1.661488503570102E-4
140.0	27.16042020575643	21.66067309910222	21.46937506438667	29.709297673337353	2.3395741732445903E-4
141.0	29.00611480745075	19.78557128221656	19.374526920658937	31.832688291624038	0.001098698049721131
142.0	31.308140459408996	19.47218751755873	21.212020919264887	27.997900003275824	0.009751100491568448
143.0	30.706391507112297	19.41799860302645	21.43859241007931	28.43197086705916	0.005046612722782709
144.0	33.44921289512039	18.65530065130339	19.393198259180515	28.501864382533213	4.238118624887772E-4
145.0	27.528673179501652	20.386982230656596	19.174498359006684	32.909009662565836	8.36568269231209E-4
146.0	27.897791146301763	20.701361956975862	19.28885560622391	32.111782438039185	2.0885245927753155E-4
147.0	28.148717518044524	20.019919638735246	19.686140407773582	32.14469994436405	5.224910826037484E-4
148.0	30.591008763830928	19.29764906402375	20.470511292483202	29.64041725280591	4.136268562008776E-4
149.0	32.81687128915658	19.373714960560417	19.334868237269102	28.458966480306312	0.015579032707584825
150.0	23.370124834178128	25.462919653767262	24.78947437361806	26.374102015480673	0.0033791229558777797
