# Position (bp)	A	C	G	T	N
0.0	26.16379727454422	24.355486184843492	24.97071781325856	24.454803922649074	0.05519480470465474
1.0	28.6659420115357	18.43523679179174	18.967710750648443	33.92549764289427	0.005612803129843871
2.0	30.034391963005397	19.79882509258828	18.857833699748756	31.30437566526586	0.004573579391704012
3.0	32.80133980710803	19.0832663512265	19.579138656223083	28.532561327527244	0.0036938579151478998
4.0	33.10357093574706	18.572295318546164	20.191151384786068	28.131929635087545	0.001052725833168197
5.0	33.70638451998479	18.70881387170566	19.736579024354697	27.846265208642194	0.001957375312658282
6.0	28.51074586749549	18.816357569361127	17.855168524105896	34.8127127462639	0.005015292773594118
7.0	28.51646191050371	21.384095653032375	18.636065942858547	31.44141784908227	0.021958644523096815
8.0	28.32755821014212	20.901542413338415	18.92437969333912	31.845777430311067	7.422528692823815E-4
9.0	32.66261812698594	18.812166360196727	19.300583172919648	29.222297773446552	0.0023345664511350618
10.0	30.062695593068668	21.281967806574237	21.345522633156225	27.29833183325606	0.011482133944812786
11.0	28.92250562247986	21.243297584252478	20.20238676162193	29.61645357659807	0.015356455047665885
12.0	29.96672800393397	19.947088353939808	19.647044396107706	30.43712743575967	0.0020118102588467025
13.0	30.128475406707988	19.885326552459993	19.638749698747976	30.346091524271323	0.0013568178127185409
14.0	30.117988485551923	20.022546465388626	19.80278165260489	30.052403339331917	0.004280057122642123
15.0	30.306216967978227	20.026076744865364	19.735544258917834	29.9315470664549	6.149617836730012E-4
16.0	30.362853992433376	19.948917248294837	19.83264678392467	29.85228656182976	0.0032954135173547416
17.0	30.343708550151426	19.975959817230557	19.89741492325213	29.781047964592	0.0018687447738853541
18.0	30.334310662486807	19.91675128582728	19.946363561719412	29.796992283559547	0.005582206406955252
19.0	30.241386042543215	19.98198981933751	19.79425845979909	29.98156723673621	7.984415839732547E-4
20.0	30.101739384140615	20.09488443494842	19.78108368006313	30.021667762475534	6.247383723013153E-4
21.0	30.02535211280133	20.10516632924084	19.78014916270549	30.087922635089896	0.0014097601624399483
22.0	30.012599588405532	19.972437658162832	19.766882379695303	30.24743614407469	6.44229661639894E-4
23.0	30.094181595848756	19.885815914727946	19.854614885116266	30.16256938925564	0.002818215051390954
24.0	30.108381244428063	19.91691088333186	19.885824364158765	30.086363301360052	0.0025202067212588396
25.0	30.127647211093223	19.905561008551274	19.924800590787118	30.03735162506487	0.0046395645035209035
26.0	30.111058487277457	19.929526269478814	19.896203482314128	30.062211345667677	0.0010004152619231246
27.0	30.054780056877483	19.959525081084507	19.899291110910948	30.085500473375866	9.032777511937287E-4
28.0	30.06059582146744	19.955401607201644	19.95277605786573	30.029596965446093	0.0016295480190956669
29.0	30.033479926145546	19.96424437495837	19.916783226854026	30.083824326246113	0.0016681457959425653
30.0	30.031277741857032	19.9444394740421	19.927544617782903	30.095611742307092	0.0011264240108722625
31.0	30.05514347163051	19.930795507655006	19.914936816910828	30.098132281892088	9.919219115655789E-4
32.0	30.0477197112036	19.966073195911775	19.936050050482827	30.048955753931516	0.0012012884702810752
33.0	30.10169986111505	19.944286361937547	19.929855123667473	30.021245745628693	0.0029129076512389453
34.0	30.001245716293855	19.98444160478627	19.93949924634468	30.07299891408281	0.0018145184923881025
35.0	29.988459308208164	19.997615629995945	19.89841250337814	30.11292330064394	0.002589257773808834
36.0	30.02535224867311	19.950998083429326	19.927548306266296	30.094154334323875	0.0019470273073936807
37.0	30.04156258762049	19.96177781214705	19.885580295654744	30.11072293408969	3.5637048802078194E-4
38.0	30.06172705413231	19.90362260099922	19.90296646350984	30.130783991858006	8.998895006212688E-4
39.0	30.06013975547325	19.955874052575265	19.88788951348358	30.09538519270584	7.11485762063487E-4
40.0	30.006373713866243	19.96646352565299	19.95502633065641	30.069978381313895	0.002158048510465935
41.0	30.02225402881328	19.93998685969642	19.8954117927902	30.14172200168947	6.253170106345116E-4
42.0	29.970796352710792	20.008889372063386	19.927531667130424	30.090864940514074	0.0019176675813172312
43.0	29.99383356426114	19.966912716425487	19.925597829700095	30.111119187529233	0.002536702084044276
44.0	29.964693809679066	19.976406553755805	19.940255129894975	30.11801466382994	6.298428402148589E-4
45.0	29.97700144693709	19.963800854196343	19.963213225968303	30.092084616594406	0.0038998563038558543
46.0	29.995879430656835	19.924531479548424	19.99115112615746	30.087727116603673	7.108470336079885E-4
47.0	30.01129716199481	19.97502729314912	19.916416472941524	30.0964103205906	8.48751323942448E-4
48.0	30.002434063654988	19.9471830477403	19.918265002691818	30.126586065765743	0.005531820147152695
49.0	30.021668196186397	19.953670658524334	19.940979736066577	30.075794626413234	0.00788678280945709
50.0	30.01315270505881	19.979958233437998	19.931104652928138	30.07485061935699	9.337892180627329E-4
51.0	30.023824373770996	19.94260159732941	19.940849688879716	30.08899441941264	0.0037299206072405615
52.0	30.000939889695307	19.956784093706208	19.98502199389436	30.05673256619526	5.214565088629379E-4
53.0	30.0309389563851	19.961144476070817	19.898143977182492	30.107434001675077	0.0023385886865116465
54.0	29.98376794660544	19.977325508053433	19.938791578912102	30.099157947898764	9.570185302673113E-4
55.0	29.955184288751624	19.979843364153094	19.940876720893023	30.12165591995758	0.0024397062446788096
56.0	29.97381957426893	19.98088196924583	19.935870784146378	30.108641877071886	7.857952669806636E-4
57.0	29.98622821058851	19.98056953362806	19.965220488677783	30.06183926155437	0.006142505551275355
58.0	30.001606613231164	19.980385132646596	19.933927005524648	30.081020496791705	0.003060751805887796
59.0	30.01398160710991	19.968588546168906	19.93276948558508	30.083920277912696	7.400832234065203E-4
60.0	30.01195639262156	19.949696847749934	19.941598242258365	30.092740426845477	0.004008090524663898
61.0	30.01332588912732	19.969693946510652	19.949875384289424	30.066118145200317	9.866348722904034E-4
62.0	30.005803967191834	19.96501055480827	19.943793758120723	30.083477092761328	0.001914627117843107
63.0	30.018764874719885	19.995175304591452	19.90676162179434	30.076423565934977	0.002874632959343477
64.0	30.019105216329205	19.957389544506103	19.946616275897878	30.075348759485777	0.001540203781033862
65.0	29.969325425778308	19.97104115307079	19.936155842923114	30.115845036740787	0.007632541487000615
66.0	29.94869211719428	19.971342393640636	19.948212435736863	30.109485407372016	0.02226764605620037
67.0	29.9808050841755	19.952534194420306	19.967321761302248	30.09700555139294	0.0023334087090076164
68.0	29.94901397483818	20.029536947617082	19.91302781133771	30.10390220380049	0.00451906240653907
69.0	29.96379475283249	19.986960062670406	19.929576678938567	30.11614745505799	0.003521050500547125
70.0	29.984232716213775	19.956664787970272	19.907466481285482	30.15127366614762	3.6234838284744013E-4
71.0	29.92672437139971	19.99769542829427	19.936308178950856	30.12651859848739	0.012753422867779444
72.0	29.9786913145616	19.9621631383942	19.96246563915469	30.09076618423114	0.005913723658375054
73.0	29.957617098869115	19.993794186411556	19.952878601653996	30.09001045448338	0.0056996585819539345
74.0	29.991689549849394	19.974771752337762	19.947067468772275	30.084081690749798	0.0023895382907731127
75.0	29.937951298983307	20.006538525384258	19.974371498015135	30.076394890576452	0.004743787040854267
76.0	29.934980089617696	20.001605086018586	19.943294455328843	30.119336786376845	7.835826580372123E-4
77.0	29.966169219696532	20.015280521969743	19.93332267359923	30.083917402836686	0.001310181897817148
78.0	29.94404752115683	19.994559480175763	19.94731827373122	30.112177927860976	0.0018967970752029797
79.0	29.987860939960882	19.994888211918198	19.96028172435871	30.054604558385133	0.0023645653770804857
80.0	30.019381237916594	19.973659856631297	19.914713335624842	30.091652529430817	5.930403964546216E-4
81.0	29.933341304218846	20.012710838995037	19.962966126731747	30.072930884694067	0.01805084536030851
82.0	29.927218037001246	19.981577410945835	19.976164511152575	30.110740710300156	0.004299330600185019
83.0	29.96352716463628	20.004446761805745	19.914379777868458	30.113279763367405	0.0043665323221118175
84.0	29.966982574806046	20.0096330487504	19.948303824933713	30.07143872239158	0.003641829118258406
85.0	29.944080937009392	20.0029913959361	19.96386337429633	30.08756636419777	0.001497928560406749
86.0	29.915824546880216	20.030168134505402	19.927923039467764	30.125459847478353	6.244316682705214E-4
87.0	29.93722698620367	20.004929664315387	19.95860668850921	30.099008978785026	2.276821867149169E-4
88.0	29.943295005216626	20.009468990181205	19.9431293376625	30.099819716348097	0.004286950591571513
89.0	29.91254111587735	20.018979813030082	19.957212370563184	30.110729215415986	5.374851133961819E-4
90.0	29.932099622541596	20.013307030535632	19.941572759805894	30.11283285567269	1.877314441894928E-4
91.0	29.89733512323065	20.01738182099314	19.96953623857143	30.115539421863353	2.0739534142658509E-4
92.0	29.900252540674938	20.032819925468164	19.97846778873144	30.088145207297117	3.1453782833752025E-4
93.0	29.917941245102448	20.04513982249584	19.983068361774038	30.053091956427654	7.586142000209153E-4
94.0	29.92796149752935	20.026530117443762	19.967017598338174	30.078134161308544	3.5662538016397285E-4
95.0	29.958129644341103	20.039220177066454	19.943718626672343	30.05864442722049	2.87124699613398E-4
96.0	29.910268308403232	20.04467835538817	19.95928764524391	30.085539607380067	2.260835846202332E-4
97.0	29.90036718328173	20.061444360018008	19.9140897404915	30.123385078776277	7.136374324826828E-4
98.0	29.893387336461906	20.068577235269256	19.95773194175687	30.07904987374113	0.0012536127708409528
99.0	29.90198525763808	20.068550814912264	19.946788659813638	30.082436678907577	2.385887284417279E-4
100.0	29.892250842605183	20.044291418277925	19.960419682560076	30.101066914540155	0.0019711420166579
101.0	29.897675242334987	20.034122038296758	19.968369421212437	30.09738767176206	0.0024456263937586327
102.0	29.89046710467137	20.03354967842689	19.979126160687628	30.096458467505414	3.9858870870006035E-4
103.0	29.92139316304079	20.02246552724069	19.98437053883845	30.071538484365423	2.3228651464780753E-4
104.0	29.868770406761968	20.08330770034295	19.965748714244867	30.082012445713808	1.6073293641087182E-4
105.0	29.902411159278756	20.058135311855683	19.9761416734723	30.06310173605308	2.101193401774516E-4
106.0	29.902292274885784	20.037857637565544	19.97633066476637	30.08309793049832	4.214922839842052E-4
107.0	29.873078056556096	20.039959128369738	19.99718195801551	30.08930711406372	4.737429949354323E-4
108.0	29.862581350075462	20.06845896783788	20.010487587860272	30.058250975890243	2.2111833613751587E-4
109.0	29.907012150609553	20.03890528135079	19.970106249805355	30.0837471897622	2.2912847209601063E-4
110.0	29.835773052403457	20.067439999898493	20.004745058562325	30.091624462266388	4.174268693409582E-4
111.0	29.889851018577634	20.032371190935198	19.968326923679356	30.109115092865295	3.3577394251778874E-4
112.0	29.892739950065778	20.01170220003285	19.95531392624727	30.139831222710384	4.1270094371936156E-4
113.0	29.862099615715458	20.02442422304219	20.015643727484314	30.097453660001683	3.787737563557865E-4
114.0	29.871873236078315	20.066786570658543	19.988003889088198	30.073010363389706	3.259407852386596E-4
115.0	29.906211662699526	20.026659725929452	20.032753238759994	30.024146642395017	0.010228730216007275
116.0	29.845968124675164	20.083232231156508	20.02907798339157	30.04146107849271	2.6058228404908724E-4
117.0	29.819121020281926	20.059242899386124	20.003116047547056	30.115222657830177	0.0032973749547198753
118.0	29.80744828163031	20.087634302595756	20.014687494621555	30.089361821300663	8.68099851713448E-4
119.0	29.858500799386007	20.084359349649908	19.967153817683634	30.08974552815758	2.4050512287274165E-4
120.0	29.814620793754305	20.08502746020816	20.031425711510487	30.068481411726793	4.446228002571972E-4
121.0	29.848719238977957	20.09356990981464	20.052143029707185	30.005291337213393	2.764842868259432E-4
122.0	29.800659424723108	20.098086035538724	20.032526684892822	30.06848672932192	2.4112552342179467E-4
123.0	29.814174565800894	20.067815926717316	20.05477322044891	30.062980848962827	2.5543807004822495E-4
124.0	29.79005803182075	20.052271319051563	20.019767531119758	30.137558050809083	3.450671988489638E-4
125.0	29.77352157925851	20.075949167238505	20.02555669413458	30.124394047198777	5.785121696323058E-4
126.0	29.80436514311621	20.074150847125296	20.052245581968844	30.068830580845518	4.0784694413102814E-4
127.0	29.879616191685187	20.04364694320115	20.02945446370246	30.0392211510366	0.00806125037459958
128.0	29.933582770772176	19.955525483925502	20.11479500321925	29.994850063737168	0.001246678345909519
129.0	29.810733263100637	19.981871726460156	20.200089704084593	30.005326597575475	0.001978708779143757
130.0	29.734193732391812	19.96774332162897	20.222999523062985	30.07455046012959	5.12962786641139E-4
131.0	29.66126275708857	20.006491236612668	20.134174542236877	30.197071075118593	0.001000388943297281
132.0	29.506163812358434	20.14238727392356	20.082461182305764	30.266688313550848	0.0022994178613926033
133.0	29.51340958932405	20.095887408510247	20.160810176061613	30.22957925708589	3.135690181986271E-4
134.0	29.537359139679708	20.06374206194931	20.117969844507513	30.280220998419736	7.079554437311298E-4
135.0	29.605366513975	19.99223476758442	20.18089724628109	30.21871393217319	0.0027875399862943265
136.0	29.708737058793243	20.0213328683058	20.202869609644925	30.065919473429148	0.0011409898268821047
137.0	29.98686776559703	19.928156562341677	20.09822779657501	29.98623986654239	5.080089438835438E-4
138.0	30.06761387562234	19.906597634170627	20.199031172545606	29.825559087261976	0.0011982303994563341
139.0	29.292188330421865	20.477797534851298	21.37906096001657	28.84496842016488	0.005984754545383134
140.0	27.255194901335045	21.447468820040115	21.33237096955554	29.946954993294618	0.018010315774687178
141.0	29.022338529109	19.55595147626303	19.14138860446071	32.279842854778884	4.785353883755923E-4
142.0	31.38337969953138	19.24509112724944	21.048751711269027	28.321959026672616	8.184352775343182E-4
143.0	31.117085372437685	18.937503482006196	21.456712065362666	28.479093401470283	0.009605678723168296
144.0	34.023123398434116	18.311643732718743	19.056722459042376	28.604104486122434	0.004405923682332145
145.0	27.645766068608204	20.07808786231991	18.968153263982444	33.307738962633884	2.538424555568398E-4
146.0	27.934005640463468	20.401414545104544	18.864209376865922	32.80011490463937	2.555329266952693E-4
147.0	28.222429536909143	19.887270370759403	19.36912462877263	32.518097819903105	0.003077643655715149
148.0	30.78187209646745	19.206055321525767	20.010510146351017	30.001279846851535	2.8258880423280927E-4
149.0	33.05298917386836	19.491401225484253	19.00645811707695	28.447248213981148	0.0019032695892828866
150.0	23.955614918273177	25.303993878814126	24.30644592613736	26.386020940077653	0.04792433669768855
