# Position (bp)	A	C	G	T	N
0.0	26.152190849164526	24.443197477558133	25.716776751909393	23.63606578469494	0.051769136673006005
1.0	28.659473539673368	18.898245679347657	19.507643061641726	32.9288789876505	0.005758731686745874
2.0	29.89737276175095	20.12453488548429	18.734278161196418	31.23913469054634	0.00467950102200177
3.0	32.330807228054795	19.354497682598176	19.82770101876799	28.48314607705877	0.003847993520266029
4.0	32.80020231468066	18.81675912686336	20.422334227545814	27.959445227006018	0.0012591039041454457
5.0	33.36674805379728	18.996226008356885	19.932246905167233	27.702876299441787	0.0019027332368156803
6.0	28.637070197933216	18.980644705204142	18.15942044047027	34.21815948684096	0.004705169551410185
7.0	28.397532428762652	21.591162042699075	18.81982454281945	31.170584825168763	0.02089616055006115
8.0	28.184060245754623	21.08849990483206	19.048573636821224	31.677959631369607	9.065812224895311E-4
9.0	32.21464935046403	19.156003806470327	19.532106952307146	29.09479341890152	0.0024464718569779326
10.0	29.727080685565056	21.51888316809549	21.45267670313619	27.290811513269848	0.010547929933416692
11.0	28.732447258485237	21.474226091869493	20.36894572241405	29.409929115035688	0.014451812195530116
12.0	29.74627010155312	20.210642195427063	19.89980588093328	30.14146665008104	0.0018151720054997715
13.0	29.924917245159893	20.158537259924245	19.858908895890938	30.05617669533348	0.0014599036914416258
14.0	29.913580081156365	20.272437489071944	20.01694783495148	29.792416610202494	0.004617984617712413
15.0	30.094818046187306	20.29406926231656	19.931314986089575	29.679188018906594	6.096864999676544E-4
16.0	30.15749655314363	20.195293839433106	20.036137135838374	29.60779565737594	0.0032768142089523973
17.0	30.12034589008639	20.23482015140788	20.118993159388715	29.523958180019772	0.0018826190972391437
18.0	30.156331748133354	20.147745968570376	20.176334125329003	29.513523539890034	0.006064618077234257
19.0	30.047966945269184	20.199273414834508	20.004978129491274	29.747037271776772	7.442386282634634E-4
20.0	29.895988565258214	20.353393411743088	19.987998910530262	29.76202437689301	5.947355754282054E-4
21.0	29.798348443135687	20.371474854062168	19.98999330785008	29.83858604368883	0.0015973512632355552
22.0	29.790928539259237	20.237292019596463	19.956614855831216	30.014470265709196	6.94319603885136E-4
23.0	29.874093396736434	20.128852981214717	20.058086088242852	29.936376382006575	0.002591151799421907
24.0	29.887115794974257	20.17192406765277	20.0908850375099	29.847830302561878	0.0022447973011932147
25.0	29.890370859470927	20.15926464836361	20.144857124411143	29.801044519279845	0.004462848474470441
26.0	29.900760076242396	20.168292089495708	20.10703089548233	29.822765464801037	0.0011514739785326044
27.0	29.8397973719746	20.20474543138747	20.09661553517591	29.85794987806369	8.91783398331515E-4
28.0	29.844481271035384	20.197572671008494	20.15116794763377	29.805221330660665	0.0015567796616857816
29.0	29.817846572827428	20.21429822253514	20.110804827299262	29.855149070297273	0.0019013070408963706
30.0	29.806548854404397	20.196284624993975	20.12217608980837	29.873960498314577	0.0010299324786830386
31.0	29.81180461516915	20.17432089511543	20.108170255654056	29.904628221447073	0.0010760126142936395
32.0	29.821246753674085	20.20938260714653	20.134983971662116	29.833080168599864	0.0013064989174087734
33.0	29.880681228260165	20.181740466864298	20.128317304167687	29.80637076692048	0.002890233787365015
34.0	29.78756059785301	20.224388142005935	20.132958398807993	29.853361023496085	0.00173183783697972
35.0	29.761798581392252	20.22179037878196	20.106637079349834	29.907389645331396	0.002384315144557992
36.0	29.803999065166536	20.194140350088258	20.138720152948896	29.86113005421145	0.0020103775848607183
37.0	29.823392791478696	20.205378400650503	20.073337415449895	29.897447214469175	4.4417795172411626E-4
38.0	29.856441602123944	20.134701170096918	20.090377792655236	29.9175888792581	8.905558657975412E-4
39.0	29.839940803143794	20.20184065264477	20.077139687925253	29.88028770932867	7.91146957517283E-4
40.0	29.781763489006387	20.208050749461805	20.146713192528253	29.861194908489015	0.002277660514541031
41.0	29.8098470879754	20.17640183354739	20.082966676497268	29.930084991613228	6.994103667211349E-4
42.0	29.77090105618509	20.232379548801376	20.120931841676885	29.87369975006561	0.0020878032710369555
43.0	29.774927190380957	20.180879051972664	20.12207657703234	29.919547150792862	0.002570029821174885
44.0	29.76255094855855	20.20045466433299	20.149942664011107	29.886340354477237	7.113686201138672E-4
45.0	29.764122614044076	20.194886057013655	20.15716370789571	29.880150422122753	0.0036771989238118265
46.0	29.784316591371773	20.16486390582607	20.181121875972394	29.868901714261405	7.959125683572825E-4
47.0	29.800470160526586	20.218336455172068	20.106666193487133	29.873588076498596	9.391143156120894E-4
48.0	29.778880511947374	20.173285429884448	20.114785801422954	29.927474772543462	0.005573484201766309
49.0	29.812785252749435	20.186448273053724	20.12812447906255	29.86494137565028	0.007700619484015441
50.0	29.788940289253247	20.205968404335188	20.116390191640303	29.887728149518367	9.729652528925562E-4
51.0	29.802072824426524	20.18066090811778	20.136203138931997	29.87730324711098	0.0037598814127171487
52.0	29.781091045618446	20.188073291389642	20.185230362799615	29.845015010219004	5.902899732901187E-4
53.0	29.801496761762447	20.203718303884564	20.09123743334881	29.901247464147534	0.0023000368566479523
54.0	29.76884452616803	20.18960592771761	20.131775149304424	29.90884196230379	9.324345061474714E-4
55.0	29.741745860488816	20.184790008639325	20.146881813754177	29.924190245656778	0.0023920714608954377
56.0	29.746514259376568	20.194979536760084	20.136139810190148	29.921478108758908	8.88284914292233E-4
57.0	29.775391307418715	20.174480993270283	20.17065587756053	29.873359643834853	0.0061121779156235526
58.0	29.76039981253767	20.186227308870464	20.140377523564368	29.910265922228234	0.0027294327992642745
59.0	29.79057701641516	20.17208872234417	20.134217374086912	29.902349859758186	7.670273955667024E-4
60.0	29.803445447507528	20.153330095889253	20.133403522090507	29.90600527923763	0.003815655275087033
61.0	29.79792543138985	20.192538027621854	20.140420016645017	29.868162785842813	9.53738500466834E-4
62.0	29.806661435184296	20.167608325593722	20.12729891536182	29.896577609013924	0.0018537148462447646
63.0	29.82033138283674	20.189172827114007	20.09327164753595	29.894251318000304	0.002972824512997525
64.0	29.806856719025394	20.13724975163114	20.140559690586088	29.913849133629437	0.0014847051279416551
65.0	29.763913997764092	20.15751771620076	20.134558563717768	29.93651320469742	0.0074965176199584555
66.0	29.735607428746093	20.156872039554376	20.143485282051408	29.94031554587912	0.023719703769005947
67.0	29.77202128237219	20.15255759898969	20.15041210852293	29.92273984045418	0.002269169661005807
68.0	29.73336727331133	20.22235049529555	20.11089429022688	29.929312249824513	0.004075691341727753
69.0	29.754718026550137	20.19904628163121	20.13250067911345	29.91056814899788	0.00316686370732554
70.0	29.770587205935644	20.13577903864978	20.09778491688294	29.995380994646148	4.6784388548574816E-4
71.0	29.70575805035876	20.187006718021443	20.12943445220181	29.964622088570326	0.013178690847655552
72.0	29.76657215552505	20.159378488764997	20.15207220200851	29.916256916789514	0.005720236911925397
73.0	29.736336190299966	20.19873449819025	20.142203916115644	29.917449091181947	0.005276304212190088
74.0	29.785479317507484	20.172082674982832	20.11811242868493	29.922053147401684	0.0022724314230694992
75.0	29.74110351578268	20.19494556441563	20.152328034043652	29.90700584006153	0.004617045696510629
76.0	29.733124642596	20.19197567047716	20.130452471458536	29.943651489550398	7.957259179064567E-4
77.0	29.74966908825299	20.198303000073604	20.12616987587011	29.924663456475116	0.001194579328181682
78.0	29.734557079216177	20.189749321711954	20.13903540040855	29.934879198903268	0.0017789997600480864
79.0	29.783531346193627	20.193307777614052	20.148170474236817	29.872817427836644	0.0021729741188630026
80.0	29.79772686609326	20.155835148179406	20.10282953382631	29.94308489995235	5.235519486737545E-4
81.0	29.714530928896416	20.20478170437174	20.156867642207583	29.905249619392617	0.018570105131641233
82.0	29.711891371020332	20.176279453418022	20.156680618442692	29.950595038110183	0.0045535190087658125
83.0	29.744501333235945	20.201751696177308	20.096767643078685	29.952784151538204	0.004195175969858824
84.0	29.76010246647306	20.197499180629222	20.122383026233063	29.91671304019518	0.003302286469476834
85.0	29.752097643845453	20.18292906902977	20.13133519977878	29.932175706980974	0.0014623803650239454
86.0	29.714397151293454	20.20673752221303	20.117091610440813	29.961214135415197	5.595806375110815E-4
87.0	29.710852127676446	20.184986489394184	20.151683967813806	29.952278031678663	1.9938343690327305E-4
88.0	29.728603777086892	20.215032736159063	20.12533939923085	29.926951122380892	0.004072965142301491
89.0	29.68948731898075	20.21413552389277	20.12919160237087	29.966688257355163	4.972974004404618E-4
90.0	29.69943520341851	20.21226981927825	20.109518373760803	29.978578848224235	1.9775531819496043E-4
91.0	29.68287861527389	20.212407014273346	20.142892949118636	29.96157103716135	2.503841727824392E-4
92.0	29.69807672924941	20.232593872489186	20.1468578971159	29.9221587999197	3.1270122579811173E-4
93.0	29.69489770588946	20.246728757308556	20.14856565252566	29.909081262116167	7.266221601565275E-4
94.0	29.71683510214726	20.21190896075632	20.13562578442227	29.93532831209341	3.0184058074127733E-4
95.0	29.744832139985643	20.244616377936158	20.10494730816592	29.905320041269608	2.841326426765009E-4
96.0	29.70801496388726	20.22662449744	20.12088918736672	29.944318377220686	1.5297408534008735E-4
97.0	29.694398185477205	20.24851323593999	20.083057471064382	29.973240777114263	7.903304041641656E-4
98.0	29.67135363009616	20.252782773363823	20.135335215317447	29.93928800594969	0.001240375272875426
99.0	29.68163260785439	20.252869100902544	20.120016388178705	29.945224107198015	2.577958663483111E-4
100.0	29.67030917445163	20.225063644272335	20.138955447245834	29.963751019588834	0.0019207144413649969
101.0	29.66809974171553	20.250453003213593	20.135114931105218	29.943649998470267	0.002682325495388382
102.0	29.660246470772428	20.236682950084813	20.145567538195593	29.957089661436388	4.1337951078659744E-4
103.0	29.684394827624992	20.22953209229225	20.162154530482614	29.923681946568053	2.3660303208724987E-4
104.0	29.6496163674896	20.271712952029265	20.13562046397319	29.94287885462967	1.7136187827573808E-4
105.0	29.686628528537696	20.24458593106883	20.144868943205818	29.923711293481198	2.0530370645730799E-4
106.0	29.68309798872677	20.22841709358429	20.152413007991658	29.93567139219726	4.005175000231672E-4
107.0	29.65251173188701	20.219963000305196	20.173454156055005	29.95359800012561	4.731116271795218E-4
108.0	29.640402505088197	20.249455027704304	20.186358129073835	29.9236121369234	1.7220121026573356E-4
109.0	29.69552321897682	20.229612121396194	20.132238768969298	29.94240724387139	2.186467862937565E-4
110.0	29.629373732030075	20.24393133685516	20.179829764510067	29.946507826790004	3.5733981469235587E-4
111.0	29.67688781653336	20.226847629937296	20.128974890686482	29.96696882778621	3.208350566520517E-4
112.0	29.670699175106662	20.21084729075904	20.106883270023186	30.011173539421808	3.9672468929710495E-4
113.0	29.648515457233003	20.21411507834861	20.17114811800122	29.965812734487873	4.086119292958146E-4
114.0	29.66337510523598	20.262587161311526	20.149841767391067	29.923854651957843	3.413141035883835E-4
115.0	29.691146839302622	20.217710525324957	20.205610961156196	29.875562645549604	0.009969028666620477
116.0	29.636373203928862	20.276380906732022	20.186296894396467	29.9006620052572	2.869896854472102E-4
117.0	29.612523311933458	20.232375461615206	20.183702442893743	29.968085130044734	0.003313653512855781
118.0	29.61142904004862	20.26632366532187	20.183942767164027	29.937448030935165	8.564965303201426E-4
119.0	29.662628490990418	20.246963365406693	20.13855715516429	29.951595313414447	2.556750241566128E-4
120.0	29.609089773774784	20.26706337421952	20.186744504547853	29.936720174989045	3.8217246879655763E-4
121.0	29.650119477283997	20.276926666947865	20.1879151985136	29.884742770769186	2.958864853533042E-4
122.0	29.587816644677112	20.288161679245416	20.186657478173128	29.93714065752967	2.235403746709607E-4
123.0	29.597453217937087	20.240470548143488	20.22039036303703	29.941461227122897	2.2464375950232506E-4
124.0	29.56453252378875	20.22878992624806	20.18254159623197	30.02375679922022	3.79154511001445E-4
125.0	29.559242704415944	20.27281384020454	20.19254941566972	29.974704707175714	6.893325340786631E-4
126.0	29.584125219549584	20.26346530778235	20.213320972014692	29.938653828901877	4.346717514941142E-4
127.0	29.659987815996104	20.215195794139305	20.202366770011224	29.914645350918263	0.007804268935107504
128.0	29.708428067992244	20.147662665223407	20.279126201189158	29.86357187103487	0.0012111945603143035
129.0	29.595060617205533	20.167437438610914	20.357972892888725	29.877469539448114	0.0020595118467187975
130.0	29.513794940054133	20.159207423521462	20.366687486485656	29.95986168699274	4.4846294601288744E-4
131.0	29.44573120176792	20.214373359916777	20.255075707405272	30.08376973280776	0.0010499981022665877
132.0	29.278169452023068	20.339207079892944	20.213165309650286	30.167235199522903	0.002222958910805263
133.0	29.29642847171412	20.297348268464233	20.309602687459808	30.096316559048564	3.040133132794826E-4
134.0	29.346926114006	20.245179637508713	20.24519986985655	30.162082912116457	6.114665122833619E-4
135.0	29.397883824391492	20.156336282317852	20.33776888768161	30.105073951693896	0.002937053915152786
136.0	29.463885846727372	20.211040714925016	20.373334061177584	29.950602120528735	0.001137256641294471
137.0	29.69637463441922	20.132162004337857	20.27327923481027	29.89763040250078	5.537239318728277E-4
138.0	29.78920039975857	20.127585627172532	20.37448463334481	29.707557587533973	0.0011717521901118894
139.0	29.162086126608532	20.602646216456343	21.419548543052937	28.809302207274563	0.006416906607623096
140.0	27.408412074955468	21.44619840135329	21.408025472928262	29.720155574325847	0.017208476437128688
141.0	28.975031040965817	19.765949075681274	19.442160196780637	31.816397281924452	4.62404647819241E-4
142.0	31.13234033259357	19.408199907726736	21.09046521186631	28.368198069918986	7.964778943941687E-4
143.0	30.815854128824554	19.17247016841285	21.46180988528872	28.53966326188006	0.010202555593813487
144.0	33.30488120153493	18.671816847319107	19.166114373020427	28.853184102668266	0.004003475457270765
145.0	27.690403182574187	20.230567482108242	19.213671556577378	32.86510704870595	2.5073003424682966E-4
146.0	27.902360573441577	20.555801541798992	19.096952415176556	32.44467886058394	2.0660899893516153E-4
147.0	28.32688057555832	20.079595582641417	19.590984717673614	31.999277994154664	0.003261129971979764
148.0	30.744248019959343	19.14768397856407	20.216203178857647	29.891551170417884	3.1365220105185115E-4
149.0	32.088933096259865	19.998213541534263	19.385865228200295	28.524985768278878	0.0020023657267023006
150.0	23.52580731155895	25.75093175980847	24.079795551135284	26.593073448818576	0.05039192867872101
