# Position (bp)	A	C	G	T	N
0.0	25.530842745898717	25.402250015419586	25.446686218437165	23.570163617029895	0.05005740321463296
1.0	28.26183980625218	18.416223998316784	18.890385646676094	34.42612512516443	0.005425423590509083
2.0	29.835662439255945	20.188409621684492	18.930996422227324	31.04033857815116	0.004592938681078334
3.0	32.950383939235614	19.235690998380413	19.679819732331012	28.12999277164023	0.0041125584127404856
4.0	33.084215654724694	18.671536701759305	20.492398894859413	27.750591706045935	0.0012570426106574871
5.0	33.80301398681023	18.801962650597073	19.98534122048279	27.407748829916205	0.0019333121937022486
6.0	28.07851152310602	18.985713967552993	17.86314606331029	35.06805074725378	0.004577698776921527
7.0	28.12645071032534	21.805553933166387	18.735461781447096	31.31224510330429	0.020288471756895438
8.0	27.853187222503458	21.230546932788673	18.98425929616143	31.931115427722258	8.911208241841798E-4
9.0	32.735915916999375	18.910002163456195	19.435511858749994	28.916031060284286	0.002539000510155342
10.0	29.78495542783477	21.7030627202162	21.733143884278245	26.768787639355534	0.010050328315250392
11.0	28.569889103199703	21.650775824789072	20.441109910846496	29.323997218198077	0.014227942966650942
12.0	29.71131297418929	20.220852818686026	19.826963777983863	30.239019565769887	0.0018508633709321224
13.0	29.856362451127573	20.15316949217857	19.844887584455037	30.144161686338713	0.0014187859001083068
14.0	29.864126946504765	20.29776230311585	20.031086421299012	29.80245245496091	0.004571874119465819
15.0	30.060596889499664	20.303590153267294	19.96438589380399	29.670801494225568	6.255692034834996E-4
16.0	30.130712864527048	20.208916329129327	20.066747318376216	29.5903277570839	0.0032957308835101485
17.0	30.091441450957966	20.26333293060712	20.11880908827215	29.524528146817797	0.001888383344964185
18.0	30.080541666864253	20.20017472226798	20.163991162139666	29.549127842187723	0.006164606540379513
19.0	29.999261075607958	20.25751740777017	20.00791083760891	29.73455485828729	7.558207256696697E-4
20.0	29.869298277584722	20.364657651902675	19.986460153604714	29.778952589325524	6.313275823651073E-4
21.0	29.797641286014436	20.359660250394164	20.002416066815893	29.83866556806753	0.001616828707971113
22.0	29.7694322073109	20.21688879559526	19.998697632681516	30.014263289842724	7.180745695987178E-4
23.0	29.866078416553382	20.126440875041474	20.09346384517479	29.911467813946086	0.002549049284274756
24.0	29.86600321044106	20.150181010394913	20.12453135463251	29.856994253538215	0.00229017099329592
25.0	29.890040300906577	20.134985301840526	20.158347638160375	29.81222643909096	0.00440032000155394
26.0	29.885264819973756	20.16178748256128	20.119739029180984	29.8320945350739	0.0011141332100827262
27.0	29.81314179293864	20.196663856052396	20.131769282204104	29.857461816414926	9.632523899333149E-4
28.0	29.816451842457525	20.195055701294894	20.17543442362428	29.81151491785996	0.0015431147633347432
29.0	29.790366001741443	20.209205299943115	20.13833500856281	29.860209244189473	0.0018844455631636201
30.0	29.790651530884077	20.18012961457193	20.146795870534433	29.88129812547033	0.001124858539228879
31.0	29.816331382534234	20.141382085540375	20.151454458370537	29.889711318899753	0.0011207546551003388
32.0	29.817805534409892	20.186299089585333	20.179798952114258	29.814768283433107	0.0013281404574086834
33.0	29.88046677782707	20.153941402588956	20.15967423402611	29.803084086877863	0.0028334986800070032
34.0	29.76753146027769	20.21571385658944	20.169150709710905	29.84577760541063	0.0018263680113331942
35.0	29.767099504891874	20.21201217871383	20.13323126911125	29.885375363786327	0.0022816834967168626
36.0	29.802620528021905	20.16673713092604	20.16034563150096	29.86832264967888	0.0019740598722150877
37.0	29.809405480683527	20.19187613140137	20.11777649644621	29.880452898988597	4.88992480292241E-4
38.0	29.83758452510987	20.12311627462599	20.12365830500681	29.914655385474028	9.855097833021136E-4
39.0	29.816447555727464	20.18153675747705	20.11917194198154	29.88212690785423	7.16836959718515E-4
40.0	29.772431543861256	20.185075776716054	20.18362799893052	29.856639491529734	0.0022251889624311833
41.0	29.796846362535153	20.168331660479996	20.118080340844692	29.916072369625674	6.692665144798426E-4
42.0	29.757446062169834	20.217239010439574	20.163333952475806	29.859919855670565	0.002061119244218631
43.0	29.760768557941535	20.169718440908113	20.151571781205575	29.91542085054165	0.0025203694031305656
44.0	29.754984462884433	20.18211304204248	20.165428664409287	29.896760465096516	7.13365567278905E-4
45.0	29.737927841745737	20.181463417250217	20.188390556355174	29.888609030061442	0.003609154587431174
46.0	29.767902425210252	20.144752645334027	20.216781429153052	29.869766604584825	7.96895717846242E-4
47.0	29.783112191226692	20.18625506772559	20.13620621238902	29.893497026586836	9.295020718642008E-4
48.0	29.767235832753165	20.17299955197857	20.14774078675521	29.906814626027085	0.005209202485971139
49.0	29.78568439573947	20.17411729616384	20.160630997369317	29.872209282406477	0.007358028320899168
50.0	29.78929089994257	20.1817481429988	20.15703045918635	29.871044539721975	8.859581502993167E-4
51.0	29.782320463017207	20.15395323362485	20.17203915590486	29.887970409984604	0.0037167374684757963
52.0	29.774709375167035	20.1627738127248	20.22239333445916	29.839469984602516	6.534930464824227E-4
53.0	29.80667851285524	20.16838555002012	20.13854729847365	29.88423363845823	0.002155000192761242
54.0	29.757638182762637	20.17125469468813	20.167496130806562	29.902647790452967	9.632012897085101E-4
55.0	29.72517757544424	20.19185785930363	20.165623334410338	29.91490876191293	0.0024324689288581372
56.0	29.7361320034057	20.197012499047045	20.160963854212675	29.90508467773013	8.069656044499903E-4
57.0	29.752783396845494	20.182942307200207	20.202477343976263	29.85604740688598	0.0057495450920512095
58.0	29.768060491790987	20.187770592775664	20.157649052008253	29.88377822853719	0.0027416348879038565
59.0	29.795091948890377	20.17468111730488	20.156326791178824	29.873164957471293	7.351851546240573E-4
60.0	29.791940948439656	20.1602338159593	20.162427200871104	29.881740043826255	0.003657990903683182
61.0	29.78137582820015	20.194734211003475	20.17464990583547	29.848267435691845	9.726192690636133E-4
62.0	29.798197543328435	20.163633966876578	20.162655723879826	29.87381147374689	0.001701292168263126
63.0	29.803940637844654	20.19377661794561	20.13878459191024	29.860525110790583	0.002973041508906008
64.0	29.79209875868632	20.1557700078348	20.171389415152298	29.87936296431198	0.0013788540146083238
65.0	29.742481189405446	20.178036760469634	20.165878057562693	29.906080240975136	0.007523751587088275
66.0	29.73502606343459	20.172103913846318	20.158206150293246	29.91098503242852	0.023678839997324584
67.0	29.767699604563852	20.149256329484512	20.183470070328212	29.897267855409293	0.0023061402141306576
68.0	29.739112767451875	20.225846085639716	20.14944723806306	29.881477616502544	0.004116292342804595
69.0	29.739942703762683	20.202367730843424	20.157524277879023	29.89707133816551	0.003093949349357502
70.0	29.75594094323984	20.1457237756678	20.140791662260835	29.95707769522834	4.6592360318897856E-4
71.0	29.70436474814402	20.207872590279433	20.16032962886964	29.914254074302942	0.013178958403963496
72.0	29.758865635967457	20.162839908804465	20.18768736439566	29.884763207588648	0.005843883243768741
73.0	29.725866655947797	20.194880014915793	20.18831451168696	29.885650672278523	0.005288145170922959
74.0	29.772328691108136	20.183900430409107	20.157753540310225	29.883769249279514	0.0022480888930200174
75.0	29.73223757591524	20.20095496422625	20.185359211100177	29.8768373304428	0.0046109183155330705
76.0	29.725980487354153	20.194376090392467	20.159368772750984	29.91946424015517	8.104093472259185E-4
77.0	29.74000896339713	20.213880340309995	20.159841215413863	29.88503808197544	0.0012313989035742851
78.0	29.732793529740388	20.193092318403654	20.17170546387763	29.900565789258813	0.0018428987195113955
79.0	29.762045178612006	20.195979276461305	20.189120639554748	29.850789248829752	0.002065656542196397
80.0	29.802886007046997	20.171278790371776	20.13463320861556	29.890660950449494	5.41043516174968E-4
81.0	29.727865992720854	20.191013443523794	20.181938720564528	29.88048647012046	0.018695373070373108
82.0	29.707972009964507	20.17160803598092	20.217307180297905	29.89852218507615	0.00459058868052281
83.0	29.74583280606535	20.200843212805676	20.130777400675587	29.918154783989948	0.004391796463434721
84.0	29.755259290440762	20.19480834414701	20.172614830723393	29.87410447569846	0.003213058990379959
85.0	29.739430965483848	20.194137548337835	20.177186833639137	29.88772378657854	0.00152086596063706
86.0	29.71033624317959	20.213308979088236	20.163800506606798	29.91198934359907	5.649275263049929E-4
87.0	29.71829023354578	20.198457367510354	20.189205820292813	29.893828352786457	2.1822586459973372E-4
88.0	29.73194075191776	20.20946411673892	20.159682202799946	29.89451364683563	0.004399281707741926
89.0	29.706428937208102	20.214030770134038	20.16503263688147	29.913961098832765	5.465569436312753E-4
90.0	29.72630491706234	20.20759532898077	20.1611717194103	29.90473376749171	1.9426705487958823E-4
91.0	29.69264707488342	20.209916643655134	20.187806852911855	29.909409453916876	2.1997463271256805E-4
92.0	29.705485762634627	20.218005418812133	20.188865317729217	29.887333399780573	3.101010434492909E-4
93.0	29.709218373237945	20.234221551887583	20.196175234304643	29.859546843657903	8.379969119263516E-4
94.0	29.72772420661489	20.202338950195823	20.180752773973605	29.888838374693368	3.456945223155996E-4
95.0	29.746714593631456	20.22549515850616	20.155590838419812	29.87189353445897	3.058749836008218E-4
96.0	29.710735922548448	20.21735982266444	20.1807350125372	29.890986253451864	1.8298879804635432E-4
97.0	29.700259282257534	20.240701256973907	20.12802005555738	29.930260625377713	7.587798334658775E-4
98.0	29.68398070740148	20.25800798136324	20.170048673554454	29.886748421334293	0.0012142163465343298
99.0	29.702403378209656	20.236520674951304	20.161293907487067	29.899575881254997	2.0615809697522265E-4
100.0	29.686031097584507	20.223658014230494	20.179965458054387	29.908359331334232	0.0019860987963820787
101.0	29.70104106711747	20.216198507306117	20.18301637994603	29.897031787165734	0.002712258464654148
102.0	29.689658607162528	20.212988594631398	20.190282863886654	29.90662139786695	4.4853645246778473E-4
103.0	29.702659552692985	20.22427354468663	20.19235597026633	29.880504526360575	2.0640599347963466E-4
104.0	29.666750247703227	20.26684865273254	20.1751025732489	29.891081332992425	2.1719332290465334E-4
105.0	29.71429887963427	20.23243210375817	20.199259722556192	29.85381096383642	1.983302149487995E-4
106.0	29.706316133340476	20.214241803732858	20.192400486744607	29.88657340565981	4.6817052224737193E-4
107.0	29.684991274534905	20.201958468323642	20.212557529212827	29.900045819760233	4.469081683923965E-4
108.0	29.657724683537996	20.23819511982928	20.2231151116171	29.88078251021887	1.825747967486075E-4
109.0	29.7262456036802	20.202310597538045	20.184727926550103	29.886480292373452	2.35579858198089E-4
110.0	29.645794941234865	20.22661222214214	20.21200984724516	29.915173845609733	4.091437680988E-4
111.0	29.700624628364245	20.201320103867914	20.186241473294327	29.91140777907163	4.060154018799906E-4
112.0	29.693555767307384	20.184363590702375	20.15514165657286	29.96649522028254	4.4376513484460737E-4
113.0	29.669874237510758	20.194207383353906	20.216988504237875	29.918542271696396	3.8760320106734255E-4
114.0	29.68409509565139	20.251822774177512	20.19288172351662	29.870874727409486	3.256792449907301E-4
115.0	29.7056064060527	20.206960298771538	20.228431831942725	29.848921963669365	0.01007949956366901
116.0	29.664482718126706	20.255850543246055	20.220319757238077	29.859065101500164	2.818798889956997E-4
117.0	29.626492214686035	20.227865236247162	20.21236132096646	29.929904501232873	0.0033767268674755367
118.0	29.624268055623748	20.256144463195568	20.210953849164497	29.907693478862246	9.401531539361788E-4
119.0	29.660838830568764	20.253269993462876	20.173837876316565	29.91183605485138	2.172448004134928E-4
120.0	29.641699720109056	20.246801324287837	20.224586911772253	29.88644698781175	4.6505601910379124E-4
121.0	29.66797404130063	20.24583072719586	20.246990464320206	29.83886041446792	3.44352715383524E-4
122.0	29.62308673241759	20.24902863983247	20.235535570898957	29.89213562135941	2.1343549157090333E-4
123.0	29.613250121580702	20.242400906158267	20.254672114871784	29.88947311854343	2.0373884581655364E-4
124.0	29.606156435017265	20.217653215163008	20.21968887189306	29.95615162774955	3.4985017711482435E-4
125.0	29.587750075098064	20.252444668890245	20.224092917062507	29.93500709868968	7.05240259502174E-4
126.0	29.610221788409152	20.24875852786931	20.232294184578116	29.908326074834786	3.9942430864461757E-4
127.0	29.680593110665495	20.211613486653672	20.23045027438982	29.869556027874317	0.007787100416695536
128.0	29.73289327340092	20.137560068860616	20.2981302367977	29.83025680204933	0.001159618891436572
129.0	29.61632344112507	20.148396070915794	20.39090731761913	29.842299787760513	0.0020733825794917275
130.0	29.55132887965352	20.123334516398238	20.42867505024029	29.89616507112778	4.964825801686347E-4
131.0	29.492981823733782	20.178064863848196	20.330172973490168	29.997704444486022	0.0010758944418294493
132.0	29.358941614792794	20.28029581149506	20.293499076027324	30.065025367153375	0.002238130531449117
133.0	29.34452638009765	20.267742691264086	20.35479969341541	30.03262436091042	3.0687431243952575E-4
134.0	29.366452567425195	20.233607217225067	20.30036265341241	30.098941065532557	6.364964047730635E-4
135.0	29.446315034626018	20.140595371724128	20.369244036343108	30.040898760640577	0.002946796666170134
136.0	29.535549969423474	20.185871670017686	20.401032698430473	29.87638732811303	0.001158334015334014
137.0	29.829526704992084	20.071133070418448	20.288242716802152	29.810617306271336	4.8020151598056966E-4
138.0	29.896466723834774	20.061833712696146	20.38687444934254	29.653707521436125	0.0011175926904174165
139.0	29.112350479102577	20.63435232043023	21.56225281472961	28.684410609108784	0.006633776628801691
140.0	27.045945783230092	21.619040160943165	21.552120442838824	29.765538456126787	0.017355156861132363
141.0	28.875892568074836	19.67840446093634	19.28861499620535	32.15664927533863	4.386994448468861E-4
142.0	31.3259068886795	19.33804263122741	21.251139092492455	28.08420538021201	7.060073886295533E-4
143.0	30.939734269753714	19.07420665129204	21.659740691962075	28.315946487988867	0.010371899003298287
144.0	33.96211613328903	18.415362227286565	19.241749264126028	28.376519884766292	0.004252490532078114
145.0	27.486002149902216	20.223783312307315	19.120624690059397	33.16936147179935	2.283759317197936E-4
146.0	27.79482091951489	20.55678145685529	19.042485787383264	32.605681595153435	2.302410931233125E-4
147.0	28.063986238187816	19.94048200211955	19.55785495195471	32.43410171372445	0.003575094013473714
148.0	30.607900091650027	19.30560616903684	20.30064555385262	29.785612180422312	2.3600503820184055E-4
149.0	33.34954039390733	19.418420549899178	19.044529158893667	28.185697558720513	0.0018123385793107586
150.0	23.680560062877216	25.30088452056568	24.886477209946396	26.081678734540258	0.05039947207044549
