# Position (bp)	A	C	G	T	N
0.0	25.23328228334907	24.83768253450461	33.95256066276428	15.95151454037899	0.0249599790030544
1.0	27.72655506820106	18.57184447153565	20.52960102516138	33.15756357488514	0.01443586021677325
2.0	29.985472671026926	19.867641323694947	17.505226983823423	32.6414197289087	2.3929254600866688E-4
3.0	32.78147004973402	19.39084935285892	20.19835173016966	27.628171441589107	0.0011574256482989001
4.0	34.84401051374802	18.202366308499705	20.572300531028862	26.38096033622582	3.6231049760425323E-4
5.0	35.609275814727724	18.249968410750732	20.07498797378024	26.064389891394374	0.001377909346927149
6.0	28.65550765546488	17.48385180248479	17.363615376294923	36.4968807089036	1.444568517984109E-4
7.0	27.346877517769713	22.525143283796947	17.915074290480266	32.21288314049159	2.176746148444634E-5
8.0	27.32263387269972	21.568629784686486	18.62756912172648	32.481135654975766	3.1565911545723235E-5
9.0	33.549276587609405	18.758953088154843	19.234589452730663	28.457174154404193	6.717100899251883E-6
10.0	29.60934515447239	22.497435725667504	22.248707151915433	25.644505260722223	6.707222454773663E-6
11.0	28.079965782818157	22.39658918793646	20.616073689712145	28.90736824706034	3.0924729029148796E-6
12.0	29.82702520021734	20.326439213073733	19.927827284730434	29.91870727217841	1.029800087174637E-6
13.0	30.227922020882637	20.092955932160283	19.87653931940898	29.80256832405409	1.4403494007806981E-5
14.0	30.24276134849267	20.28915808585221	20.052212036866692	29.415753405891632	1.1512289680168188E-4
15.0	30.60136840932966	20.29862200044382	19.823709895919933	29.276028577981577	2.7111632501123116E-4
16.0	30.797455583359472	20.138817988019145	20.042987263601223	29.02024350743725	4.956575829119431E-4
17.0	30.793136877067838	20.207806572579575	20.18675015713735	28.81230485501555	1.5381996816582957E-6
18.0	30.997066344949076	19.867542852243034	20.427951877293715	28.70737795585518	6.096965899741452E-5
19.0	30.64359137716265	20.065810692206252	20.038726058952243	29.25182112931578	5.074236307830668E-5
20.0	30.2996938543346	20.426527681125673	19.944032000408583	29.32973569572927	1.0768401878399002E-5
21.0	30.044667398728798	20.5274442827021	19.881820522787297	29.545900027339073	1.6776844273232159E-4
22.0	30.018771010560158	20.25619974094032	19.790560486907268	29.93429422490016	1.7453669209416443E-4
23.0	30.17796186862846	20.02562379776084	20.078113020804302	29.718296176170938	5.136635453336305E-6
24.0	30.205094873108283	20.09965040256425	20.17909600038031	29.516148443121043	1.0280826111258607E-5
25.0	30.284015444464345	20.059403368860888	20.148951876763448	29.50739986587813	2.2944403318573547E-4
26.0	30.288527863901237	20.05982969222757	20.10438264481523	29.547205738686372	5.406036958541571E-5
27.0	30.230567940525976	20.10477388170337	20.130806916166343	29.53384662398213	4.6376221802175035E-6
28.0	30.24054731871315	20.05679750129611	20.213901746086403	29.488560555957584	1.928779467476263E-4
29.0	30.214051322811404	20.051619579466745	20.135530105184927	29.59877576720997	2.322532696099177E-5
30.0	30.21377440886645	20.062237492384906	20.182518837070518	29.54132079684562	1.484648325066058E-4
31.0	30.206854584871856	20.000088971185736	20.133686776380653	29.659300191227906	6.947633385124656E-5
32.0	30.275685757471404	20.002399266197052	20.212685323864637	29.509194314115362	3.5338351542085893E-5
33.0	30.381073008639692	19.94677951958629	20.177552006465497	29.49455535497029	4.011033822714535E-5
34.0	30.164509656834248	20.05082219533848	20.22133673230475	29.563277638294615	5.377722790649261E-5
35.0	30.14132463692863	20.09043582968482	20.175118957887776	29.592891321645638	2.2925385313702962E-4
36.0	30.256089730855283	19.94910797713965	20.24133218405999	29.55335150641186	1.1860153321659758E-4
37.0	30.246326920666807	20.04283687516716	20.12423148343553	29.586586833539986	1.7887190518854683E-5
38.0	30.312018460869467	19.880618948449094	20.13627521956387	29.671062581203778	2.478991378790584E-5
39.0	30.321365851868325	19.931990425070023	20.125915728337258	29.619247858806773	0.0014801359176185645
40.0	30.213193054930088	19.986521651071183	20.232201203131886	29.567896410003332	1.8768086351519958E-4
41.0	30.286900201624263	19.928466482437955	20.14856581099349	29.63603401925213	3.348569216966747E-5
42.0	30.18624645024874	20.044369686083623	20.23369916738126	29.53553496215718	1.497341292027346E-4
43.0	30.235520814117688	19.958768538437937	20.165705290169768	29.639984522241747	2.0835032857648165E-5
44.0	30.21401206539654	19.95414187485289	20.236947020223816	29.592883353093903	0.0020156864328549325
45.0	30.256041608988827	19.94511282000784	20.221715129802426	29.57712721897508	3.222225831115153E-6
46.0	30.260627362771466	19.903227536527343	20.266682540980014	29.569451251696073	1.1308025111569822E-5
47.0	30.2066599631027	19.973150541217574	20.20048849229888	29.619691284784267	9.718596578286235E-6
48.0	30.24629472021082	19.926453730241164	20.20839432535095	29.618852351783353	4.872413708592273E-6
49.0	30.336219206519477	19.93053992333612	20.200731439414245	29.532328678834514	1.8075189564364754E-4
50.0	30.284553398634845	19.931363571132	20.16917272199403	29.614907042698984	3.2655401394969084E-6
51.0	30.303715682780386	19.88032247448023	20.188960635998008	29.626997932002226	3.274739153381687E-6
52.0	30.251896835576748	19.891166837874316	20.269130193158368	29.587746480428734	5.96529618346808E-5
53.0	30.30519719346632	19.87729727967964	20.1928885077552	29.62451000497791	1.070141209193602E-4
54.0	30.29382738648927	19.874368666264193	20.215780235125532	29.615378667049587	6.450450714236062E-4
55.0	30.255522975510402	19.938665608394714	20.148472364562338	29.656857396169674	4.816553628726049E-4
56.0	30.26491521993705	19.951497334660083	20.141846786202073	29.641665875062717	7.478413807824176E-5
57.0	30.275180886958136	19.95179944071347	20.180687819689915	29.5923107415744	2.1111064080351687E-5
58.0	30.292221789908947	19.987081395800946	20.107077684228475	29.61296088776676	6.58242294875426E-4
59.0	30.32981004074797	19.960910750783476	20.112046127981795	29.596630998736284	6.020817504811888E-4
60.0	30.36973542159013	19.95983881479063	20.1077836663681	29.561698519923553	9.435773275916588E-4
61.0	30.319065614668755	20.016183028885916	20.084488342271932	29.57999646672804	2.665474453552994E-4
62.0	30.306910429758656	19.963053508861236	20.091979700228148	29.63801350136348	4.28597884823195E-5
63.0	30.375853097979554	19.94749758171094	20.06386878127315	29.612759045898812	2.149313754095588E-5
64.0	30.320211941615927	19.91377242516942	20.11411609854548	29.65181897921915	8.055545002350375E-5
65.0	30.307964830715466	19.961529234769078	20.07862406878122	29.651867070686787	1.479504745118832E-5
66.0	30.252693650924396	19.967872948049592	20.115691179134103	29.663633196663646	1.0902522826657708E-4
67.0	30.264489847866134	19.97644436954397	20.117092894244628	29.641630488357603	3.423999876690199E-4
68.0	30.28379357102645	19.986624039588293	20.087265691652377	29.64216792916043	1.4876857244951934E-4
69.0	30.311620528629767	19.956594084569105	20.124767274156692	29.60699967474978	1.843789466277514E-5
70.0	30.33728764214057	19.91688118067682	20.05941702223514	29.6863187873444	9.53676030669042E-5
71.0	30.203148950190567	19.982124159312985	20.143829928296284	29.670884784643945	1.2177556215325241E-5
72.0	30.30692054106885	19.93338667314135	20.121262196431463	29.63831191165967	1.1867769866629305E-4
73.0	30.270158003191455	19.977450705544975	20.10730489980673	29.645062458858185	2.3932598657424408E-5
74.0	30.326061723513366	19.957993355677843	20.04503142255584	29.67089065868836	2.2839564591225672E-5
75.0	30.262261599594968	19.970882020974486	20.10740563760459	29.659429587763736	2.1154062214567063E-5
76.0	30.241775776750497	20.004367333301936	20.079201290540446	29.67464734603029	8.253376829336656E-6
77.0	30.28707140756023	19.971663724319757	20.098451820940305	29.642698292367353	1.1475481235396599E-4
78.0	30.270117437225974	19.96503770219091	20.116550172860805	29.64829231354201	2.374180300154676E-6
79.0	30.33035817444481	19.937781106762014	20.086745620427873	29.64476906262784	3.4603573746317437E-4
80.0	30.381340646827947	19.910983227610306	20.0850969160218	29.622038836513752	5.403730261948694E-4
81.0	30.284861914596146	19.952916633205305	20.152046746374975	29.610167508219533	7.19760404716957E-6
82.0	30.234525507718978	19.926414329526573	20.191517307818398	29.647533826137597	9.028798454183027E-6
83.0	30.30605804372904	19.985566198566467	20.04526631618448	29.66309131725593	1.8124264086912082E-5
84.0	30.306889500347374	19.9726229118513	20.08011950047743	29.64034201563895	2.607168494660625E-5
85.0	30.327239793478288	19.970088437235876	20.070797225456154	29.63169443506699	1.8010876269229035E-4
86.0	30.26071193818243	19.956708211388143	20.10277740316101	29.6795093220299	2.931252385153959E-4
87.0	30.29404069150232	19.927124580667932	20.124793674451702	29.654017761919317	2.329145872297492E-5
88.0	30.294220160219098	19.962422064017492	20.088853900085017	29.654501414682155	2.4609962397023384E-6
89.0	30.251516100462418	19.995431016830665	20.08710156844027	29.665909935262547	4.137900410186362E-5
90.0	30.322164650496074	19.98097290541011	20.059876201798165	29.636946559370404	3.968292524270743E-5
91.0	30.29898088604361	19.964690936745207	20.113165341094444	29.62311491123219	4.792488455253192E-5
92.0	30.295989937248514	19.97372304665773	20.109595359949317	29.620684158155164	7.497989273588988E-6
93.0	30.274691295431545	20.002645017128913	20.11727727183376	29.605309886627523	7.652897825903939E-5
94.0	30.28201941511349	19.974590179829548	20.083224076443244	29.66014995338508	1.6375228639917154E-5
95.0	30.31283808638548	20.022449522449715	20.069915307379574	29.594783173285975	1.3910499253445635E-5
96.0	30.29119837868362	19.982453098497455	20.101899011450445	29.624441893927823	7.61744065344031E-6
97.0	30.29203236986226	19.977496580430202	20.065962149494574	29.66448977831061	1.912190235698863E-5
98.0	30.221977658053078	20.026092909003847	20.0707407271589	29.68102292150699	1.6578427718429603E-4
99.0	30.215567876346267	20.021009254145707	20.09845357958044	29.664955150245277	1.4139682309489329E-5
100.0	30.22846391663473	20.017685645170054	20.09704604712489	29.656802454742355	1.9363279725469485E-6
101.0	30.304609827580897	20.047038859844836	20.049959610222558	29.598391702351705	0.0
102.0	30.283458868743423	19.978759702622295	20.083094007918696	29.654611900121203	7.552059438145268E-5
103.0	30.247027416752353	20.006052133291973	20.062382421126006	29.684434707699452	1.0332113021414906E-4
104.0	30.24151049751173	20.02616451412336	20.075313869533492	29.65695988463846	5.1234192954197594E-5
105.0	30.294646696250688	20.00773110419719	20.087372389723946	29.610235955039204	1.3854788972794003E-5
106.0	30.303240809845118	19.98337703006405	20.08339780794814	29.62997507482242	9.277320275195802E-6
107.0	30.261256905477	20.000909634404845	20.085111055338185	29.652718411068246	3.9937117145322555E-6
108.0	30.25791444935185	19.992160027445387	20.07132267462056	29.678576102863392	2.6745718809446958E-5
109.0	30.276942598530283	20.023828400318873	20.05728206910021	29.64125639007427	6.905419763707687E-4
110.0	30.22820212789201	20.00951948882706	20.087993139898643	29.67412729846223	1.5794492005702244E-4
111.0	30.27617709824157	20.006247232906105	20.066591210807715	29.650977675536133	6.782508474947815E-6
112.0	30.211541716718333	20.028769657119167	20.04445773704047	29.715223393297208	7.495824825572156E-6
113.0	30.241592394866373	20.004652437431524	20.05170473528308	29.701834059088966	2.163733300506669E-4
114.0	30.293367347816357	20.040632961437073	20.041879662546908	29.624119340174772	6.880248950524667E-7
115.0	30.31781414998334	20.01008360961283	20.03376436356954	29.63825767808797	8.019874632075289E-5
116.0	30.217603857975355	20.02876995011686	20.081758413503604	29.67186499915535	2.7792488303236004E-6
117.0	30.243775466852995	20.015465753494112	20.12597921849346	29.61476559394805	1.3967211384651652E-5
118.0	30.26622116936169	20.008930278568087	20.091337857967556	29.633504375310633	6.318792030629966E-6
119.0	30.265680156019698	20.030897455079682	20.021304286793214	29.682117396312208	7.057951947077557E-7
120.0	30.22986869799915	20.068677515815047	20.038342816197268	29.66310742173845	3.5482500839586933E-6
121.0	30.22105271885605	20.101806625493648	20.065981251416108	29.61115940423419	0.0
122.0	30.211946159871573	20.075852476975808	20.027018282244697	29.6851737527781	9.328129825064845E-6
123.0	30.231975455898198	20.07125544071115	20.054845707166525	29.641795702438966	1.2769378516656183E-4
124.0	30.154989646753407	20.092442862716574	20.043882501569566	29.708684988960453	0.0
125.0	30.193633486336964	20.080947534169905	20.066887724162708	29.658531255330423	0.0
126.0	30.222681743702868	20.025104494218287	20.106396767506226	29.645808924841223	8.069731400017408E-6
127.0	30.27027394414354	20.015898884036222	20.08378067347709	29.630046498343148	0.0
128.0	30.22074755219321	20.08945068978576	20.07951815788205	29.61028360013898	0.0
129.0	30.257899208391038	20.0521393076557	20.070956948347735	29.61898213187425	2.2403731278714025E-5
130.0	30.21415519202135	20.030300568341303	20.08900787255116	29.66649655228212	3.981480406815648E-5
131.0	30.235587203605558	20.04852801110098	20.04522565977922	29.67065610207517	3.023439067759449E-6
132.0	30.269557448210193	20.073803423728087	20.090321855190172	29.566297494873943	1.97779976059951E-5
133.0	30.254060139332207	20.140438544278926	20.06268702161304	29.54281276372168	1.5310541454006754E-6
134.0	30.18926897314352	20.096801836762836	20.087500975966318	29.626420509636937	7.704490388101223E-6
135.0	30.153640757350587	20.083390981974365	20.117969308270446	29.64499895240461	0.0
136.0	30.198395471103133	20.051642739347777	20.09528125707233	29.654435310840952	2.452216358049641E-4
137.0	30.21712198507017	20.092226339900368	20.11802106318191	29.57262746605368	3.145793869513084E-6
138.0	30.23494206626302	20.103796891257783	20.068672289828413	29.592584793343185	3.959307598504386E-6
139.0	30.200169531095856	20.127009628697262	20.070538608999136	29.602282231207745	0.0
140.0	30.159776201300275	20.1191733650432	20.035560745324062	29.685463985098615	2.5703233851563806E-5
141.0	30.189597003857227	20.0995890817924	20.08341177324534	29.627401331632502	8.094725317517017E-7
142.0	30.13770851382632	20.086587525507817	20.117295243331686	29.65840300730563	5.710028550061179E-6
143.0	30.150425409675048	20.145597229639925	20.04156960891791	29.662403640718416	4.1110486999104485E-6
144.0	30.39655141730818	20.05968567040832	20.037848358843224	29.505910412880628	4.140559644500824E-6
145.0	30.32710659170902	20.02423131710058	20.23500902762014	29.413649725601438	3.3379688262751953E-6
146.0	30.552508664346067	19.93086044532538	20.143366207692015	29.373262155513668	2.5271228727153493E-6
147.0	30.450722515861806	19.910142011745684	20.135247759443907	29.503887712948607	0.0
148.0	30.349876940592218	20.171970378898372	20.09397661731804	29.38411685153789	5.9211653471263876E-5
149.0	30.30966747352456	20.084874419096163	20.305853023220642	29.299604218536544	8.656220904818498E-7
150.0	30.12184189702492	19.87392348338337	20.563769201000103	29.44046541859161	0.0
