# Position (bp)	A	C	G	T	N
0.0	23.103159400061188	28.70415467683462	28.160192599767715	20.02877711373073	0.0037162096057495983
1.0	27.31585320404572	18.023089933886396	18.655482247677487	35.99899161851145	0.00658299587895357
2.0	29.694596182160772	20.84789654500375	18.672443846865452	30.780853653938266	0.004209772031758641
3.0	34.50990160818188	19.0916162141687	19.84304529433655	26.55168827808121	0.0037486052316622917
4.0	34.18868626047362	18.308534254959312	21.311901626164456	26.18817683919791	0.0027010192046992305
5.0	35.337748954809264	18.58225475633704	20.466068163997726	25.612617776932993	0.0013103479229780502
6.0	26.559508235232858	19.03201644954711	17.152351995988443	37.253534830152226	0.002588489079360216
7.0	26.631582461165188	23.225254853938274	18.51127648607408	31.629946488040854	0.0019397107816042042
8.0	26.12610785273544	22.415856680351244	18.803492001103418	32.65248506986827	0.002058395941624492
9.0	33.7397197342069	18.698958987031627	19.55464942754796	28.00330890190697	0.0033629493065418375
10.0	29.064267397692994	23.155462962087835	23.106135787450285	24.67204854946152	0.0020853033073660564
11.0	27.355885810185576	23.036947388766986	21.038315238539234	28.565867544697664	0.0029840178105376616
12.0	29.07996726089354	20.762624542069915	20.10730285606888	30.04847168293605	0.0016336580316099341
13.0	29.357718314547444	20.62375820392488	20.143480955419154	29.87351450741396	0.0015280186945596992
14.0	29.346479726969655	20.85427700025995	20.45990615480265	29.33414113196427	0.005195986003481161
15.0	29.588623770217115	20.9066720310054	20.334151604534483	29.16966951392715	8.830803158553778E-4
16.0	29.69634109793246	20.807043903802423	20.44155917607261	29.053065832886084	0.001989989306425885
17.0	29.66557502593239	20.85982600059381	20.50624807890925	28.966900026998104	0.0014508675664538478
18.0	29.59512858212391	20.794557036239127	20.575696709858075	29.018139972819274	0.01647769895961723
19.0	29.427132069853528	20.86952479295605	20.41749901792019	29.284767867424904	0.0010762518453234764
20.0	29.3297294906292	20.951661942936866	20.32242407288023	29.39510854117894	0.0010759523747613851
21.0	29.304424099441277	20.900519129752855	20.41346614839847	29.379618506041176	0.0019721163662202164
22.0	29.29443580182095	20.730889615981226	20.392540241722934	29.58120825619076	9.260842841256458E-4
23.0	29.394656888110347	20.54840855787948	20.53283275726765	29.52287723715463	0.0012245595878908977
24.0	29.357782960412564	20.649443530349767	20.558574888243218	29.432526375198204	0.001672245796242822
25.0	29.486044968154353	20.561336129027058	20.551244880856096	29.400388781756458	9.852402060405972E-4
26.0	29.41009305286379	20.651302881885027	20.481585324080534	29.455675448566442	0.0013432926042040582
27.0	29.371031564822225	20.675289852087836	20.49588390038269	29.456824678809323	9.70003897923356E-4
28.0	29.3370705289992	20.681558252430808	20.573053247577775	29.40724366401348	0.0010743069787428968
29.0	29.357324453155805	20.674624552561	20.471248953246736	29.49328116064927	0.003520880387189426
30.0	29.304194454386227	20.670545683377696	20.495320825697373	29.528831344802136	0.0011076917365747388
31.0	29.335456525963856	20.604004549955953	20.480989336078284	29.578573395973823	9.761920280854952E-4
32.0	29.31298963728228	20.627217918445396	20.57081592275202	29.487092938976446	0.001883582543861103
33.0	29.479364494747745	20.556022493454428	20.54781265171387	29.413322894889987	0.0034774651939752763
34.0	29.27120901045603	20.709904420306717	20.57994358604524	29.436849532144034	0.002093451047984629
35.0	29.275523393811692	20.719756888884152	20.518011811473176	29.485459464479558	0.001248441351422538
36.0	29.37332507532529	20.606236201952	20.55693876680923	29.45972547777329	0.003774478140193898
37.0	29.376225265773968	20.641228684478286	20.41829971530736	29.56315737972342	0.0010889547169683992
38.0	29.380258076335974	20.500387584069564	20.46828777135696	29.64948082209391	0.001585746143596241
39.0	29.37951976770262	20.566781246141037	20.46213429398545	29.590621926836153	9.427653347350142E-4
40.0	29.28905603652394	20.57536321923118	20.617024274197703	29.517439302092768	0.001117167954409617
41.0	29.30827082192903	20.586796631814813	20.480602277921076	29.62319308367405	0.001137184661030177
42.0	29.23099687698747	20.70710910022014	20.524852553953536	29.53536781191725	0.00167365692160372
43.0	29.282415986471904	20.549362227110716	20.48996950901601	29.67427915268483	0.003973124716541892
44.0	29.294254795134435	20.585582027038726	20.535769615943	29.583132088984932	0.00126147289891045
45.0	29.304843944542817	20.545321218180586	20.57276256803531	29.572876102067884	0.004196167173400037
46.0	29.3295328010595	20.538013645149153	20.606506556204423	29.52472249000595	0.001224507580974142
47.0	29.304125489715027	20.63674453550865	20.49490926375994	29.56219221107133	0.002028499945054805
48.0	29.313848330785135	20.558511961008605	20.48213028041911	29.63949322736264	0.006016200424503102
49.0	29.325717593528932	20.566574684954713	20.581513722561606	29.52466302962071	0.0015309693340396207
50.0	29.338380087694887	20.59100712150597	20.486354804705403	29.58296278415314	0.0012952019406010675
51.0	29.367451530957904	20.481719384867837	20.5207909901724	29.624816618022354	0.005221475979502535
52.0	29.2945243494809	20.591398236082064	20.57240712496805	29.540558933569027	0.0011113558999596644
53.0	29.37808278249606	20.54359604766696	20.473033920234418	29.603924285539986	0.0013629640625787709
54.0	29.268282621064568	20.493980929599516	20.6032700601577	29.632865748129728	0.001600641048489193
55.0	29.270788037033757	20.639838321440617	20.508555755785242	29.578678490721494	0.0021393950188913556
56.0	29.28519759321299	20.57751220894378	20.540593696351483	29.59569645148924	0.001000050002500125
57.0	29.335762662880267	20.553836874709422	20.57189768334108	29.53647554544731	0.0020272336219209295
58.0	29.296904932037776	20.607935659744108	20.52228292986227	29.570872413303555	0.002004065052288415
59.0	29.29390993167941	20.61452638821917	20.561057804313787	29.529676249248254	8.296265393805094E-4
60.0	29.365457800036943	20.593370881484994	20.499401198624163	29.539386830795838	0.002383289058064582
61.0	29.29963008504672	20.65806139502908	20.502710467126118	29.538827717618403	7.703351796841043E-4
62.0	29.29047425495949	20.62312964098231	20.50365390875876	29.581519893139802	0.0012223021596357608
63.0	29.37876115143091	20.538717740410686	20.47236841467359	29.60720922130963	0.0029434721751843826
64.0	29.304997996357045	20.456558913459517	20.574252256297022	29.663563879115458	6.269547709603605E-4
65.0	29.274937254438182	20.54219173642046	20.55179301191837	29.62964131001345	0.0014366872095417055
66.0	29.257334986493298	20.575918104058463	20.521531656350284	29.605249587958752	0.03996566513920374
67.0	29.19327356924979	20.63276487383286	20.58504585194863	29.58568713174087	0.0032285732278547817
68.0	29.277706700969187	20.569783115470567	20.502859644039965	29.646794376429085	0.002856163091196752
69.0	29.28732418911623	20.573051179528548	20.52714743725066	29.611920240675747	5.569534288119195E-4
70.0	29.33047025236689	20.495368233402836	20.514269342798478	29.659313381479013	5.787899527852096E-4
71.0	29.192069034466606	20.54314781637671	20.61566270633145	29.62815996107287	0.020960481752361832
72.0	29.272845253333347	20.4694034600188	20.614235571932824	29.64274562372878	7.700909862500254E-4
73.0	29.25662355236168	20.540047848975103	20.543260924641928	29.652921350555417	0.007146323465867165
74.0	29.281754493975022	20.492265685086487	20.55686323380202	29.66891198793237	2.0459920410909602E-4
75.0	29.2461500518374	20.517901706098822	20.61050061507715	29.62486665832071	5.809686659235266E-4
76.0	29.21051737031749	20.569209327622545	20.543450344082608	29.676501914927368	3.210430499845144E-4
77.0	29.27114046692237	20.544926763807332	20.54072008451428	29.64287005929324	3.426254627823091E-4
78.0	29.219563111016182	20.54603350791007	20.593127199600683	29.64110346622237	1.7271525069906498E-4
79.0	29.28008588364917	20.51606042041656	20.573356176815363	29.630187916922896	3.0960219600837627E-4
80.0	29.289136062938955	20.527470897467552	20.547261302634134	29.635799945156766	3.3179180259558776E-4
81.0	29.20978277907615	20.480360162799506	20.625314583190566	29.655102608273726	0.02943986666005008
82.0	29.17704437449916	20.478208750834273	20.643622873286027	29.68808956722698	0.013034434153555569
83.0	29.26697686694245	20.49325333452595	20.515374206742113	29.72417498472296	2.2060706652566532E-4
84.0	29.313790280062296	20.49254876044838	20.55377518402347	29.639541579301582	3.441961642779453E-4
85.0	29.274241235843583	20.489433449008285	20.584981830881205	29.6510163338047	3.2715046222270934E-4
86.0	29.22799447832843	20.527912776754786	20.585801935228577	29.658104936542905	1.8587314529579853E-4
87.0	29.308884983352772	20.463930940882886	20.574543737865202	29.652348153152392	2.921847467457402E-4
88.0	29.2407858619272	20.535060943133033	20.60467046115884	29.61258506335837	0.0068976704225571965
89.0	29.146610993846426	20.575078223255602	20.539376299766488	29.73872120999236	2.1327313912254737E-4
90.0	29.232093415062167	20.58401671392716	20.56445097834071	29.61920160149968	2.3729117028769395E-4
91.0	29.204419368609248	20.519391917786333	20.611774914600836	29.66423920321466	1.7459578892416695E-4
92.0	29.170221727575175	20.521147817720845	20.67964297948817	29.62872243313927	2.6504207653399176E-4
93.0	29.23131695040373	20.459012448769336	20.702477610798788	29.606946997855623	2.4599217252907013E-4
94.0	29.198754124397748	20.50836182217121	20.618240059145343	29.67434953601304	2.944582726579412E-4
95.0	29.25407898656871	20.500651618764234	20.57986036675188	29.665317218297105	9.180961806739836E-5
96.0	29.146024747970085	20.531249476585458	20.70074273686718	29.621820198497407	1.6284007987538547E-4
97.0	29.201981524111055	20.49088506928989	20.574742007230803	29.73206116107538	3.302382928756042E-4
98.0	29.093451563835117	20.53990961386932	20.71044541980833	29.6536091640922	0.0025842383950348165
99.0	29.184433349863493	20.506973994869984	20.665750950888913	29.642598851890583	2.428524870280344E-4
100.0	29.162127761477315	20.4624491862525	20.6596742247813	29.712049470757695	0.0036993567311892025
101.0	29.145347649991045	20.563596252212704	20.652317436932417	29.638212497384842	5.261634789929231E-4
102.0	29.12817968172488	20.469378616154827	20.697664111085015	29.7046247553993	1.5283563597200665E-4
103.0	29.127992155206694	20.480713803649593	20.697689179858987	29.693423508731478	1.8135255324964344E-4
104.0	29.102091741028868	20.46183549042396	20.735628691903006	29.700338588991887	1.0548765227472254E-4
105.0	29.186869594147723	20.491078489262744	20.71848981052816	29.603427845038077	1.342610232999265E-4
106.0	29.163851704943305	20.416825029640897	20.686021563632913	29.733164887118324	1.3681466456190986E-4
107.0	29.09660776631961	20.449377637584025	20.762637385938355	29.691126111321598	2.510988364079921E-4
108.0	29.10528726626957	20.500978322046024	20.70689141265832	29.686643719109835	1.992799162568855E-4
109.0	29.216666249983287	20.418290036053772	20.728825749405065	29.636014468022264	2.034965356168358E-4
110.0	29.09662439296861	20.41125865887844	20.82162598993097	29.67028298172926	2.079764927141378E-4
111.0	29.163739883410937	20.427857971554555	20.74189890204215	29.665773763479038	7.294795133277427E-4
112.0	29.132973336258118	20.390551710297256	20.7269016137639	29.749324422083344	2.489175973851207E-4
113.0	29.122804444421774	20.353080792364082	20.79400931532846	29.72981848883538	2.8695905030583457E-4
114.0	29.093412703604372	20.4731144109374	20.77258454896317	29.660463138614507	4.251978805521031E-4
115.0	29.08014680563371	20.4261058713855	20.786333974418195	29.68957495233856	0.017838396224038162
116.0	29.098429298759925	20.47754732599536	20.783689543818742	29.640092094762156	2.4173666381992965E-4
117.0	29.07340918800153	20.38128024122609	20.853446762291792	29.683831468716882	0.008032339763707045
118.0	29.096265723040148	20.43343449197078	20.86294371634962	29.607136370826474	2.1969781298150436E-4
119.0	29.069087701942404	20.453143014123924	20.77872217735978	29.698744804658173	3.023019157250277E-4
120.0	29.00818958278821	20.40869806332184	20.82091096904205	29.76161557778151	5.85807066395373E-4
121.0	28.964292514287077	20.483042067089535	20.88757140506739	29.664689767190477	4.0424636552198923E-4
122.0	28.964752168400715	20.484175538159157	20.90309781113951	29.64763907615732	3.3540614329892064E-4
123.0	28.941724653332457	20.438039833604808	20.861215796652495	29.75884546235916	1.7425405107996127E-4
124.0	28.891622354895574	20.415907986274835	20.876148902059498	29.816094059441856	2.2669732823596837E-4
125.0	28.933056134629282	20.40385190173697	20.881603489828272	29.781252009942833	2.3646386264665492E-4
126.0	29.028051414736044	20.409179563868843	20.937826386251423	29.62454701544499	3.956196986960375E-4
127.0	29.096364276320596	20.358279763641935	20.933831042031365	29.59949862812172	0.012026289884386922
128.0	29.013121142343273	20.410829370648425	20.961345087406155	29.614377392939385	3.2700666276075374E-4
129.0	29.069611034019722	20.35153290512164	20.92630765711027	29.652490920524844	5.748322352121533E-5
130.0	28.953496435858224	20.40953260408036	20.98299504706565	29.65379341725704	1.8249573872450078E-4
131.0	28.847332607441857	20.470075080628266	21.007058044593187	29.67514632058368	3.879467530149929E-4
132.0	28.9208253584222	20.477569440416712	20.748164044267316	29.84481030068522	0.008630856208554628
133.0	29.2655167706361	20.234198327387983	20.64389330421002	29.856243211320106	1.4838644578849588E-4
134.0	29.31650278393535	20.258631402149383	20.869774358933245	29.554770771284378	3.206836976433757E-4
135.0	28.94655286354188	20.44553975732592	20.70324674134233	29.90422414222073	4.364955691334777E-4
136.0	28.795354086154802	20.626014281854918	20.305946685417908	30.272589146633305	9.579993907123875E-5
137.0	27.796887535797588	21.095685161866204	20.56978603801053	30.537535000611015	1.062637146606734E-4
138.0	28.222144728702354	21.164608178697932	20.913457519352814	29.699550723356893	2.3884989000962564E-4
139.0	28.320979468435908	21.378530333479315	21.838304212047166	28.461640260365716	5.457256718906257E-4
140.0	27.851951813993846	22.200687824611105	22.11758100123783	27.809042532827995	0.02073682732922425
141.0	28.16714438305426	21.822673726110978	21.35142508049457	28.65875681034019	0.0
142.0	27.4638566606579	22.411652975549558	23.827141076980777	26.297107323033742	2.4196377802243005E-4
143.0	30.571973463300132	19.596733443087906	22.031654957701022	27.796052095388678	0.0035860405222579014
144.0	32.85013344214929	19.165320178888166	19.840922478502815	28.139016773233905	0.004607127225818341
145.0	26.895630680912134	20.7502790623505	19.548649869770905	32.8047759527986	6.644341678626481E-4
146.0	27.363432863370775	21.17247883154846	19.52665899243876	31.937429312642003	0.0
147.0	27.71686060704695	20.370182005587655	19.97518105622915	31.93608104809179	0.0016952830444571026
148.0	29.843125571456458	19.683785533034033	20.891249482050704	29.581839413458805	0.0
149.0	32.400026283844774	20.105066211080025	19.629881964786563	27.864679700225835	3.4584006280455543E-4
150.0	23.032394805798113	25.886447604323177	25.221929461635057	25.84688863242094	0.012339495822717738
