# Position (bp)	A	C	G	T	N
0.0	26.451181527889588	24.512350349086816	25.299299878023255	23.72607494624401	0.011093298756324197
1.0	28.517794444095685	18.58977764040956	19.04250562350814	33.83233704165941	0.01758525032719837
2.0	29.80014256901173	20.123413236077393	18.83984930067679	31.231522883276412	0.0050720109576745795
3.0	32.55599064145011	19.23468037517897	19.630897474910753	28.578063490398513	3.680180616402361E-4
4.0	32.550724734649584	18.917555047104653	20.344748658575874	28.18642448013008	5.47079539811486E-4
5.0	33.34038841876644	18.924260417480895	19.890275774165815	27.84328807925236	0.0017873103344926513
6.0	28.298657802083895	19.02863309728357	17.967347870259243	34.69745789391921	0.007903336454084402
7.0	28.34117244700229	21.439861597379448	18.825590241971106	31.390347766363806	0.003027947283355411
8.0	28.01404149116362	21.016682444355723	19.03242016993546	31.93340756318391	0.0034483313612891126
9.0	32.38933722484308	18.926867989293903	19.409544162758134	29.27240672578517	0.0018438973197129394
10.0	29.934821405894695	21.342884128601945	21.44243738119641	27.27945277710509	4.0430720185954136E-4
11.0	28.81096421027446	21.322128227718242	20.300621514556447	29.565890707384447	3.953400664054133E-4
12.0	29.78573320698885	20.033489147031023	19.779602717157264	30.400455793731567	7.191350913001106E-4
13.0	29.953385563265357	19.98367827616094	19.73148780768509	30.32641407271182	0.005034280176788516
14.0	29.952189627655972	20.10574613423768	19.900172545316426	30.041676808076883	2.1488471303918142E-4
15.0	30.13152920570089	20.125217809412664	19.832330523318483	29.91021687764291	7.055839250514435E-4
16.0	30.174656000716478	20.06328930202021	19.926821263059814	29.832861141217492	0.00237229298600764
17.0	30.13262047781736	20.093709073011187	19.973161685660028	29.79729120256518	0.003217560946249118
18.0	30.14120290789642	20.043654318490887	20.00779360051704	29.80298554304576	0.00436363004989373
19.0	30.075112275942256	20.066611201055796	19.879427198193927	29.97838312466541	4.662001426069618E-4
20.0	29.961515414419637	20.178487763489755	19.86093424299777	29.998644087616427	4.184914764117799E-4
21.0	29.894416994772083	20.18197796856279	19.864776758741417	30.058339833783776	4.884441399346901E-4
22.0	29.87723511718805	20.06118834113975	19.86203741167794	30.197071902379836	0.0024672276144261634
23.0	29.950451177355404	19.971947039704	19.931535766772555	30.145527118708564	5.388974594804262E-4
24.0	29.971603918075125	20.010168993402072	19.96064271968007	30.054724452773605	0.0028599160691282757
25.0	29.982736862193498	19.9891187865363	20.02166163827379	30.00468480186106	0.0017979111353483128
26.0	30.000446483695757	20.007452228792346	19.98503990410158	30.005164171999844	0.0018972114104706403
27.0	29.922868986400765	20.058306813262885	19.969405379319717	30.045423201371875	0.003995619644765144
28.0	29.93068926482989	20.052187701668338	20.01814926690798	29.998760060003065	2.1370659072451106E-4
29.0	29.89138018482378	20.07448842433599	19.986851926625906	30.046869751506257	4.097127080668069E-4
30.0	29.877635064957353	20.05450727820168	19.98612056109993	30.081490570279207	2.4652546183110536E-4
31.0	29.91759775120901	20.027946494588008	19.971921747772743	30.082351965547034	1.8204088320775307E-4
32.0	29.906483672557233	20.074545298461796	19.99810236887008	30.020218100915507	6.505591953848285E-4
33.0	29.985340012651022	20.031232558743294	19.99719769946168	29.975733080149475	0.010496648994531224
34.0	29.887492516389933	20.091131321810092	20.0057963444062	30.01542410070599	1.557166877857192E-4
35.0	29.863183791741182	20.09977656777189	19.970855659394314	30.065898245684686	2.857354079274711E-4
36.0	29.901419375339056	20.055105229425433	20.01523063186114	30.027922638339604	3.2212503476499425E-4
37.0	29.928503606024044	20.073026585456425	19.950037129522418	30.04768680535782	7.458736392962376E-4
38.0	29.945724234401403	20.001203652768453	19.975205855071785	30.07674222623255	0.0011240315258061078
39.0	29.91312551593566	20.076861681558604	19.966977188049455	30.04225421812052	7.813963357593464E-4
40.0	29.872511206321967	20.078547129299277	20.02431012619479	30.01366548494606	0.01096605323790517
41.0	29.890542227712857	20.042532378821328	19.961866293844782	30.104845890282263	2.1320933877489565E-4
42.0	29.85908802058475	20.118965060498283	19.990198735147175	30.03153457328722	2.136104825655714E-4
43.0	29.873008526599794	20.059763211040263	19.983574378102883	30.082953977157384	6.999070996788107E-4
44.0	29.855235297519727	20.070565399541422	20.01355349290624	30.059390720079854	0.0012550899527575498
45.0	29.860346435747942	20.06669104258417	20.02685217706962	30.039512506111688	0.006597838486577552
46.0	29.905831512874474	20.021602519071628	20.070374059880674	30.001868267660157	3.2364051306370934E-4
47.0	29.911944364341537	20.06549263345826	19.99103895768971	30.031266724043416	2.5732046708125E-4
48.0	29.885538317066107	20.044639751600045	19.997615204983763	30.07205950970924	1.4721664084666272E-4
49.0	29.89136942958364	20.05692385934613	20.030173666589246	30.020013068920854	0.0015199755601241912
50.0	29.886150142800577	20.08833629629644	20.000038629474755	30.022001152917365	0.003473778510858926
51.0	29.898677566383814	20.054006528736835	20.016133649576606	30.030983006193168	1.9924910957530868E-4
52.0	29.870870520880832	20.06382710670476	20.066123195209535	29.99907937235278	9.980485209192066E-5
53.0	29.913689790096438	20.06842115967432	19.964166762948604	30.05355294743032	1.6933985032449418E-4
54.0	29.87212120395672	20.061721535602427	20.003902136450968	30.062109236744973	1.4588724491781664E-4
55.0	29.833769999524268	20.07743727613122	20.020321802483775	30.066844736741338	0.0016261851193908796
56.0	29.85994251045625	20.07004461121921	20.008405497481068	30.061288308331125	3.190725123494139E-4
57.0	29.880208947744162	20.053936981885556	20.05147540865638	30.01425406931299	1.2459240090918918E-4
58.0	29.88567575825931	20.074673731834544	19.998243329255182	30.041223428481008	1.8375216996000042E-4
59.0	29.889378503170548	20.070875641904394	20.004401017327908	30.03516132550736	1.8351208979108628E-4
60.0	29.892432997138652	20.0539910119072	20.002054555695654	30.049250499616086	0.0022709356424039898
61.0	29.888442978196334	20.07581991718052	20.029083058265186	30.00604172699562	6.123193623423464E-4
62.0	29.8974372374645	20.05241964998908	20.01065188949053	30.039199773614296	2.914494415925653E-4
63.0	29.933990529672805	20.078058517235224	19.956067656334294	30.03170847668285	1.748200748258174E-4
64.0	29.914564886186856	20.034060570436278	19.993923268644867	30.056456510259384	9.94764472617212E-4
65.0	29.866526747414994	20.043931945121184	20.004195403765763	30.08514211141669	2.0379228136793392E-4
66.0	29.86181965077874	20.04658324099051	20.013148602353333	30.078178628278092	2.698775993229908E-4
67.0	29.88381117355743	20.03222818781179	20.03963462230175	30.04413984754662	1.8616878240867223E-4
68.0	29.86067368500133	20.125267367397704	19.9782902145745	30.035561433490663	2.0729953579515928E-4
69.0	29.860753806126073	20.097635450682056	19.994097794780586	30.047055288559537	4.5765985174844095E-4
70.0	29.881565937243437	20.033222831633868	19.96896673602305	30.116165197501786	7.929759785694724E-5
71.0	29.817054993177116	20.097930997116936	19.99971087835425	30.0845892876189	7.138437327970007E-4
72.0	29.87717979445271	20.04558887646733	20.031877027320892	30.04522444790269	1.2985385636631567E-4
73.0	29.86131350919009	20.091242163035478	20.008186563927993	30.039177434064623	8.032978180980529E-5
74.0	29.904858183669774	20.050198079109663	19.992874491378835	30.05195873559339	1.1051024833905049E-4
75.0	29.86961371524869	20.076647332420162	20.030190173885	30.02323170785783	3.1707058832405546E-4
76.0	29.854649102250306	20.0664403727942	20.005071480510665	30.07332128811506	5.177563297670229E-4
77.0	29.883802211085385	20.080524252685002	20.007988263623954	30.027513788443684	1.7148416197036557E-4
78.0	29.862875643555924	20.062716152031648	20.022860209828995	30.05102349469136	5.244998920752241E-4
79.0	29.905719364402106	20.078150924211375	20.031951324438623	29.98377659860069	4.01788347207091E-4
80.0	29.931297548073005	20.050540124178276	19.980358966237198	30.037692249086223	1.1111242530057368E-4
81.0	29.861496718757863	20.080075035276277	20.038938416083095	30.018750120180016	7.397097027520966E-4
82.0	29.83901356145255	20.054127999148875	20.042524841498217	30.063891775983514	4.4182191684493473E-4
83.0	29.888022114631273	20.081294425455425	19.959850599447606	30.070740062512975	9.279795272087169E-5
84.0	29.888421589862503	20.073701306016687	20.002347571918058	30.035346051696436	1.834805063093197E-4
85.0	29.881137819820196	20.06343877827729	20.011190507884454	30.04406070219055	1.7219182750501683E-4
86.0	29.848083197859378	20.089011612433154	19.995750838288178	30.0659141325634	0.0012402188558957724
87.0	29.868870589184702	20.056164668374823	20.02081313954531	30.054011956205102	1.396466900600095E-4
88.0	29.87837167446374	20.08005864072709	20.012701365314793	30.02876168788736	1.0663160701610333E-4
89.0	29.818956422028336	20.08995359012472	20.030559038449304	30.05967190411118	8.590452864651399E-4
90.0	29.849214683608906	20.089930200465446	20.001268810169552	30.05598791952125	0.003598386234850253
91.0	29.816843036220114	20.102713830878326	20.029696165470728	30.04693859021502	0.003808377215807275
92.0	29.83288770261112	20.10763785110465	20.034746336522836	30.02461752782145	1.1058193994394243E-4
93.0	29.83580780179783	20.135427714970977	20.032995541108267	29.993877225819144	0.0018917163037815519
94.0	29.850185757448163	20.09110940648737	20.020349179858503	30.03820156380949	1.5409239647102708E-4
95.0	29.885363337828725	20.113644898746205	19.97563506381621	30.02455153648785	8.051631210160483E-4
96.0	29.854428574896115	20.092738435374415	20.01330024922699	30.039299095093835	2.3364540864065196E-4
97.0	29.833059190974975	20.131454271339955	19.95969907747429	30.074941421888155	8.460383226238354E-4
98.0	29.82929259610335	20.15095637881326	20.00704603631121	30.011167417926714	0.001537570845463295
99.0	29.837917193212892	20.131075355892122	20.006000637045386	30.024727623582297	2.7919026730375743E-4
100.0	29.81952595232544	20.107905122763476	20.027827761044644	30.04159291275309	0.0031482511133504292
101.0	29.82430392810812	20.125601729662076	20.02359870461778	30.02563371508802	8.619225240118991E-4
102.0	29.805791132572967	20.110604093027245	20.02793222784289	30.055373838031763	2.9870852512989157E-4
103.0	29.82798927296399	20.113870805190036	20.038917007511138	30.019104038939055	1.188753957827574E-4
104.0	29.791865101255627	20.163076877028562	20.00153887582668	30.04332737573767	1.917701514575809E-4
105.0	29.84018359052922	20.11391105151564	20.026178967360543	30.015504738564974	0.004221652029616357
106.0	29.85469845738094	20.095661369253648	20.02594413102907	30.023522009969415	1.7403236692349537E-4
107.0	29.819245274602963	20.095038306019788	20.047661314762934	30.037919804073532	1.3530054078279556E-4
108.0	29.794647548865573	20.132499491924566	20.07392894414515	29.998851391544413	7.262352030059402E-5
109.0	29.85689491851763	20.10426576229708	20.020848205226773	30.017923476012232	6.763794628700625E-5
110.0	29.779453366127484	20.127312811071295	20.0591907324325	30.029732759622892	0.004310330745830681
111.0	29.8263433561755	20.110948229675806	20.027111568631454	30.03544540014886	1.5144536838416006E-4
112.0	29.837195320832677	20.078788350478778	19.977765701319164	30.105190590838088	0.0010600365312981204
113.0	29.806838672745663	20.090296562460015	20.065856675391323	30.036613404766005	3.94684636994137E-4
114.0	29.813545844259032	20.14555342853437	20.02987302400492	30.010937755625473	8.994757620612856E-5
115.0	29.857106686714197	20.094643973464716	20.081181806338403	29.966977385042103	9.014844057797928E-5
116.0	29.804409570624777	20.15403484547734	20.054989142363222	29.9864976848071	6.875672755930531E-5
117.0	29.770313054463323	20.117201917564515	20.05127391864413	30.061121824033442	8.928529458855748E-5
118.0	29.774234229785268	20.14140044077719	20.051640694935084	30.032512069356837	2.1256514562331393E-4
119.0	29.81330004442887	20.145285662032315	20.013672938677747	30.027650963772874	9.03910881935027E-5
120.0	29.792020403221738	20.134711947609496	20.071518153665295	30.001517296712837	2.3219879063725258E-4
121.0	29.80831103203257	20.163023540958015	20.078818517526297	29.949422472288827	4.24437194290821E-4
122.0	29.763860825724308	20.173897193298167	20.056838102844658	30.005279531816303	1.2434631656719637E-4
123.0	29.763809491675985	20.131400801383457	20.083931785953276	30.02005108975394	8.068312333438945E-4
124.0	29.747042562552245	20.109454799620796	20.05877495467903	30.084624055688085	1.0362745984345674E-4
125.0	29.743111689984104	20.151432328930618	20.040044752627477	30.064812673225354	5.985552324481872E-4
126.0	29.77921720741326	20.13889185178504	20.062960335656406	30.017043235631043	0.001887369514249475
127.0	29.84344676830421	20.108696241682615	20.05974882900497	29.98802731410074	8.084690746733904E-5
128.0	29.897780439573324	20.042620330238414	20.107159984706236	29.952304807572606	1.344379094259242E-4
129.0	29.78711252842227	20.051101301804657	20.198187151841285	29.96345877938141	1.4023855038106846E-4
130.0	29.736003635360532	20.029089461099574	20.2211772796	30.01315211238	5.775115598960237E-4
131.0	29.645577297611304	20.08586130365608	20.140746357267535	30.12753631259602	2.7872886905502413E-4
132.0	29.518165004052587	20.20299674428708	20.11169270138662	30.155603742299952	0.011541807973757867
133.0	29.53466595605587	20.169110371503105	20.176582278719764	30.11951862234327	1.2277137798628944E-4
134.0	29.534841206924522	20.143721724446024	20.124724460200692	30.196619036014233	9.357241452194336E-5
135.0	29.610898127101514	20.05979023382874	20.173136586507326	30.155310066175183	8.649863872335851E-4
136.0	29.706980811724538	20.090552623475038	20.210639547387352	29.991692620703418	1.3439670965818815E-4
137.0	29.99434440312234	19.991114232537896	20.095292987025804	29.91898418480366	2.6419251029667715E-4
138.0	30.04909363487551	19.99811682913999	20.18978560477286	29.761834363894735	0.001169567316896316
139.0	29.239805408299656	20.577193294507786	21.364960835701872	28.81789618813475	1.4427335593209702E-4
140.0	27.182019214126623	21.558797090049058	21.314396780937674	29.944579507600476	2.074072861659354E-4
141.0	29.093276708647366	19.60109119504547	19.12900012746115	32.17551839506044	0.001113573785575454
142.0	31.52291117058943	19.2819423582509	21.080499170951388	28.10597734871537	0.008669951492914626
143.0	31.11530582076467	19.06428001330627	21.421896597888566	28.39417432774497	0.004343240295523094
144.0	34.00295973517825	18.354539224436095	19.152810064397098	28.489277293817267	4.136821712886826E-4
145.0	27.608905143509933	20.20270976891075	18.965125239696302	33.22250869789714	7.511499858770172E-4
146.0	27.944889204138207	20.49819241411803	18.960976152931853	32.595753950638745	1.8827817316675058E-4
147.0	28.24884198216879	19.78977043806215	19.392895197018444	32.56810511734823	3.872654023790511E-4
148.0	30.733212832754596	19.128616008944306	20.192403709777633	29.94540289621353	3.645523099317582E-4
149.0	33.24286879207934	19.36196636566602	18.883548179745535	28.49893390895346	0.01268275355563771
150.0	23.224869846297473	25.65279717487937	24.668785515209382	26.45051014536935	0.0030373182444246066
