# Position (bp)	A	C	G	T	N
0.0	21.536084843480538	29.896384448803058	28.02579920176808	20.491005089790484	0.05072641615783698
1.0	26.832208353375663	17.196119606066848	16.86713136329601	39.1038883915423	6.52285719186763E-4
2.0	30.224021632820573	20.07661249080996	19.12983615427403	30.56928126017931	2.4846191612365096E-4
3.0	37.37926265445328	18.15983120623098	19.49824450715386	24.96184328433295	8.183478289288537E-4
4.0	36.17573923614764	17.353178126198287	21.25508159370112	25.215596276933933	4.0476701902284335E-4
5.0	37.72545063815861	17.599608115679942	20.376135067592784	24.297978929620477	8.272489481815996E-4
6.0	25.514238314333344	18.676088689031975	15.979184212211143	39.83031306583052	1.7571859302320194E-4
7.0	26.48306909989365	23.126033536628146	18.359291086224967	32.01867776481454	0.01292851243869648
8.0	25.514926256406877	22.59181073693549	18.63431632505435	33.25892955487729	1.7126725993445697E-5
9.0	35.76065774609374	17.598108834879554	18.980123622148902	27.661104237454957	5.559422846892087E-6
10.0	30.203635349430964	23.079830311855662	23.76577291713123	22.950757577424024	3.844158120252468E-6
11.0	27.43741530098593	23.255968848565384	21.144460459920438	28.154084696937602	0.008070693590643895
12.0	29.541508847976168	20.53929769948073	19.65749585583991	30.261694611166078	2.9855371113906542E-6
13.0	29.843457455338136	20.365916531669168	19.63409787420153	30.15651066421429	1.7474576877414838E-5
14.0	29.92194615436916	20.585844870010824	20.067972328389306	29.424122498363147	1.1414886756081662E-4
15.0	30.275033020086866	20.529928046872296	20.02516253142619	29.169852565237107	2.3836377535989982E-5
16.0	30.262987082122656	20.476283720669127	20.199429730950254	29.06127393925241	2.552700556163252E-5
17.0	30.191219351437184	20.61106097902391	20.136363378505905	29.061352038506726	4.252526270640178E-6
18.0	30.073776904375997	20.634358834450683	20.135714768606444	29.152396262233143	0.0037532303337265726
19.0	30.03502146632754	20.67591498091005	20.02151759942715	29.26747276856333	7.318477193391228E-5
20.0	29.931703420100565	20.656559656036492	19.947748861766616	29.463978691177083	9.370919244199413E-6
21.0	30.011457341769454	20.525934138144812	20.043681307401318	29.418827421943046	9.979074137407553E-5
22.0	29.994489852728606	20.31929922837401	20.05391014721845	29.63210436650084	1.9640517809272218E-4
23.0	30.072965425756294	20.170717848781937	20.190412237643255	29.565576597127237	3.2789069128117147E-4
24.0	30.061467506537078	20.19607740727506	20.20195830389924	29.540495497969644	1.2843189832234975E-6
25.0	30.18215731158675	20.17553291280272	20.17141669910384	29.468744293769607	0.002148782737087639
26.0	30.10956422116481	20.22093905215542	20.154451844959674	29.515033718368077	1.1163352020569935E-5
27.0	30.071388631728535	20.26905269048498	20.184865202429688	29.47469046532827	3.010028533565484E-6
28.0	30.015824455846303	20.264415337460203	20.264857171308734	29.454686424833287	2.166105514711715E-4
29.0	29.971064208208663	20.26200986737088	20.183398669794997	29.58261596920951	9.112854159507941E-4
30.0	30.02792588744365	20.239970622868565	20.18541441471988	29.546541654967275	1.4742000062366008E-4
31.0	30.100903803008528	20.16693737938155	20.19639990944446	29.535753708207217	5.199958240868687E-6
32.0	30.14113935778728	20.196718193244287	20.22429399590594	29.437626064054307	2.2238900818698202E-4
33.0	30.23312160275901	20.135498023169298	20.19552147347077	29.435807085679222	5.1814921697725747E-5
34.0	30.0057074416525	20.23904322168069	20.24356301687793	29.511624344999582	6.197478930164652E-5
35.0	30.001839442541367	20.309861669650644	20.15849596341199	29.529529033755473	2.738906405250272E-4
36.0	30.080899049612082	20.213081487113328	20.191942231374618	29.51395704523236	1.201866676157612E-4
37.0	30.07670125806466	20.259813123619644	20.10555046103775	29.557925923520916	9.23375703101681E-6
38.0	30.179860931484704	20.106890364911987	20.111965047396005	29.601251920157722	3.173604958302864E-5
39.0	30.14393345634773	20.164709877316657	20.145597468319217	29.545734453029837	2.474498656409092E-5
40.0	30.071119811175233	20.173757312738598	20.266996438047027	29.48671512676645	0.0014113112726924213
41.0	30.09874947514805	20.16389741312764	20.14386114358103	29.593466213441943	2.5754701336449644E-5
42.0	30.016004325011053	20.26315905677567	20.218174073789385	29.502467129789554	1.954146343322128E-4
43.0	30.084352485578076	20.165863839234632	20.163254499836363	29.586503291703742	2.588364718653859E-5
44.0	30.043344169733682	20.192749699588884	20.226268398665358	29.535438794399145	0.002198937612932112
45.0	30.08067601576185	20.182964855542224	20.23507185204921	29.50128413734683	3.1392998893939437E-6
46.0	30.08325451602741	20.127257229191695	20.2986172924584	29.49084623555963	2.4726762863874718E-5
47.0	30.044866895372817	20.22729820138968	20.170499790948355	29.557315282015562	1.9830273589721643E-5
48.0	30.07542321013603	20.183364062121125	20.17070514920768	29.569936917614665	5.706609205012769E-4
49.0	30.12058946127027	20.201818979965296	20.18427233533882	29.488752629782923	0.004566593642688362
50.0	30.09790917530177	20.17768741537152	20.189061421668235	29.53533790102601	4.086632467183388E-6
51.0	30.09736924406909	20.114875295276622	20.223827076359708	29.562921405091068	0.001006979203512227
52.0	30.032696519652465	20.15521794361821	20.27969891880657	29.532316790426698	6.982749605435854E-5
53.0	30.136896349740596	20.11941007769179	20.217537401831038	29.526058710079933	9.746065664286712E-5
54.0	30.046762116660584	20.154481410075515	20.251297169090176	29.54717762429752	2.816798762065573E-4
55.0	30.04560325141818	20.202557312900705	20.194407104725073	29.557041684157582	3.9064679845945467E-4
56.0	30.044685071620457	20.199590656421222	20.21774355732565	29.53797794657825	2.7680544227549133E-6
57.0	30.040328365114792	20.20034205944444	20.27996909700916	29.477155117446042	0.0022053609855628735
58.0	30.088824290873934	20.219907642122585	20.182122200643853	29.509128704020167	1.7162339459533995E-5
59.0	30.137822425024098	20.204233063619256	20.17879313970238	29.47914672050539	4.651148880517534E-6
60.0	30.13140817374747	20.195660029850412	20.15969152506008	29.51222602973444	0.0010142416075995281
61.0	30.118506566654624	20.23679777283417	20.157344906641303	29.48722451129876	1.2624257114485427E-4
62.0	30.098084182998775	20.201708573470594	20.183482948483753	29.516677886011827	4.6409035049701804E-5
63.0	30.179260923126456	20.18495162969915	20.15574231896321	29.479608957896712	4.361703144683625E-4
64.0	30.122666261260928	20.135300396300295	20.231684480414568	29.51027723112748	7.163089673376541E-5
65.0	30.074276458773358	20.202304610695748	20.21520524387584	29.503711223910006	0.004502462745050599
66.0	30.06317345215731	20.21903254367703	20.172744928148123	29.530559052213412	0.014490023804125243
67.0	30.090734602907894	20.192896288145345	20.19154643072635	29.523812066910942	0.0010106113094684593
68.0	30.086429934084585	20.22311969269704	20.182258252022947	29.508017277735348	1.7484346007756398E-4
69.0	30.080769350342102	20.19715092640188	20.19677736223302	29.525277042735336	2.531828765904686E-5
70.0	30.10848177371263	20.148647570424043	20.189201437375385	29.55356959048263	9.962800531350639E-5
71.0	30.022219295259827	20.200120165576404	20.25227901970329	29.517705448502067	0.007676070958406936
72.0	30.129743244357844	20.13070349123531	20.2221253904784	29.514113538673705	0.0033143352547454624
73.0	30.085359220687746	20.17899377567429	20.221801759731893	29.512540493573862	0.0013047503322077426
74.0	30.10927326467097	20.167793189084712	20.1806855880054	29.542232942859027	1.5015379890346363E-5
75.0	30.04939484065212	20.196823017257177	20.226065456215515	29.525708994586193	0.0020076912889932827
76.0	30.031261798068147	20.210326834664215	20.200909447853395	29.55750143229963	4.871146128806402E-7
77.0	30.091181441217802	20.193767798930992	20.203435797656375	29.511480616583434	1.3434561139371158E-4
78.0	30.07192703020226	20.187984588504744	20.21959304765395	29.520491413939244	3.919699795288289E-6
79.0	30.159454056967434	20.145581814405435	20.228382639043645	29.46622866261069	3.528269728024114E-4
80.0	30.183486374659534	20.142137022130555	20.187125403989263	29.486655218881765	5.959803388797447E-4
81.0	30.078749184715374	20.175145865727874	20.25142977826305	29.483674347819022	0.011000823474675505
82.0	30.067390751032452	20.159624041796164	20.26665053310791	29.503452949372814	0.0028817246906553346
83.0	30.12342660174692	20.219056098678518	20.132255192832428	29.52294878235634	0.0023133243857926004
84.0	30.142900613704043	20.211367397190486	20.17294764083922	29.472762889454724	2.145881152797697E-5
85.0	30.152281047639452	20.188805865531194	20.200377924484002	29.458342945430488	1.922169148662574E-4
86.0	30.077304827105323	20.1880865443793	20.23766616747957	29.496606052266895	3.3640876890929844E-4
87.0	30.111239925528956	20.19196676162881	20.248993309733283	29.44777733574744	2.26673615170038E-5
88.0	30.096054929124865	20.226523182862476	20.19173116341496	29.483028642412524	0.0026620821851777417
89.0	30.05758392690608	20.25609671793899	20.194992966307762	29.491279238152252	4.7150694913786095E-5
90.0	30.140012603495197	20.21086780144856	20.168342870619675	29.48074772843133	2.8996005230533425E-5
91.0	30.07554542764182	20.202843195688622	20.254778138216516	29.466793431394382	3.980705865704825E-5
92.0	30.08475694928029	20.212377010232423	20.25572552698197	29.447115424002355	2.5089502961585412E-5
93.0	30.107998574525553	20.20584448634341	20.261145632822046	29.42489879805428	1.1250825471523636E-4
94.0	30.14464150279423	20.19014503926837	20.24731069539259	29.417888328335213	1.4434209604642668E-5
95.0	30.151874756170844	20.245818944603883	20.219575170285196	29.382722853573235	8.27536684533132E-6
96.0	30.098920486736606	20.202818734814027	20.259571171761063	29.438684936047537	4.670640762663326E-6
97.0	30.083378160021113	20.229048960158323	20.194302028057674	29.493020368063767	2.504836991249381E-4
98.0	30.031748382629193	20.275634837655133	20.211871022355616	29.480561801167344	1.839561927140753E-4
99.0	30.07826389994786	20.23618145969946	20.23672368733925	29.448816269866505	1.468314691889684E-5
100.0	30.07722368830234	20.230001976845248	20.226623383909008	29.466145162076995	5.788866401657274E-6
101.0	30.139312529959394	20.239869411539164	20.20367769927649	29.416320677097996	8.196821269542797E-4
102.0	30.090504554590364	20.20225983186253	20.220547467716926	29.48655455883281	1.335869973711033E-4
103.0	30.080685384274254	20.213361641892305	20.222324503067878	29.483509285196952	1.1918556861548569E-4
104.0	30.08407025158995	20.246033212903427	20.239890332222547	29.43000139664817	4.806635900529618E-6
105.0	30.149373907191933	20.22587789660813	20.24934523989365	29.375398131605778	4.824700511004402E-6
106.0	30.14492151226938	20.202549457886025	20.23241795481107	29.42002551199282	8.556304070124067E-5
107.0	30.08217987319747	20.215419656894856	20.276449784400825	29.425793477689687	1.5720781715708744E-4
108.0	30.078333200027913	20.227516905783794	20.245638560281737	29.448475537510145	3.579639641040028E-5
109.0	30.153071923748453	20.21741136976117	20.218914322491507	29.410590403940873	1.1980057995460756E-5
110.0	30.054371905306677	20.212109635569668	20.279102580553737	29.454216815444113	1.9906312580470175E-4
111.0	30.112081889132558	20.22822090950535	20.236786635621858	29.4227957775408	1.1478819943257832E-4
112.0	30.04710409831464	20.232967199740326	20.225652542532714	29.49426623300779	9.926404533852183E-6
113.0	30.088837552157173	20.219941887326716	20.222207959284248	29.46900152561135	1.1075620515792755E-5
114.0	30.12086481449458	20.2693179969393	20.218365639862263	29.391451548703856	0.0
115.0	30.154912454026327	20.23011209540288	20.204194586725244	29.403923434591018	0.006857429254532551
116.0	30.072928720017238	20.26739545452651	20.258265995346132	29.401407586724154	2.243385963971928E-6
117.0	30.088326994765275	20.253525370207456	20.26629045005098	29.390498310733964	0.0013588742423240887
118.0	30.107281833148825	20.26662976633449	20.25634890030816	29.369251606214103	4.878939944228283E-4
119.0	30.0990186140633	20.28350963528221	20.21054686927144	29.40692260684081	2.2745422411238703E-6
120.0	30.093900360324138	20.28305432121147	20.242684510964203	29.380344238377564	1.6569122622962958E-5
121.0	30.077475619690713	20.292043008777313	20.257343084500228	29.373138287031747	0.0
122.0	30.06831974417293	20.2817945763096	20.24104604748761	29.408834439591068	5.192438791401717E-6
123.0	30.082251209220296	20.26925996981456	20.248433430369282	29.400029886344942	2.550425092102226E-5
124.0	30.020524281163176	20.28991118012706	20.246325276629488	29.443238097040027	1.1650402549369046E-6
125.0	30.032434875710994	20.327928469029413	20.257458744408435	29.381984735659273	1.9317519188691827E-4
126.0	30.062735621253818	20.276270845099162	20.283684339322303	29.37728272176163	2.6472563088500523E-5
127.0	30.121978608489673	20.247032963955096	20.298630736680906	29.327500532377215	0.0048571584971070425
128.0	30.074041915937695	20.2860716982156	20.287230992338408	29.352655393508297	0.0
129.0	30.088100255386617	20.272734955930147	20.268209147345313	29.369768005091473	0.0011876362464430684
130.0	30.070011325166163	20.272852506498612	20.279251642036744	29.377876115079104	8.411219372249429E-6
131.0	30.134212011100676	20.28812167343966	20.240932630953157	29.33672583144568	7.853060823182361E-6
132.0	30.12426834274427	20.296135155480957	20.26825130267815	29.311328188968332	1.7010128292088593E-5
133.0	30.096402002889892	20.344877515647088	20.270968462245	29.287749575620403	2.443597612976559E-6
134.0	30.026388328389643	20.302688637322426	20.280147915691273	29.390756688418985	1.8430177671213128E-5
135.0	30.002106971643737	20.307450508568472	20.290112827608475	29.400327220223378	2.471955937978675E-6
136.0	30.034386645739314	20.276604966101328	20.32418059795658	29.364136990660317	6.907995424581565E-4
137.0	30.068324463053504	20.33630578441647	20.29076206513936	29.304606436103647	1.2512870190840227E-6
138.0	30.09611638845508	20.328491118085232	20.258078996718762	29.317305943345644	7.553395281707434E-6
139.0	30.038807558659652	20.348004319791514	20.272054510098357	29.34043239595327	7.012154972045446E-4
140.0	30.009060935214798	20.3450042123287	20.24241509131654	29.391330916816223	0.012188844323732262
141.0	30.028151115850797	20.340070085817278	20.290652714284676	29.341125442138154	6.419090931038365E-7
142.0	30.02150191055985	20.288298602408133	20.312113052356008	29.37806510367204	2.1331003970462583E-5
143.0	30.0449911324834	20.332665147681737	20.250081443020576	29.37216396443035	9.83123839409286E-5
144.0	30.21840538817579	20.260681312533084	20.246837954494666	29.271073984168716	0.003001360627742277
145.0	30.175974167111775	20.253739574329117	20.399206283812248	29.171078654500633	1.3202462253929373E-6
146.0	30.331295217176258	20.169927336803607	20.335709357125463	29.163066090702394	1.99819227541228E-6
147.0	30.251309663345506	20.16375878618967	20.333226747639277	29.24968452768826	0.002020275137286833
148.0	30.164898803371905	20.358385261186708	20.323008608223986	29.153641573876843	6.57533405645739E-5
149.0	30.15018833955891	20.276505933745437	20.467212127451557	29.10605531745651	3.828178758994682E-5
150.0	29.82767875686154	20.28289996964714	20.68381817025315	29.20560310323817	0.0
