# Position (bp)	A	C	G	T	N
0.0	23.33547817616568	28.39144790369576	28.041866134008075	20.228975427345777	0.0022323587847038777
1.0	27.329328847837836	18.472160036773538	18.80215592446093	35.3681769341804	0.028178256747302535
2.0	29.292956474050662	21.01331211982716	18.868093504807305	30.823017046627527	0.002620854687342547
3.0	33.78487917086589	19.37897468858164	19.81905528563206	27.01620963066213	8.812242582854314E-4
4.0	33.340430706783906	18.855450098669778	21.257941262788886	26.544767765098072	0.0014101666593598625
5.0	34.5372195955931	18.9588710707919	20.505980321021163	25.995267469096483	0.0026615434973545514
6.0	26.673160429924998	19.415043365083715	17.43383295211713	36.47648739758817	0.0014758552859845543
7.0	26.635472416639516	23.083587365647116	18.873379092071772	31.4060865929085	0.0014745327330964993
8.0	26.202424501867995	22.363333370396727	19.008725649350648	32.424849337306526	6.671410780999822E-4
9.0	33.11733492433042	18.947878179841556	19.66142426459437	28.271904402406715	0.0014582288269340696
10.0	28.96244106111298	23.04774325660864	22.92051561057405	25.06850906212492	7.910095794035537E-4
11.0	27.488349925569356	22.98027463049609	21.017794001050852	28.51284629114561	7.351517380928998E-4
12.0	28.94502395687762	20.93175339943657	20.201054768084113	29.921252855970366	9.150196313302721E-4
13.0	29.174611709144926	20.7597446869838	20.13886733257209	29.926429830493444	3.4644080573816835E-4
14.0	29.16986347022786	20.902655894471756	20.53077166116925	29.396099509505643	6.094646254957613E-4
15.0	29.45468119181298	20.980423838862645	20.367478946720592	29.196931426461358	4.845961424208679E-4
16.0	29.475416402703082	20.95588291269637	20.445321854717854	29.123018958179724	3.5987170296964744E-4
17.0	29.40432871825142	21.060541782998442	20.470878382061926	29.063905200013174	3.459166750378502E-4
18.0	29.329447822381173	20.953763102049713	20.631186204923818	29.085104917371567	4.979532737246379E-4
19.0	29.220310511819875	20.932555952167938	20.427550422425835	29.417550425191397	0.002032688394953291
20.0	29.098326719310663	20.985079500289817	20.422932501026768	29.49330185918387	3.5942018888083876E-4
21.0	29.140134937106794	21.02012308999534	20.444352367812176	29.394836776739858	5.528283458311698E-4
22.0	29.16716179998972	20.840534644501645	20.39962648063287	29.591889467450255	7.876074255075369E-4
23.0	29.179380728926063	20.71935805083341	20.56231336438125	29.538132792831423	8.150630278569202E-4
24.0	29.163980245620376	20.81955592976687	20.565941208676765	29.432926212784437	0.017596403151551716
25.0	29.221531467250006	20.727353524049462	20.592202209676348	29.45025438744638	0.00865841157780149
26.0	29.329481937989517	20.73463051222444	20.44152332893767	29.493825750823966	5.384700244092604E-4
27.0	29.218391442473628	20.781560240805018	20.48710433609443	29.512074279642555	8.697009843772714E-4
28.0	29.17732002020709	20.75900830644115	20.58499816424614	29.47831463992999	3.5886917562229296E-4
29.0	29.217670992667077	20.814319273900995	20.47410182289316	29.49285904933981	0.0010488611989532364
30.0	29.065938124857677	20.850771772645395	20.541976784105316	29.54025997821526	0.001053340176348549
31.0	29.053381428747777	20.811769468782632	20.428132505195578	29.706201667010184	5.149302638293916E-4
32.0	29.124456529487393	20.755562736757184	20.57903004019019	29.537638084769796	0.0033126087954376015
33.0	29.341572387368426	20.70242703598576	20.538599545168506	29.415899057223392	0.001501974253915345
34.0	29.09709052776817	20.91491262928063	20.617166671342	29.37026631220585	5.63859403349353E-4
35.0	29.04922719627733	20.963535063920368	20.615342078149226	29.371300750522884	5.949111301923348E-4
36.0	29.15747080844278	20.82308072529614	20.622618487983864	29.396161059203465	6.689190737434889E-4
37.0	29.16007170890395	20.84790802314866	20.433562581406136	29.55492543955739	0.0035322469838614924
38.0	29.184559037676244	20.610244137023173	20.526148137409386	29.675198059513185	0.003850628378010441
39.0	29.180730360673024	20.752663349273508	20.470443828743512	29.59510854147167	0.0010539198382796102
40.0	29.098819035923945	20.744295068224726	20.636556161987897	29.51847266680198	0.0018570670614481727
41.0	29.05733049053444	20.744549325787787	20.541603343243473	29.65610861575677	4.0822467753166364E-4
42.0	28.939704016962885	21.011173542074523	20.564609893091106	29.48386783872835	6.447091431331957E-4
43.0	29.10797195525979	20.717039293122912	20.486754891297547	29.68680526048751	0.0014285998322499786
44.0	29.070856327420003	20.80000177636721	20.615141161981004	29.511454607896543	0.00254612633523602
45.0	29.160596660636095	20.714704706793043	20.61659753680023	29.497818666760317	0.01028242901031844
46.0	29.179907488893864	20.73526598102357	20.721638087732817	29.362380641869283	8.078004804617745E-4
47.0	29.19692377464352	20.80473030398356	20.51702588242087	29.480598259187506	7.217797645434112E-4
48.0	29.065173989174653	20.7367482598664	20.535843849915594	29.661629268103916	6.046329394351277E-4
49.0	29.071749750451577	20.714304925764566	20.691830751690464	29.51389379577555	0.008220776317842867
50.0	29.110671384181842	20.716088734388585	20.537432480602284	29.634019768765974	0.0017876320613185298
51.0	29.218860016146454	20.597142298915827	20.593225493701777	29.58992739011134	8.448011245992571E-4
52.0	29.120654832592063	20.759517092161744	20.649102590655648	29.470277586906434	4.4789768410641247E-4
53.0	29.20851501850514	20.71519235138623	20.469518434706632	29.6060287406956	7.454547064049934E-4
54.0	29.05171937217515	20.670227043518157	20.685671862101664	29.591616508746387	7.652134586367769E-4
55.0	29.051322368183367	20.828449490514796	20.563410370030617	29.551429967186234	0.005387804084992217
56.0	29.1117574478371	20.687506023201767	20.62797704152968	29.57119542979198	0.0015640576394736552
57.0	29.20296001833167	20.653752287883524	20.668133497030162	29.474836379977926	3.178167767213195E-4
58.0	29.161638366173886	20.697995516533084	20.59068070013446	29.54866230554685	0.0010231116117253066
59.0	29.12406057190714	20.756999228943837	20.61729858791995	29.501175084445368	4.665267837048307E-4
60.0	29.18686130347182	20.829664524082066	20.564166826367774	29.418190517379795	0.0011168286985481874
61.0	29.12055713217263	20.845744306588173	20.561024853218253	29.470018867285326	0.0026548407356156494
62.0	29.149860617570873	20.720870908233152	20.55552331766572	29.57318782351952	5.57333010735873E-4
63.0	29.27335963174309	20.661752044130658	20.492009862233544	29.572548577174217	3.2988471848627776E-4
64.0	29.149437591181016	20.581343924331293	20.586872058717088	29.68070292635861	0.0016434994119924324
65.0	29.089397864814355	20.741442948085524	20.598803135669577	29.56960408428449	7.519671460540776E-4
66.0	29.030784728287713	20.793166515711658	20.561771328058658	29.6130998442898	0.001177583652178126
67.0	29.03108070985297	20.825569394119743	20.64501017371013	29.497509837522106	8.29884795054022E-4
68.0	29.099162150539982	20.77762268680526	20.54111985158573	29.58154946968951	5.458413795185644E-4
69.0	29.179617176903882	20.690611408407293	20.564808906308578	29.563021005684654	0.0019415026955960876
70.0	29.205574926158175	20.640407294345724	20.58194647529546	29.57186362811166	2.0767608898851185E-4
71.0	29.009382314132125	20.76113352135622	20.629235048135534	29.599307607115854	9.415092602666355E-4
72.0	29.07643652198228	20.630276720218696	20.691136620552484	29.60186911028973	2.8102695680826443E-4
73.0	29.12189431648411	20.686861427570044	20.605028569810173	29.585897063717404	3.186224182733497E-4
74.0	29.181957191999526	20.5841450423021	20.571747319059245	29.661900708329203	2.497383099280968E-4
75.0	29.086062540018197	20.705204693647097	20.64539984404362	29.5621824833447	0.0011504389463848714
76.0	29.08934312796535	20.70122621356074	20.559648732733862	29.6494195105837	3.6241515634680447E-4
77.0	29.136564337015525	20.695135444040723	20.627738623840607	29.5401962016621	3.653934410415759E-4
78.0	29.073214497909433	20.678119107472334	20.630974280368942	29.617249958778213	4.4215547107520235E-4
79.0	29.12918486415146	20.659449352842078	20.60631529822324	29.604548869582274	5.016152009470494E-4
80.0	29.211825337331334	20.65221139430285	20.605134932533733	29.530322338830583	5.059970014992504E-4
81.0	29.114926545586545	20.612874775373463	20.733665007037747	29.534487794779494	0.004045877222751064
82.0	29.087256600265803	20.63302577461476	20.70871844938367	29.56867193119902	0.0023272445367457603
83.0	29.2133473140264	20.645559208151717	20.456542650578474	29.684281326091966	2.6950115144366957E-4
84.0	29.123033114811044	20.677709210844807	20.61045464629577	29.588356218405217	4.468096431622778E-4
85.0	29.159178284079506	20.65524581672127	20.650008934082553	29.53495893754439	6.080275722851618E-4
86.0	29.129493352325085	20.72124564461483	20.583144805453685	29.563739587725525	0.00237660988087441
87.0	29.19123281336476	20.628702673435477	20.64896430652311	29.530540161537022	5.600451396382549E-4
88.0	29.20296044475778	20.687569700522403	20.59514420620059	29.51380027404341	5.253744758126685E-4
89.0	29.004726697715142	20.747319741048514	20.576327142696123	29.665459740166394	0.006166678373826493
90.0	29.099328609444047	20.73304562892323	20.55205562661364	29.6126186502055	0.0029514848135786466
91.0	29.100875175230122	20.647371376030335	20.68156719938293	29.569518606679807	6.676426768048207E-4
92.0	29.057750952248846	20.71002796357457	20.645176942656214	29.586622209048553	4.2193247181754795E-4
93.0	29.17478607947073	20.63276917146685	20.682792220466617	29.509012574877254	6.399537185470747E-4
94.0	29.116084821669453	20.6738682350402	20.59919063292505	29.610446231047323	4.100793179733448E-4
95.0	29.193632329049183	20.649766085868904	20.566644179053238	29.585654984682723	0.004302421345950275
96.0	29.052266761692586	20.682020249894002	20.711398998779313	29.55384976561108	4.642240230184377E-4
97.0	29.086749077611373	20.73958532469736	20.56475568845493	29.60821596317698	6.939460593489532E-4
98.0	29.04632431806223	20.7379045156762	20.65334171555477	29.561908017891042	5.214328157621432E-4
99.0	29.0189816863044	20.665078006520947	20.664595619837026	29.650793388270287	5.512990673398028E-4
100.0	29.058755756076483	20.638514671475193	20.657189320894744	29.644282856206132	0.0012573953474509336
101.0	29.040282013517594	20.721704753111876	20.62926142835324	29.605305245922615	0.0034465590946786305
102.0	29.026904080822124	20.619327952182015	20.69595872615283	29.656684077963735	0.0011251628792965961
103.0	29.04819258665678	20.655607533519145	20.74346765127017	29.552319169372005	4.130591819047034E-4
104.0	29.088771073212467	20.670855516257173	20.70197963713024	29.537777209991383	6.165634087373941E-4
105.0	29.089223170735067	20.66521547623728	20.70673291093058	29.532568274019077	0.006260168078000693
106.0	29.106580436103975	20.54842861769803	20.695029733667855	29.649274258324805	6.869542053428245E-4
107.0	29.03840613778254	20.60410133713169	20.73221316939984	29.624736289784103	5.430659018229947E-4
108.0	29.039950006953703	20.638405101940755	20.736966277040242	29.58423168422356	4.4692984174214304E-4
109.0	29.170366930660443	20.643781737565508	20.664699374503808	29.520804221617812	3.477356524269809E-4
110.0	29.029369910341963	20.60201535890173	20.788759823962437	29.5728022943047	0.007052612489169202
111.0	29.07015417680416	20.63296788891703	20.71099803412855	29.58513094390401	7.489562462534851E-4
112.0	29.069676719020322	20.610971652136552	20.66366452955211	29.65356694596153	0.0021201533294887887
113.0	28.98657120374934	20.58300979129016	20.74237406360159	29.686056130581278	0.001988810777625014
114.0	29.064961156694757	20.691404363836117	20.73963134589156	29.503297372864562	7.05760713006523E-4
115.0	29.122080734196025	20.652804067557366	20.6929839196571	29.53141110200221	7.201765872992058E-4
116.0	29.02142694890143	20.68028424573443	20.754193531971822	29.543574137819512	5.211355728061648E-4
117.0	28.980571188563065	20.669202426681586	20.7983099112484	29.55128958598781	6.268875191396596E-4
118.0	29.02859686498902	20.629324093634054	20.752698965633027	29.587808625593663	0.0015714501502338415
119.0	29.01962754852205	20.656399504343888	20.753645578292286	29.569670522682046	6.56846159732506E-4
120.0	28.933209778590708	20.674557750065446	20.839230111286753	29.550983491713556	0.0020188683435387127
121.0	28.926796511431295	20.735375210236853	20.838759635352506	29.496066491782734	0.003002151196616058
122.0	29.00363505480923	20.67000355322091	20.772632476155692	29.552914119394597	8.147964195719768E-4
123.0	28.95634638775615	20.663590826068166	20.81012588180428	29.56895393629566	9.829680757453356E-4
124.0	28.872057718570282	20.655881266710168	20.81840389964424	29.65294544648215	7.116685931660337E-4
125.0	28.945358900390296	20.684132175308147	20.756405905311386	29.610014963824565	0.004088055165604801
126.0	28.99449183632749	20.68657682214967	20.871480685654685	29.42292664817628	0.02452400769187353
127.0	29.078272750861355	20.645419281944157	20.85583210985972	29.419942127234687	5.337301000784994E-4
128.0	29.00553319001079	20.672288318646522	20.81041637562679	29.51104026604831	7.218496675882281E-4
129.0	29.012131151579567	20.606548780638022	20.90085326304046	29.47963096241525	8.358423267034906E-4
130.0	28.942823371392645	20.589786212542	20.945482303537375	29.52040150605861	0.0015066064693681795
131.0	28.91580961276779	20.679311623041517	20.887861800622424	29.514359064172606	0.002657899395660125
132.0	28.75569152843353	20.791682021324217	20.78896146454991	29.66114228759253	0.002522698099814755
133.0	28.99423108313893	20.676256733330163	20.743254272449082	29.585121484049733	0.0011364270320865007
134.0	29.120132389803604	20.616304821033104	20.790607246286676	29.47225249244897	7.030504276439428E-4
135.0	28.89979011883804	20.705000871429764	20.784763660867924	29.608515146130536	0.0019302027337347778
136.0	28.87104942637943	20.81704233377799	20.599516755986887	29.7118533502108	5.381336448927828E-4
137.0	28.515673629564564	20.99498557602682	20.744991105479844	29.743338588946784	0.0010110999819897815
138.0	28.824359709384	20.952380952380953	20.94909526156446	29.272487703805034	0.0016763728655582487
139.0	28.404459422200823	21.428040817084547	21.95646863361624	28.210102556996347	9.285701020427114E-4
140.0	27.119630827043512	22.21050876036042	22.068136646627977	28.6001172026213	0.0016065633467927643
141.0	28.36628292695775	20.944022731350927	20.43500377813227	30.25279738181196	0.001893181747093966
142.0	29.692139327089368	20.814331927980028	22.46909307886538	27.020689642870206	0.0037460231950188594
143.0	30.331191685597013	19.90776940401096	22.11057921984225	27.647924811590247	0.0025348789595296827
144.0	32.84544390238148	19.197744633625838	19.912671396146887	28.043255379153	8.846886927938173E-4
145.0	27.008511439414207	20.91099154801185	19.778147696758914	32.300466692428884	0.0018826233861458735
146.0	27.32696980944444	21.208822761419878	19.793087096106152	31.66781885066395	0.0033014823655821463
147.0	27.716655476523417	20.50431367401851	20.25988055994467	31.51743390663887	0.00171638287453746
148.0	30.061539088528665	19.753130444528217	21.052073887660598	29.129792458405078	0.0034641208774414413
149.0	32.09967488374007	20.132927280958064	19.849890942014074	27.844561504588665	0.07294538869912341
150.0	22.139233981356345	26.57468291922237	25.4764875073639	25.807429739751186	0.0021658523061995356
