# Position (bp)	A	C	G	T	N
0.0	24.746969932737596	24.909272106958547	34.50814237539983	15.809770196480837	0.02584538842319643
1.0	27.47778073365637	18.34197931803845	20.28415113948865	33.88203099890902	0.014057809907505993
2.0	30.360729398679194	19.64661222074318	17.74364105929889	32.24876088911928	2.564321594568434E-4
3.0	33.53422993562234	19.012109361778574	20.244277219436235	27.208230796705163	0.0011526864576856376
4.0	35.40644170261956	17.859302082935884	20.59737427322877	26.13645564098832	4.2630022747003294E-4
5.0	35.90993732907059	18.06842124001578	20.099212875723506	25.921146509879524	0.001282045310611417
6.0	27.910877027688436	17.468765111149555	17.058312513747808	37.561906182287466	1.3916512673604642E-4
7.0	26.854635951123683	22.837562900257304	17.880790403604838	32.42699444878144	1.6296232732366295E-5
8.0	27.146136228299934	21.739978231449815	18.788669253666455	32.32518793170706	2.8354876733402176E-5
9.0	34.12070371225005	18.505972856465284	19.34334076599573	28.029974311792817	8.353496120511099E-6
10.0	29.62713869786533	22.645959554616766	22.668628145695024	25.058267578364372	6.023458507426923E-6
11.0	27.82242483316888	22.58918756044614	20.812440618375472	28.775938194203043	8.793806468415791E-6
12.0	29.760430372615392	20.29195090155137	19.950415488357308	29.997200463460334	2.7740155961814453E-6
13.0	30.16411642333673	20.05546339317212	19.917010901559337	29.86339265482996	1.662710186196753E-5
14.0	30.185211725837586	20.292729883377426	20.143352006429257	29.37859010825457	1.1627610116432381E-4
15.0	30.550952329308746	20.30801601127259	19.908408590794796	29.232324823170526	2.9824545334371434E-4
16.0	30.732462198325265	20.135676176161486	20.147822387639977	28.983583697366928	4.555405063417019E-4
17.0	30.699260636535087	20.220294583251956	20.311936559173414	28.76850545953299	2.761506559233936E-6
18.0	30.907285239788145	19.869697436044408	20.547136520084614	28.675805383561	7.542052183569429E-5
19.0	30.55062529315299	20.090448655419593	20.14480585350449	29.214066839357983	5.335856494273929E-5
20.0	30.21101901448104	20.449936865820963	20.016179551137064	29.322856286315176	8.282245757440317E-6
21.0	29.942726506091784	20.547531020601276	19.96630854516865	29.543277885249697	1.5604288859506692E-4
22.0	29.924941159834074	20.260114936948746	19.87191337971619	29.942839415972816	1.911075281749829E-4
23.0	30.103267095997182	20.027804386134818	20.178954361743966	29.689969088182444	5.067941585080831E-6
24.0	30.141793256021852	20.083072890010794	20.29493215946937	29.48019524061629	6.453881695443572E-6
25.0	30.21040050593741	20.07694410209286	20.256033782399577	29.456348065557403	2.7354401274960505E-4
26.0	30.211436893027848	20.075669333995865	20.203719747069783	29.509131097481884	4.292842461599693E-5
27.0	30.130688232044918	20.138430933779436	20.230904530667647	29.499972146228696	4.157279299049452E-6
28.0	30.138594743231277	20.095022776512714	20.31276959296667	29.45341412504103	1.9876224831331626E-4
29.0	30.09787488050226	20.07877240264464	20.225694970829483	29.597636006442002	2.1739581616571294E-5
30.0	30.119866631682022	20.094191338645178	20.25709235577592	29.528723119490646	1.2655440623294078E-4
31.0	30.121628549528488	20.00955529040648	20.215952406525172	29.652809860192946	5.3893346906279826E-5
32.0	30.201995354646204	20.01414244684055	20.293583755884065	29.49024631276911	3.212986006565863E-5
33.0	30.32385011579977	19.952210937795204	20.255587467846464	29.468307139798632	4.4338759924601335E-5
34.0	30.09396220952267	20.063987242424087	20.301630380226587	29.540363567861945	5.659996471530134E-5
35.0	30.06014919052	20.109393420341714	20.260828386964036	29.569370157419673	2.5884475457130506E-4
36.0	30.176166507878154	19.965318161536192	20.330257566295753	29.52815950533376	9.825895613812815E-5
37.0	30.16578339651318	20.073343046793727	20.196328797229995	29.56452684971768	1.7909745412167742E-5
38.0	30.241405174949904	19.896190841693656	20.21611039283271	29.6462737448081	1.9845715626582634E-5
39.0	30.242596824601208	19.95299691941766	20.205270238554583	29.597761694360603	0.0013743230659462031
40.0	30.123545803303497	20.016134234950073	20.31414668856327	29.5459894567854	1.8381639776021762E-4
41.0	30.205627536739556	19.949173884546287	20.2192383090527	29.625937411781383	2.2857880078198904E-5
42.0	30.099893529440653	20.074876294803527	20.31111092183521	29.513982230474905	1.3702344570462195E-4
43.0	30.18344717249442	19.96761699599872	20.237535038848996	29.611384038652083	1.6754005777470498E-5
44.0	30.162282359987152	19.966690415022182	20.314224491841966	29.55483427672923	0.0019684564194668596
45.0	30.201745289970226	19.96222320998598	20.30726300687153	29.528767049370288	1.4438019787662256E-6
46.0	30.199662942626205	19.916811398269896	20.36300074501786	29.520513814512427	1.1099573613740349E-5
47.0	30.13174150121995	20.00734112524981	20.2813838306611	29.57952192869604	1.1614173104507668E-5
48.0	30.16426372634129	19.96492805999343	20.29582103743872	29.574980382367233	6.793859327542542E-6
49.0	30.22941233267136	19.983013810753896	20.287162485761208	29.500219167609963	1.9220320357195492E-4
50.0	30.19176692624137	19.975018459532567	20.247128128281496	29.586086485944563	0.0
51.0	30.204909443603935	19.918439655502837	20.269084625546142	29.60756284962215	3.42572493918751E-6
52.0	30.15490615114152	19.925405779136298	20.3462509636693	29.573373793533943	6.331251894191549E-5
53.0	30.209496106809514	19.907421903228435	20.289216424455866	29.59376268870307	1.0287680311348326E-4
54.0	30.207232150265334	19.909830608007713	20.309426152160135	29.57287417455012	6.369150167008745E-4
55.0	30.160949797861697	19.97550652213168	20.24022440297668	29.622845949645132	4.733273848058807E-4
56.0	30.175294450119388	19.989877076211577	20.22811960881401	29.606650200836764	5.866401826133333E-5
57.0	30.16756611789187	19.988206341951326	20.288007071706797	29.556203014981048	1.7453468964473368E-5
58.0	30.195139334333977	20.030919728491337	20.19235431598331	29.581055197896784	5.314232945968452E-4
59.0	30.217607309534316	20.02133047888148	20.200043619572313	29.56043878482574	5.798071861493411E-4
60.0	30.2614495387279	20.011144660373603	20.176908126536507	29.549403944871784	0.0010937294902116272
61.0	30.219140647223902	20.081500639419502	20.13985935771674	29.559245250885706	2.541047541443551E-4
62.0	30.208894836226406	19.99715225360847	20.16482094903515	29.629090407424354	4.155370562061706E-5
63.0	30.290850652879236	19.98050358162578	20.143550226980093	29.58508181250928	1.3726005614068472E-5
64.0	30.24374272154473	19.943758466795313	20.196336828079897	29.61608293091617	7.905266388504653E-5
65.0	30.21721453023541	20.004145941649288	20.16038558229627	29.618236035236485	1.791058255264857E-5
66.0	30.166527494795204	20.011978735241822	20.19655664068561	29.62483495055381	1.021787235472378E-4
67.0	30.19098875433368	20.015159581909472	20.192405354245878	29.60106043711244	3.858723985303321E-4
68.0	30.198265078849325	20.033435359076048	20.160276800455698	29.60784286154598	1.7990007295361522E-4
69.0	30.226931135880253	19.999626631649647	20.205072073655916	29.56834266711848	2.749169570537542E-5
70.0	30.247551603120048	19.95817237797271	20.13421017001561	29.659965915546653	9.993334497938492E-5
71.0	30.10674840652307	20.014733086411578	20.233166175528964	29.64534136203401	1.0969502380538724E-5
72.0	30.23025933327301	19.96773365643885	20.190948733139887	29.610917790412035	1.4048673621738626E-4
73.0	30.183731291730954	20.016769647816137	20.1901254967037	29.609347255778186	2.6307971021622596E-5
74.0	30.243156604154294	19.993533124371847	20.1312566748434	29.63204039526104	1.3201369417125692E-5
75.0	30.174382691118563	20.022706180608814	20.19853043471366	29.60435737244293	2.3321116036672156E-5
76.0	30.16445350748057	20.044293557918547	20.177824058620264	29.613418768979983	1.0107000634735598E-5
77.0	30.19859561590641	20.015479863267455	20.21104737901951	29.574757008764564	1.2013304205822565E-4
78.0	30.180002126541734	20.012589568672347	20.22008147305639	29.587325759829874	1.0718996579294857E-6
79.0	30.23777102017698	19.994715657965116	20.190097832096825	29.577034047874058	3.8144188702454187E-4
80.0	30.286619703767254	19.969565062927657	20.16513226645277	29.578067178988128	6.15787864192135E-4
81.0	30.196728686623093	20.001830551299314	20.23237428115549	29.569058347548438	8.13337366402221E-6
82.0	30.152838802588423	19.967257981213436	20.270274595806733	29.60962263231882	5.988072586849753E-6
83.0	30.2196910950725	20.03299511107925	20.10401962532131	29.643286515965688	7.652561256224778E-6
84.0	30.225074041738225	20.00963953072543	20.158740525390648	29.606516814515977	2.9087629722596216E-5
85.0	30.246026883228538	20.00819118327112	20.153694727187233	29.59189985583601	1.8735047709956157E-4
86.0	30.172268970493494	19.99358155045266	20.19728596287474	29.63656308188224	3.004342968644846E-4
87.0	30.198125458518543	19.978884284192812	20.223798830037246	29.599170870241775	2.055700962136944E-5
88.0	30.20255033511587	20.021511098332184	20.167248630515292	29.608686588301047	3.347735608094385E-6
89.0	30.138812899402424	20.060537813551424	20.167535804589882	29.633069775271103	4.3707185169860694E-5
90.0	30.236118893673762	20.04466152036767	20.128101661370394	29.59109372207301	2.4202515164775367E-5
91.0	30.19432277864677	20.024012016974943	20.192855873800735	29.588766934483736	4.2396093816111406E-5
92.0	30.203160509787498	20.0363274781176	20.188737932163832	29.571764427518808	9.652412262454064E-6
93.0	30.195401399629173	20.05330926659459	20.185474850865795	29.56573577727414	7.870563630623932E-5
94.0	30.20018367851024	20.01359168263736	20.16496172848709	29.621239419134042	2.3491231267676795E-5
95.0	30.238132789404126	20.064046661732476	20.147736077000154	29.550075263207415	9.208655830292668E-6
96.0	30.20689091940993	20.026677045961954	20.195584570960868	29.57084399480603	3.468861220904905E-6
97.0	30.1998036339083	20.03033290173191	20.141692447265118	29.62815242919175	1.858790292191204E-5
98.0	30.131474850652847	20.08565681899603	20.164160374539303	29.61852759789556	1.8035791625740303E-4
99.0	30.116943863392965	20.087491313549428	20.17703947866618	29.61850833786367	1.7006527756292375E-5
100.0	30.123735314447302	20.07090367836941	20.171990835418153	29.633368403878702	1.7678864348412043E-6
101.0	30.213045243283315	20.0998347808145	20.119043229182427	29.568075562365564	1.1843541861410273E-6
102.0	30.20309405623569	20.024727158041365	20.14239827246039	29.62970671364195	7.379962060329238E-5
103.0	30.16653111223258	20.04418158326243	20.13721360879382	29.651960638138814	1.1305757235542561E-4
104.0	30.160556690645763	20.068632121403322	20.14258965674379	29.62817763878109	4.389242603720358E-5
105.0	30.211694996746747	20.047658382501837	20.18376984880067	29.55685924590956	1.752604118917018E-5
106.0	30.230277901315972	20.01946498794869	20.16859629131823	29.58164988519093	1.0934226176886147E-5
107.0	30.189041202405285	20.040967214266615	20.17521300596272	29.594774303052347	4.274313026762139E-6
108.0	30.174535329195567	20.037574929146697	20.16284679175208	29.625012871006497	3.0078899162381232E-5
109.0	30.20255141167731	20.09211068367868	20.1340521692982	29.57063031284507	6.55422500742087E-4
110.0	30.125602418461572	20.076095747485446	20.160957499678528	29.63716498036663	1.7935400782355835E-4
111.0	30.18755365046324	20.069728299381868	20.133847050554294	29.60886101420038	9.985400221518615E-6
112.0	30.12955927034267	20.074326504376362	20.103925604770538	29.692181717881482	6.9026289371395335E-6
113.0	30.162081236783795	20.041885093090407	20.114197972904513	29.681634395146457	2.0130207482742672E-4
114.0	30.222269917722976	20.08441291363171	20.112068181365604	29.581247718107257	1.2691724522210194E-6
115.0	30.258792717172124	20.04151859796462	20.109661562142147	29.589937777497095	8.934522401690754E-5
116.0	30.143351960881198	20.070327844688393	20.149533628345466	29.6367833566964	3.20938854498365E-6
117.0	30.159334444412604	20.063174333911274	20.206699537081583	29.570771668483246	2.0016111290818483E-5
118.0	30.18551319198236	20.062352360397014	20.16962875233651	29.582502446905874	3.2483782374198334E-6
119.0	30.179975620066703	20.095826885635304	20.08224580068173	29.641951039956695	6.536595732575632E-7
120.0	30.14109696815554	20.13733866676437	20.10586326262199	29.61569649790577	4.604552330128773E-6
121.0	30.1258885549472	20.16335495651342	20.122382637178564	29.588373851360817	0.0
122.0	30.11994992241193	20.136010788889905	20.084063995704295	29.65996063569683	1.465729703839253E-5
123.0	30.146027237330348	20.123328456395072	20.11957672475571	29.610941540498825	1.2604102004997527E-4
124.0	30.062693184987705	20.143053200404783	20.106944474941237	29.68730913966628	0.0
125.0	30.107397518469465	20.13914998182886	20.123821838742828	29.629629981790828	6.791680218898571E-7
126.0	30.135551848465653	20.06876304567343	20.179898720977874	29.61577407961906	1.2305263984794084E-5
127.0	30.188343042788308	20.05808093100635	20.16086129475381	29.592714043124097	6.883274315221585E-7
128.0	30.141403485190466	20.142108962957455	20.154931483997885	29.561556067854195	0.0
129.0	30.17543431361857	20.10978742956606	20.144343710483646	29.57040942210446	2.5124227265133855E-5
130.0	30.127250699047792	20.085177655663973	20.166204300575593	29.621323777088953	4.356762368737689E-5
131.0	30.152473394506114	20.11020855545685	20.120353707781057	29.616963634536948	7.077190320339961E-7
132.0	30.192258777371507	20.12558492781236	20.157450932911434	29.5246911025893	1.4259315403993357E-5
133.0	30.165514493185274	20.21023962248456	20.136511704500894	29.48773346162558	7.182036898346584E-7
134.0	30.100222966924544	20.146492800315812	20.153215959268596	29.60005452617937	1.3747311677024422E-5
135.0	30.069860090103845	20.12116680644061	20.20305599579166	29.60591710766389	0.0
136.0	30.117705580489446	20.08946421646304	20.17717698492975	29.61541804551	2.3517260776488949E-4
137.0	30.15497335075885	20.144257467812903	20.19151738464238	29.509250315074752	1.4817111137772032E-6
138.0	30.163930927634507	20.161893635047086	20.132700381480667	29.54147132220767	3.7336300762779877E-6
139.0	30.138129693623977	20.172812372323936	20.133257002715453	29.555800931336634	0.0
140.0	30.080999588550917	20.183566286666927	20.09091623561266	29.644502708227005	1.5180942488471933E-5
141.0	30.120673283219094	20.144467714197916	20.13464644348201	29.600211793309896	7.657910889592936E-7
142.0	30.065077442920373	20.12116029427698	20.16998297807694	29.64376537843077	1.3906294934715509E-5
143.0	30.067318854859604	20.195385163658006	20.104095437316076	29.633196646260817	3.897905497900596E-6
144.0	30.417123801210483	20.066545374546692	20.069054996735957	29.44726482728437	1.100022249521457E-5
145.0	30.304062702310254	20.035517565977397	20.350677853292716	29.309740293401315	1.5850183180963278E-6
146.0	30.61335275844818	19.899662622959593	20.242314095236843	29.24467052335538	0.0
147.0	30.478603625516353	19.872566838459647	20.21534586613608	29.433483669887927	0.0
148.0	30.341785761237027	20.20873900050367	20.164969004345558	29.284451464196454	5.476971729032726E-5
149.0	30.276435986615745	20.091726205521997	20.46280674719111	29.169029410254332	1.6504168140041893E-6
150.0	30.104943386678396	19.852461245249394	20.796114185826404	29.246481182245805	0.0
