# Position (bp)	A	C	G	T	N
0.0	23.971249981487833	30.09127248476613	29.46964202714265	16.44491504292236	0.022920463681024784
1.0	27.219316533042182	17.086793564825296	17.938554211257525	37.72799526473626	0.027340426138740465
2.0	30.272326461124806	20.17079695519553	17.61768984346725	31.939184276218597	2.4639938184900038E-6
3.0	34.98367370302082	18.81602816711944	19.220023233370558	26.980117233265233	1.57663223946916E-4
4.0	35.43248255946988	17.757491253454447	20.606629927406882	26.203159282306814	2.3697736197368614E-4
5.0	36.86410723128256	17.713750358374895	19.76171090688937	25.657700795697302	0.0027307077558741608
6.0	27.464564439047013	17.803826281645375	16.243829881325286	38.487777449365474	1.948616853975919E-6
7.0	27.148519066214437	22.65815771869273	17.387356027962863	32.80596280992899	4.377200975199523E-6
8.0	26.472143461794605	21.768543258269446	17.875178616282774	33.88391850718516	2.1615646802157655E-4
9.0	34.7115739937502	18.073743626234403	18.636341951730014	28.57828900088214	5.142740323639344E-5
10.0	30.06893616462455	22.652533454628742	22.52741642984688	24.750641478372838	4.724725269945967E-4
11.0	28.00841065202697	22.552791135878188	20.483220266915158	28.95557649249585	1.4526838358077948E-6
12.0	29.96057511044215	20.17787356472283	19.502596537453936	30.358951884172907	2.9032081718032664E-6
13.0	30.280377841875772	20.00911020444777	19.446842342417245	30.25531283655958	0.008356774699637581
14.0	30.344826136604357	20.205849842051308	19.7222329600188	29.72708671251792	4.348807614936086E-6
15.0	30.704920534654256	20.200100231195226	19.55247353201342	29.54250232198406	3.3801530402919313E-6
16.0	30.817463795348438	20.0880255149134	19.782860775902854	29.311646052707246	3.8611280618655036E-6
17.0	30.8142843169663	20.14255992097209	19.812682000405335	29.22331294762203	0.0071608140342384165
18.0	30.855367899742387	19.976322600153807	19.95703430781263	29.211270370579722	4.82171145693465E-6
19.0	30.6582170457429	20.09874610646657	19.680791565953847	29.562243352037125	1.929799556110401E-6
20.0	30.395686069063583	20.301906949248014	19.601120575841353	29.70128157876657	4.8270804853256776E-6
21.0	30.28792521159767	20.27769225452057	19.597252942799294	29.836836888294826	2.927027876429056E-4
22.0	30.2573858548064	20.038996150482262	19.568880402984387	30.13422912700982	5.084647171281971E-4
23.0	30.383780160996665	19.85611545171895	19.783267316080877	29.97679692462924	4.014657427201854E-5
24.0	30.382943408491613	19.90028849969195	19.84066376157134	29.870877937416367	0.005226392828726784
25.0	30.475822447813577	19.86756989412595	19.814162217629956	29.839358479151713	0.003086961278802225
26.0	30.44174089460349	19.90886091984605	19.7832412651814	29.861339068068094	0.004817852300963386
27.0	30.38786445103641	19.93710242175103	19.817255532646918	29.846590370373722	0.011187224191914555
28.0	30.38420891721545	19.93353306621688	19.890207562046072	29.79183037273697	2.200817846259931E-4
29.0	30.34271820338198	19.927207473527105	19.826229122632952	29.903838878825635	6.321632330663931E-6
30.0	30.37551911183372	19.89514977487456	19.85558243905465	29.873738932426985	9.741810079749574E-6
31.0	30.416468258323125	19.827932882106737	19.8389852230811	29.91660875794524	4.878543797997767E-6
32.0	30.467150958067922	19.84634582456617	19.89161908339811	29.794039288528147	8.448454396557588E-4
33.0	30.531407424591904	19.79725380249886	19.85080235187598	29.794040889536237	0.02649553149701887
34.0	30.345188731505267	19.879559660696426	19.893687611487707	29.88155762353612	6.37277447212434E-6
35.0	30.343938349238066	19.93351878481527	19.82449689051492	29.898036154922323	9.820509419972579E-6
36.0	30.407668387695807	19.84130777144425	19.88069081557045	29.870327123218516	5.902070979161396E-6
37.0	30.396232418844292	19.88631577300433	19.807878934401497	29.90855116176928	0.0010217119805946845
38.0	30.469467872137834	19.754704813727916	19.80954655342224	29.96513940669665	0.0011413540153589242
39.0	30.467208724081317	19.807582778850687	19.824166396772828	29.9010351803628	6.919932368930697E-6
40.0	30.390785757173983	19.81611986420335	19.92582308762476	29.850133102471055	0.01713818852684786
41.0	30.43251658799111	19.794082193624117	19.830441071968323	29.9429541941574	5.952259043265925E-6
42.0	30.36182697897894	19.8922014346507	19.90487832286548	29.841019728212263	7.35352926152883E-5
43.0	30.412376636753248	19.796701751944347	19.850314657865027	29.940059502088918	5.474513484590192E-4
44.0	30.386047595643294	19.81883894113006	19.88999972163212	29.904596786916805	5.169546777209822E-4
45.0	30.423865974216074	19.793576961498083	19.904744707012938	29.86101762184319	0.01679473542970935
46.0	30.426102620724038	19.74594263604185	19.96559795130293	29.86233478358341	2.200834776630776E-5
47.0	30.381875479979314	19.815940053429717	19.86670697371488	29.935469977640373	7.515235712512333E-6
48.0	30.42393459203018	19.79286172152595	19.87212265549491	29.911075009073084	6.021875879272287E-6
49.0	30.49286264273506	19.79674266641264	19.861974439470504	29.8454769884739	0.0029432629078940957
50.0	30.45542310242598	19.787935200008437	19.849416114319922	29.896927915241545	0.010297668004119973
51.0	30.455813866893312	19.736059061303237	19.88811597607724	29.920005044392106	6.051334102582285E-6
52.0	30.401391648335004	19.754501577167062	19.953979280700207	29.890121937484576	5.556313150434962E-6
53.0	30.479968913135764	19.750091378455327	19.874159441792834	29.895773689077455	6.577538623420638E-6
54.0	30.44575182133081	19.74168106831989	19.900305415147624	29.91225764122908	4.053972604813916E-6
55.0	30.415118530965092	19.79096942292068	19.8647180250782	29.925979834352162	0.0032141866838718137
56.0	30.410482837266418	19.796949903179136	19.879449865255687	29.91311180049489	5.59380386753667E-6
57.0	30.4196773575031	19.788406786879502	19.927529741167074	29.864382039527637	4.07492268993002E-6
58.0	30.448719517110725	19.812962051479445	19.855916178787037	29.882399191067766	3.061555028397734E-6
59.0	30.48813321411426	19.786869721704612	19.861957883422775	29.863033046898074	6.133860275549565E-6
60.0	30.489957719527027	19.790546973168645	19.862366414231982	29.857125309165706	3.5839066372251125E-6
61.0	30.466224982495422	19.8248673069134	19.849387689215142	29.859518482793973	1.5385820607229616E-6
62.0	30.453274850578023	19.79199662679793	19.862089971427327	29.89263546865754	3.082539178764708E-6
63.0	30.529787513523754	19.765768999663482	19.838481114780432	29.865958769849687	3.6021826468597257E-6
64.0	30.479707384991478	19.73235606408115	19.887482752182258	29.900451221453146	2.577291968092775E-6
65.0	30.45694786240027	19.781516111053257	19.869212083986586	29.892318779387132	5.163172755407842E-6
66.0	30.433773015175642	19.792656909438065	19.865074740257988	29.908491714417806	3.620710505470842E-6
67.0	30.4420881282054	19.770337834148002	19.87374521091358	29.9138179462727	1.0880460320152883E-5
68.0	30.45258300377118	19.795194041181066	19.860855095632278	29.89128637412527	8.148529020275055E-5
69.0	30.450648769141292	19.778985227332797	19.876141411759246	29.894222511913426	2.079853240563698E-6
70.0	30.480896649010713	19.733153896524147	19.858812166409034	29.927134683718037	2.6043380646655475E-6
71.0	30.37957519203275	19.793377337778434	19.914467146684768	29.910959572709146	0.0016207507949075593
72.0	30.475933648679153	19.747594061620564	19.890736221934606	29.88573397698503	2.090780639523905E-6
73.0	30.4337175710422	19.78813693859312	19.89066625404592	29.88747923631876	0.0
74.0	30.490833027758235	19.747791454870345	19.847684310774728	29.91369015751687	1.049079819830822E-6
75.0	30.434737787497568	19.768370705231543	19.89295099685986	29.90393945955725	1.050853777711093E-6
76.0	30.41270849360776	19.793384419030726	19.87278368626341	29.9211234010981	0.0
77.0	30.469617833916335	19.78228253027922	19.864588695240336	29.88351094056411	0.0
78.0	30.452354754447036	19.767102806129657	19.893907456919223	29.886155880381395	4.7910212268810183E-4
79.0	30.510594787215613	19.74126188023852	19.89272124175003	29.85538187716175	4.0213634084470934E-5
80.0	30.55126608843054	19.724738001913707	19.85706992470984	29.866925454842146	5.301037630937021E-7
81.0	30.458477215361917	19.758017644015048	19.914897153337694	29.867450763444836	0.0011572238405063225
82.0	30.428704333597334	19.7449618158665	19.94600259443428	29.879644416474775	6.868396271074778E-4
83.0	30.488929561107632	19.789010680097626	19.81227281002644	29.909786948768307	0.0
84.0	30.499293437446408	19.773163086453767	19.86453674457101	29.86300673152882	0.0
85.0	30.496731614152118	19.77184424726871	19.86947585865744	29.86194774500382	5.34917905667591E-7
86.0	30.447994380105197	19.760186137041874	19.89354534120224	29.895087986804935	0.0031861548457535007
87.0	30.482553913643212	19.75543710879787	19.897942510206214	29.8640664673527	0.0
88.0	30.47309671354111	19.771773384822307	19.871468476933394	29.88365281694182	8.607761363416461E-6
89.0	30.439450208591843	19.812225968324647	19.85945438188953	29.887386023659356	0.0014834175346173028
90.0	30.496677148757	19.78479072210216	19.844631928082446	29.86501235314183	0.008887847916564712
91.0	30.452025681202453	19.7719039358773	19.899184320175355	29.876885521577584	5.411673000308357E-7
92.0	30.46234537567221	19.780595432788058	19.903639586343743	29.853419605195985	0.0
93.0	30.47455334426158	19.78542292406459	19.897606055246616	29.842417676427214	0.0
94.0	30.487726803383968	19.757279468915762	19.89344993068977	29.861541074788157	2.722222346537043E-6
95.0	30.501000456138232	19.81181765126272	19.87664786149585	29.809882646654014	6.513844491804445E-4
96.0	30.47353110521725	19.784870697257194	19.91045616807408	29.83114202945148	0.0
97.0	30.470898963884746	19.78249601161806	19.853333147469474	29.893271877027722	0.0
98.0	30.42501857226047	19.821243100886065	19.86843447617653	29.885303850676937	0.0
99.0	30.445024199897336	19.82153263554304	19.887833528241757	29.845609636317867	0.0
100.0	30.43979013009603	19.810596255889827	19.889268672635826	29.86034494137832	0.0
101.0	30.515716143275334	19.811356819160697	19.854004967228253	29.818921518063103	5.522726139564283E-7
102.0	30.46272468176405	19.780344279789798	19.874866962546577	29.882003748042465	6.0327857108079674E-5
103.0	30.457609138657915	19.776886799036586	19.8708984208271	29.8946056414784	0.0
104.0	30.450006822188016	19.809022547001973	19.8820175402482	29.85894808671583	5.0038459838223105E-6
105.0	30.49792426154805	19.792982124833646	19.8943583395443	29.81163503631073	0.003100237763274068
106.0	30.514467520219203	19.770996421301533	19.87567663063269	29.838859427846575	0.0
107.0	30.450686675526867	19.784400956469952	19.908992963605748	29.855919404397437	0.0
108.0	30.46124381481019	19.780776895530312	19.892571526046208	29.865407763613295	0.0
109.0	30.496324195682327	19.785601492469084	19.877275725569007	29.840798586279575	0.0
110.0	30.43413722445415	19.770391269628103	19.900387830897774	29.884452034174885	0.010631640845083758
111.0	30.480112336830818	19.78363825431034	19.886332905632422	29.84991650322642	0.0
112.0	30.421525172920038	19.793618770560386	19.874800623879782	29.90753348687042	0.002521945769378217
113.0	30.449494600860355	19.78091250092005	19.87212721260446	29.89722334687765	2.4233873748907112E-4
114.0	30.481233350927354	19.813023189262896	19.866927746598286	29.83881571321146	0.0
115.0	30.513629692005594	19.77663865610238	19.853629901395415	29.85610175049661	0.0
116.0	30.440637179972533	19.814277304459072	19.902744829554134	29.842340686014264	0.0
117.0	30.46672819454241	19.804263845911223	19.911194955783255	29.81781300376311	0.0
118.0	30.48360917933483	19.800332996662704	19.906389531175826	29.809668292826647	0.0
119.0	30.46473040771866	19.819069419606127	19.85438429674999	29.861815875925224	0.0
120.0	30.458835520050066	19.82185789832991	19.879657530135074	29.83933946835833	3.0958312662450645E-4
121.0	30.44403934664609	19.839118146686356	19.890548317785278	29.82562827998134	6.659089009408106E-4
122.0	30.44885811955537	19.82323478066019	19.869348097894033	29.8585590018904	0.0
123.0	30.452849998065084	19.81361764063422	19.893077318319637	29.840455042981056	0.0
124.0	30.404845739651726	19.83379839508941	19.878044236312554	29.88331162894631	0.0
125.0	30.42264948556187	19.860971185567262	19.883769185958304	29.832610142912564	0.0
126.0	30.432972999599084	19.812088687934146	19.916248906676003	29.838689405790763	0.0
127.0	30.485374899083855	19.780237177961972	19.916695599203553	29.817692323750617	0.0
128.0	30.457504135675308	19.817054346453876	19.909848041905587	29.815593475965237	0.0
129.0	30.470576987358083	19.806635799150325	19.89836118188338	29.824426031608215	0.0
130.0	30.460662939364703	19.787650194753496	19.89586429406672	29.85435845400297	0.001464117812109975
131.0	30.482780104225306	19.813332790621647	19.867427065776315	29.836066347075473	3.9369230125889994E-4
132.0	30.480567046904156	19.82428342964439	19.888059029801415	29.781986657936464	0.02510383571357587
133.0	30.472207397204436	19.869474994547183	19.879392805032317	29.77892480321606	0.0
134.0	30.421022868647473	19.836222811176306	19.897329240168908	29.84542508000732	0.0
135.0	30.39323148623193	19.840173897884675	19.907187905479585	29.857222652108504	0.002184058295304832
136.0	30.411611615059016	19.81701552306362	19.923216496710793	29.848156365166567	0.0
137.0	30.42282399199388	19.86795886896727	19.914589977409236	29.79454018939099	8.697223861956397E-5
138.0	30.441597207492414	19.86878510988915	19.8857146492708	29.801388666731217	0.002514366616425942
139.0	30.419166821521415	19.875440885529127	19.895946804351507	29.809386648084836	5.884051312016567E-5
140.0	30.40649282741621	19.8763915398427	19.87665555396949	29.840441000827706	1.9077943893674803E-5
141.0	30.431981316779456	19.857061641815516	19.914904776156426	29.79605102937662	1.2358719826703064E-6
142.0	30.39314278850079	19.833319288288152	19.928534266367947	29.83559587672565	0.009407780117459946
143.0	30.413208748103703	19.868396636032422	19.871058182369516	29.838012914448925	0.009323519045431293
144.0	30.46716461432656	19.836269462134293	19.899179306507357	29.79738661703179	0.0
145.0	30.47314348073742	19.829912264697562	19.933566622460347	29.76337763210467	0.0
146.0	30.53658267073483	19.78813471812333	19.897792427180054	29.777490183961785	0.0
147.0	30.501684850229303	19.812201978070924	19.91434701363522	29.771717154514825	4.9003549728044944E-5
148.0	30.46712174958414	19.882778051990524	19.92121427932698	29.728885919098357	0.0
149.0	30.458565955514487	19.841323980250184	19.968601345413255	29.723024162064227	0.008484556757850628
150.0	30.213956013819704	19.781608959840636	19.938748505473132	30.06568652086653	0.0
