# Position (bp)	A	C	G	T	N
0.0	25.742844726556047	25.17200832302504	24.823250078513727	24.20819484990979	0.05370202199539381
1.0	28.35694988203355	18.461143693135522	18.72716224443173	34.44940334217239	0.005340838226807533
2.0	29.911973840281036	20.024301874707938	19.045369745263738	31.013902981389574	0.004451558357715647
3.0	32.89838638399387	19.190843746268968	19.657649572722118	28.249331031481837	0.0037892655332066225
4.0	32.97805713941951	18.69949823942007	20.410674773042164	27.910739631565985	0.0010302165522712702
5.0	33.62713048209274	18.844624992248363	19.92115907143739	27.605073307525146	0.002012146696360506
6.0	28.093593101061202	19.063038764573847	17.86631765417174	34.972295740261586	0.004754739931618501
7.0	28.19327951136261	21.673271076849147	18.765172447091775	31.34726533596004	0.021011628736427687
8.0	27.971108777870413	21.15065892151413	19.020269615780816	31.85720753376742	7.551510672251702E-4
9.0	32.65641954866821	18.893650152079356	19.433294202206664	29.01440063588438	0.002235461161386529
10.0	29.853738608617004	21.557275775633638	21.598375974463902	26.97960963335652	0.011000007928939725
11.0	28.679870175469603	21.512573902925517	20.335350583433744	29.457935615106262	0.014269723064874595
12.0	29.74203665375717	20.12654684991401	19.759014228284308	30.37056350800166	0.0018387600428555655
13.0	29.900146768601605	20.07884447707249	19.75213330701765	30.267635976330826	0.0012394709774339906
14.0	29.914883805195814	20.217595400537437	19.940244402170798	29.923336842213576	0.003939549882372581
15.0	30.108553417745142	20.22787226423166	19.88115104797325	29.781847737523155	5.755325267870011E-4
16.0	30.144529096783113	20.141337490124013	19.973039952727774	29.73781221330266	0.0032812470624440804
17.0	30.109638391063896	20.176361533723007	20.040655145012572	29.6715712815033	0.0017736486972244198
18.0	30.109662695604577	20.132062016293474	20.06874567828761	29.68369854954045	0.005831060273893285
19.0	30.03199135608027	20.169367619257557	19.94145130271529	29.85646372597325	7.259959736374708E-4
20.0	29.925537314511573	20.268321903598814	19.924426042127376	29.881160776613207	5.539631490328919E-4
21.0	29.86197567792089	20.274879012762607	19.92898714388223	29.932758479232007	0.001399686202265675
22.0	29.83521660926914	20.13645285603528	19.924319090139853	30.10330884207701	7.026024787181802E-4
23.0	29.907249733035197	20.04690929634656	20.01944632736206	30.023802670441107	0.0025919728150756156
24.0	29.91236485465132	20.094492400798668	20.037253612289863	29.95357752986429	0.0023116023958665633
25.0	29.964678458429674	20.062774471991695	20.073522089798022	29.894518578304442	0.004506401476168369
26.0	29.945667084814005	20.08535520811212	20.043398037187057	29.92446453535783	0.0011151345289861978
27.0	29.883091755721374	20.128446977040653	20.039052064432735	29.948600224550592	8.089782546457454E-4
28.0	29.868719478588456	20.140230752618486	20.097236184016904	29.892268464529987	0.0015451202461635952
29.0	29.857494356501054	20.136309975142773	20.05818920513133	29.946281992785988	0.0017244704388491112
30.0	29.850504565397685	20.126771582007784	20.07014406594171	29.951468222066975	0.001111564585846699
31.0	29.88332369109308	20.091120352655363	20.050434733099102	29.974169767174182	9.514559782788085E-4
32.0	29.879697047987346	20.12315727313157	20.08306406243628	29.912870117809803	0.001211498634997473
33.0	29.940581798354415	20.091733363944066	20.079900847081632	29.884786901141563	0.0029970894783249327
34.0	29.810494872885542	20.166474940530037	20.099665587479688	29.921412000465498	0.0019525986392349608
35.0	29.807673009609676	20.158944135128927	20.056462980167492	29.974525223576716	0.0023946515171921947
36.0	29.84420393737884	20.119706221090876	20.088557689375772	29.94558740267854	0.0019447494759751948
37.0	29.875139892911275	20.13472925795727	20.023904679658184	29.9658846630863	3.4150638697523803E-4
38.0	29.897158148239022	20.058639584709827	20.048757675353414	29.99464080922819	8.037824695427977E-4
39.0	29.878254487889215	20.122475048832218	20.039974757451205	29.95854207608341	7.536297439426334E-4
40.0	29.810378864181985	20.13310764903953	20.115766143225343	29.93866852667969	0.002078816873447444
41.0	29.84915199970008	20.097182438935064	20.0402345506293	30.012830703153437	6.003075821132662E-4
42.0	29.80421359555899	20.179144820179268	20.074067764577702	29.940456011632065	0.002117808051972213
43.0	29.82011251500285	20.11936627681147	20.067869836769226	29.990018660916657	0.002632710499798198
44.0	29.801990649077332	20.138537735512337	20.096075563824733	29.96269585776649	7.001938191102515E-4
45.0	29.80242735259666	20.135357647988013	20.114570445179627	29.943953916761345	0.0036906374743497766
46.0	29.824210929642597	20.095015018808876	20.15510475312561	29.925056037904437	6.132605184759132E-4
47.0	29.844601473671318	20.134369532987062	20.06155752727789	29.958593621459347	8.778446043801814E-4
48.0	29.82727876948449	20.110744222728478	20.05794757213854	29.998452518753588	0.005576916894902598
49.0	29.839006693895854	20.115922679010705	20.09795560109101	29.93925923937989	0.007855786622548495
50.0	29.84204924843214	20.13380986746893	20.0844560062577	29.938780917496015	9.039603452179063E-4
51.0	29.853257399573067	20.09629742119977	20.09541904475193	29.951324263531415	0.0037018709438166827
52.0	29.805840885034474	20.121495983572146	20.148684532571817	29.92337038944998	6.08209371584164E-4
53.0	29.864723211045114	20.108213621128364	20.051347795965132	29.97349987198116	0.0022154998802295187
54.0	29.808453657962037	20.119980415175434	20.09531366492832	29.975313679306602	9.38582627602405E-4
55.0	29.78317262698509	20.133791571538268	20.100542810797972	29.980220341269444	0.00227264940922829
56.0	29.778592952709065	20.14810673405508	20.09488517916679	29.977532021946622	8.831121224439775E-4
57.0	29.812528789549763	20.12106423780362	20.130934796869386	29.929549035563284	0.005923140213947286
58.0	29.81202897785647	20.14177188715917	20.08824322234332	29.955190318751136	0.002765593889905439
59.0	29.845032122726945	20.13633136688202	20.082797027663148	29.935141789050395	6.976936774897831E-4
60.0	29.83574939824822	20.11643418823801	20.09043045961793	29.953694592045427	0.003691361850417869
61.0	29.845504148112873	20.15229302994216	20.101585450613037	29.899664305379726	9.53065952204535E-4
62.0	29.84671497532877	20.115299118007886	20.085525582049097	29.95064327521118	0.0018170494030676967
63.0	29.87481837263762	20.15071431281403	20.04470588629273	29.926884304631074	0.00287712362455011
64.0	29.847845130392052	20.106037967610874	20.098079931351293	29.94664103938831	0.001395931257467567
65.0	29.793163743326602	20.116243508956018	20.092662002823502	29.990437517677666	0.007493227216213768
66.0	29.792586624227585	20.136555191817745	20.084867325563376	29.964543551238826	0.0214473071524661
67.0	29.821051209964672	20.103366333775607	20.11471493947857	29.958723158145418	0.002144358635734293
68.0	29.791826580870605	20.188972348184546	20.059621898239655	29.95519998108619	0.004379191619000161
69.0	29.79590803457687	20.15638135088709	20.08830767495064	29.95614219807828	0.0032607415071201104
70.0	29.812655593577425	20.096454208692315	20.062674345170688	30.027790151937328	4.257006222372549E-4
71.0	29.769316719640276	20.151952996679036	20.086814701346057	29.98004822257197	0.011867359762664462
72.0	29.80253165845791	20.106381331780256	20.124639627641763	29.96057618516495	0.005871196955122982
73.0	29.769610875610613	20.166650463399495	20.10639020602022	29.952041954692987	0.005306500276682639
74.0	29.833484709980258	20.11572456552079	20.089747926172087	29.95877010445649	0.0022726938703790016
75.0	29.78202716216789	20.152381247041244	20.12110561949672	29.939906025567026	0.004579945727117669
76.0	29.772923528056634	20.144574909347526	20.094701220275514	29.98709445335843	7.058889618963035E-4
77.0	29.79732341330856	20.161893533481162	20.09024066416196	29.94924752129994	0.0012948677483762296
78.0	29.77567573308629	20.136718795086807	20.106495113795837	29.979361022963708	0.0017493350673634838
79.0	29.825696479946036	20.149928991229565	20.112599090862666	29.909548086532073	0.002227351429661293
80.0	29.8416240855086	20.128819725255916	20.06723785569746	29.961752053685203	5.662798528208858E-4
81.0	29.77815912192302	20.14280996254204	20.115480567581418	29.946444930020505	0.017105417933022192
82.0	29.74664110188246	20.13845411091775	20.132134887954916	29.978256779966646	0.004513119278233033
83.0	29.79333610725891	20.15262941881968	20.055670763871472	29.993943624425583	0.004420085624353831
84.0	29.80001392467714	20.150720429919673	20.101803331750098	29.944017720313482	0.003444593339615216
85.0	29.788830638308816	20.15083985061124	20.11064247008157	29.948336484954385	0.001350556043987481
86.0	29.762310938988996	20.167904582754193	20.090299933726484	29.978870179800328	6.143647299957869E-4
87.0	29.770708911858883	20.14786893330534	20.11425525749	29.96695212040595	2.1477693982952436E-4
88.0	29.789770984598047	20.164768431213158	20.087917800389498	29.953533507251386	0.004009276547909778
89.0	29.727384659980377	20.169868563094397	20.107712216705213	29.99450664684388	5.279133761338739E-4
90.0	29.760889215119384	20.16837541749004	20.07801867998184	29.992574503567305	1.4218384143203016E-4
91.0	29.723222667558957	20.178191045277437	20.128732286033998	29.96966096565645	1.9303547316372593E-4
92.0	29.73163540578983	20.185517032338147	20.133474293234062	29.94911589267739	2.573759605705308E-4
93.0	29.74858439774287	20.204489901841637	20.131946104447714	29.914269268987066	7.103269807159019E-4
94.0	29.756406844646545	20.17278039406463	20.12457258128821	29.945897244988434	3.4293501217795417E-4
95.0	29.80144085673541	20.194962282443175	20.08767553501807	29.91565505603248	2.662697708633238E-4
96.0	29.765003322143208	20.18454140536984	20.11295108865173	29.937352853624876	1.5133021035255311E-4
97.0	29.733395617375013	20.208909370336812	20.06650291367288	29.990440030416583	7.520681987047198E-4
98.0	29.72375754663597	20.22528432095239	20.112734152361035	29.936936988961016	0.0012869910895899343
99.0	29.747416678834142	20.20667242803365	20.101540501170682	29.9441077361258	2.626558357277668E-4
100.0	29.70522014239898	20.192196992246114	20.127407340090713	29.973167032537333	0.0020084927268582964
101.0	29.748185260144428	20.18662830633954	20.11794693957334	29.944752953387983	0.002486540554719871
102.0	29.730046883213777	20.169910448315704	20.137871150280574	29.961718441784157	4.530764057856498E-4
103.0	29.755548277810124	20.16928795416902	20.136913072032474	29.93803025772029	2.2043826809243111E-4
104.0	29.70526698383169	20.237314503000583	20.12056006835549	29.936694290949816	1.6415386241840728E-4
105.0	29.75427619972185	20.196465862476412	20.134421675670183	29.91462582654865	2.1043558290038882E-4
106.0	29.74588092820829	20.170065514616027	20.14834503359308	29.93527480240845	4.337211741506862E-4
107.0	29.72068662724499	20.168962795742562	20.16419036868507	29.94572739776934	4.3281055803600515E-4
108.0	29.696511601400466	20.207129072718256	20.17818305133192	29.91798688862789	1.8938592146170455E-4
109.0	29.76680365015234	20.178747540430034	20.125224498652795	29.92897867529579	2.456354690387267E-4
110.0	29.668979147950562	20.21315199904528	20.16827870175461	29.94923901543098	3.5113581856723887E-4
111.0	29.73319877111038	20.172529493245808	20.127661416616288	29.966211253121788	3.99065905734332E-4
112.0	29.720186419524204	20.16211470604951	20.09487894741661	30.022393732106107	4.2619490356602665E-4
113.0	29.69949352185899	20.161365526283976	20.181564770975584	29.95719311201761	3.830688638431311E-4
114.0	29.70446530660718	20.23382986001733	20.13931529849259	29.922099475473544	2.900594093550904E-4
115.0	29.74000267242603	20.186401478950668	20.201569366329732	29.862737364184216	0.009289118109349938
116.0	29.67906362401141	20.262150542798416	20.173006893526946	29.88554142594354	2.3751371968312534E-4
117.0	29.661060931353123	20.193160580001447	20.175128241419543	29.967265011796712	0.0033852354291778832
118.0	29.64899761200322	20.232033228339315	20.185534225900117	29.932540077993618	8.948557637264952E-4
119.0	29.708360915757375	20.218726851269732	20.123214263968826	29.949472193638023	2.2577536604852016E-4
120.0	29.66741917799976	20.203807047900554	20.198351318636263	29.93001020194853	4.1225351488913844E-4
121.0	29.699544618625513	20.232266162190605	20.204750386119986	29.86311209986225	3.2673320164775183E-4
122.0	29.640784542043697	20.251774851844083	20.198950585777347	29.908251887114645	2.3813322022815347E-4
123.0	29.64665221209138	20.212386281101487	20.207299619886125	29.93340816377166	2.537231493512775E-4
124.0	29.623332592457928	20.19004936150757	20.186688352848293	29.999606330837064	3.2336234914319634E-4
125.0	29.608021659910328	20.23189421598576	20.169581340316654	29.989919845777724	5.829380095357836E-4
126.0	29.653900120217102	20.211016186232968	20.207210002916508	29.92747602968991	3.976609435106081E-4
127.0	29.70735429184049	20.196746411065508	20.20485469930119	29.883809395350635	0.007235202442179707
128.0	29.76082727294875	20.12405726359095	20.26599364358975	29.847896233269182	0.0012255866013691397
129.0	29.651381581693126	20.135056527644597	20.35219146146773	29.859321183852288	0.002049245342258001
130.0	29.59416778635377	20.105168610061785	20.378885075905274	29.921358794246096	4.197334330774124E-4
131.0	29.510953563447114	20.15248699820247	20.305122448436524	30.03040438989825	0.0010326000156430065
132.0	29.38389271059086	20.276146076902794	20.270076971373808	30.067573770954137	0.002310470178398732
133.0	29.38766732420732	20.24244758600304	20.335499108822052	30.03411846707508	2.675138925059881E-4
134.0	29.396759525035844	20.216852250224044	20.271964092428487	30.11379704698095	6.270853306747646E-4
135.0	29.46997102727084	20.125331697102833	20.349415861030685	30.052516816663466	0.002764597932178472
136.0	29.586708154366352	20.139910764110507	20.377086461414006	29.89514200214547	0.0011526179636646748
137.0	29.87011408547296	20.036533716581477	20.274677847201783	29.818227658444417	4.466922993597783E-4
138.0	29.96473716689245	20.018696103642004	20.370165520603276	29.645370192927356	0.00103101593491246
139.0	29.13953912086496	20.616787876078202	21.577117166019217	28.660649646342236	0.005906190695390851
140.0	26.998184983731644	21.65676999907466	21.55286448543255	29.775042756072978	0.017137775688172565
141.0	28.863464539561267	19.673540792889987	19.238646154636285	32.223929368040686	4.191448717744315E-4
142.0	31.310898169240982	19.348918187852085	21.283773985144467	28.055689227905983	7.204298564810337E-4
143.0	30.9877933280385	19.08400415169846	21.667046709398928	28.25143734523189	0.009718465632220409
144.0	34.06372800296414	18.354793134410624	19.2946772163542	28.282735453729074	0.004066192541960706
145.0	27.433600073820667	20.244392546826592	19.108444460125305	33.213310517681	2.5240154643442107E-4
146.0	27.725555570559408	20.590146811096524	19.0260245672317	32.658037970541784	2.3508057058537412E-4
147.0	27.969684092681618	19.945413265937248	19.482629449299697	32.598895790678846	0.0033774014025877335
148.0	30.506697547143602	19.39385588606288	20.230648402148475	29.86849049078499	3.0767386005379636E-4
149.0	33.46319504843711	19.276487758872364	19.096629446181794	28.161813118191464	0.0018746283172761562
150.0	23.834897437978654	25.107736742034483	24.99655957527971	26.012970832326403	0.04783541238074632
