# Position (bp)	A	C	G	T	N
0.0	22.575641832006458	29.647406349015547	29.493141724043102	18.23383960305665	0.04997049187823877
1.0	26.929540912026965	17.499489244818903	17.95527907355702	37.61503246849808	6.583010990342427E-4
2.0	30.311844105027593	20.155659033085442	18.388118449721247	31.144133290509117	2.451216566017454E-4
3.0	35.71754376588625	18.712062362241493	19.529525977472513	26.04008185945092	7.860349488298167E-4
4.0	35.66074612205733	17.80036472253966	20.87203760248948	25.66643859539154	4.129575219928688E-4
5.0	36.88251832584913	17.99326825048391	20.036370967597158	25.087072210399803	7.702456699936942E-4
6.0	26.487258603166776	18.353598996676467	16.19498841788787	38.964007198892126	1.4678337675848335E-4
7.0	26.658048537315	23.348531438929754	17.792741066392484	32.188048572728825	0.01263038463393231
8.0	26.23788863229914	22.334708024579022	18.32124867383377	33.10613829644436	1.6372843706716852E-5
9.0	35.12442598563055	18.112137833988502	18.960537692976416	27.80289249190003	5.9955044944236605E-6
10.0	29.772100760919372	23.175445947740354	23.062962668334492	23.989488445650174	2.177355608363445E-6
11.0	27.570727585838917	23.082436188174384	20.723690386718	28.61531740538299	0.007828433885713023
12.0	29.65223725521081	20.47306427996227	19.579810444529542	30.29488149860563	6.521691741837723E-6
13.0	29.969855680567964	20.3043062204075	19.61407309829113	30.111754139481178	1.0861252227439182E-5
14.0	30.02760028512954	20.52953694169426	19.977101441388502	29.46561969390436	1.416378833343841E-4
15.0	30.390385417959177	20.514492550972836	19.830033974235945	29.26505551960282	3.2537229219687777E-5
16.0	30.465755847196025	20.40253034267253	20.036133505482713	29.095548868373218	3.143627551506332E-5
17.0	30.439184364171652	20.493314337691455	20.067742886054905	28.99975299482667	5.417255314657916E-6
18.0	30.449278087066155	20.368417832715956	20.174186845624586	29.004454327657403	0.003662906935898105
19.0	30.28079777641053	20.47459865040207	19.938629048480948	29.305902442438285	7.208226817555341E-5
20.0	30.09544780505367	20.60812575855403	19.841367366900435	29.455050931591565	8.137900301281346E-6
21.0	30.02586893145699	20.564562690222875	19.885353061021465	29.524090394894493	1.2492240417707497E-4
22.0	30.003875294893913	20.330501296158577	19.84728517072091	29.818149552234548	1.8868599205635236E-4
23.0	30.128786961448316	20.15458167884202	20.056793826044522	29.659509795732923	3.2773793221297265E-4
24.0	30.139134617368697	20.19629415027186	20.08926718604173	29.575301865665327	2.1806523852289256E-6
25.0	30.241984216660867	20.171079436450913	20.06335548330224	29.521515075823203	0.00206578776277773
26.0	30.198089249711053	20.20824844376691	20.02010878154423	29.57354368429389	9.840683919659869E-6
27.0	30.136574286307688	20.253003951343022	20.074453235998615	29.535966336337054	2.1900136189281913E-6
28.0	30.102496212414504	20.24657759749752	20.152106863176964	29.498624137177764	1.9518973324811803E-4
29.0	30.08187481249715	20.216922328337166	20.071341214100304	29.62899410378313	8.675412822539083E-4
30.0	30.113185483451264	20.210640894413622	20.09355897351295	29.582488600199962	1.2604842220043412E-4
31.0	30.161934870402042	20.137438468565733	20.078031633255616	29.622583992690316	1.103508629412653E-5
32.0	30.2068795691035	20.156924720561868	20.14161732281058	29.494354938012147	2.2344951190634408E-4
33.0	30.29909867073905	20.108561976739566	20.096442657318452	29.49584956420825	4.7130994683396465E-5
34.0	30.06057736851318	20.22099236673255	20.155175179539228	29.563200059698797	5.5025516248976594E-5
35.0	30.051784475345062	20.27146283230187	20.08574317091256	29.590755424673432	2.5409676706999513E-4
36.0	30.14802240526161	20.155143363939896	20.129372844717764	29.56734238591609	1.1900016463924186E-4
37.0	30.149404076644608	20.21134485198422	20.02665371778651	29.612589512476823	7.841107835625222E-6
38.0	30.23963196335984	20.040090403297945	20.054995723269197	29.665241482775574	4.0427297443307524E-5
39.0	30.209395526652514	20.120435975364405	20.069040323427213	29.601098339509672	2.983504619523451E-5
40.0	30.123140316688968	20.137144124028765	20.186505719181692	29.55181811672128	0.0013917233793003124
41.0	30.17329188442505	20.100198526294776	20.068705229936963	29.657773242280435	3.111706278055816E-5
42.0	30.069573184679733	20.218028837850515	20.166446909034747	29.54574177545222	2.092929827806325E-4
43.0	30.147220582430705	20.11690329888015	20.094295605550634	29.641555491417808	2.502172070176441E-5
44.0	30.119137697658218	20.136695914130577	20.15308139347033	29.588779316796266	0.0023056779446037384
45.0	30.155030940470766	20.12799024278844	20.157653918095402	29.559319183101017	5.71554437513788E-6
46.0	30.15609713461095	20.06813067167919	20.236014383955453	29.5397320249505	2.5784803911465367E-5
47.0	30.116781404791617	20.158558155677724	20.10479539365664	29.619839195630494	2.5850243519059594E-5
48.0	30.15485514894747	20.11301062166295	20.105495785823123	29.62610570114219	5.327424242673815E-4
49.0	30.21575139665009	20.129631018683124	20.117069873461894	29.532972463458023	0.004575247746865145
50.0	30.184857244036518	20.110523165919698	20.116360367648547	29.58825227610203	6.946293211638289E-6
51.0	30.19019222702024	20.046247147168827	20.14144888884968	29.621144832936857	9.669040243868749E-4
52.0	30.123758801331135	20.086744410501254	20.207272023504938	29.582165995682995	5.876897968201013E-5
53.0	30.219231872566933	20.045146787177266	20.136385812830607	29.599116514673767	1.1901275142289662E-4
54.0	30.152597906813526	20.073954968142328	20.169620148154795	29.603554974806084	2.720020832668805E-4
55.0	30.135347718668925	20.125605870602755	20.119250578406096	29.619419783000883	3.7604932133833386E-4
56.0	30.13559505345949	20.121992141762142	20.142833543442467	29.599575143644348	4.1176915541140285E-6
57.0	30.135132872362234	20.11884798673518	20.202165978789736	29.541643168652175	0.0022099934606724055
58.0	30.18287853940335	20.143344374433074	20.110912093993413	29.562844290588714	2.070158144526482E-5
59.0	30.222272771818698	20.13536315190526	20.11602923611673	29.526328908964484	5.931194830361096E-6
60.0	30.23978413175099	20.12459403909267	20.097567096445683	29.537054483689083	0.0010002490215682413
61.0	30.213028782044532	20.17170937999096	20.08444796725732	29.530685666990212	1.2820371697041426E-4
62.0	30.19219191466089	20.115469553331167	20.108932500819506	29.583355810554547	5.022063389237408E-5
63.0	30.276241135886934	20.104092643820984	20.074932206058573	29.544292207584576	4.418066489370917E-4
64.0	30.21455755386449	20.05770736928757	20.14733924045753	29.58032430881082	7.152757959512421E-5
65.0	30.174685353677646	20.114336635143857	20.128108829131815	29.57842753044279	0.00444165160388829
66.0	30.14287216453858	20.148143533924998	20.105563020637483	29.589581767885882	0.013839513013061926
67.0	30.16296185318191	20.123077008859102	20.121303042694404	29.59164898912717	0.001009106137419892
68.0	30.18331270760829	20.140189296504555	20.111281254579364	29.56503989468401	1.7684662378555365E-4
69.0	30.17792788271827	20.12105145008078	20.134008159619153	29.566981429029145	3.107855265059652E-5
70.0	30.21120630951603	20.06442678829633	20.109504850657732	29.61474717805519	1.1487347471932087E-4
71.0	30.09317209744725	20.12730656382489	20.19222263721539	29.580078723255372	0.007219978257092469
72.0	30.20589628124451	20.073972612285228	20.14304584216781	29.573755390068772	0.0033298742336795866
73.0	30.159578264047916	20.121902579251437	20.14707906982133	29.570142221627314	0.0012978652520058674
74.0	30.213068275563565	20.094337530948952	20.094273882400074	29.598309188040034	1.1123047376840613E-5
75.0	30.134217646689194	20.124246233909638	20.15510070148935	29.58442493497863	0.002010482933184531
76.0	30.123632890744933	20.13789175848035	20.122303725349123	29.61617162542559	0.0
77.0	30.182559118933384	20.119490043392897	20.136841442401018	29.56095731030403	1.520849686752647E-4
78.0	30.166792715530118	20.115982666645497	20.151033586093707	29.566186655757576	4.375973107019673E-6
79.0	30.257937585262653	20.073982807713918	20.13970629081776	29.528023456406654	3.498597990149503E-4
80.0	30.2909050167452	20.06212132456498	20.1155578733743	29.530825176787406	5.906085281192023E-4
81.0	30.17422072699437	20.098913803887957	20.18409409009001	29.53226255306798	0.010508825959679354
82.0	30.142834876473056	20.092304268323367	20.21221541785759	29.549825167302696	0.0028202700432928217
83.0	30.225163553777	20.13415142924188	20.0475347297423	29.590778705260718	0.0023715819781047883
84.0	30.224381808927287	20.132011616719673	20.102572528991477	29.541007937282636	2.6108078926607473E-5
85.0	30.236265056387072	20.118318141409013	20.115035099676213	29.5302073308559	1.7437167180047526E-4
86.0	30.16495377521365	20.11477845908221	20.152165616869652	29.5677574545395	3.446942949865073E-4
87.0	30.188747304844256	20.107399814033457	20.17049741849508	29.533327181284225	2.8281342979936592E-5
88.0	30.18286160227859	20.141784498274358	20.12233675448765	29.550516536524224	0.0025006084351738575
89.0	30.14370323004308	20.170819697124998	20.114486991154777	29.570949970187133	4.011149001589107E-5
90.0	30.245595737128884	20.14011548548675	20.07883032893797	29.53542209669588	3.635175052146749E-5
91.0	30.189297562488765	20.12397722843735	20.16496272250952	29.521728622328382	3.3864235985585504E-5
92.0	30.18993801152472	20.137198212286787	20.165366981029525	29.507475233427467	2.156173150191122E-5
93.0	30.202557514302832	20.139656326685575	20.165311670935683	29.49236566510043	1.0882297548276708E-4
94.0	30.217808796646462	20.114404676275946	20.15792945286603	29.509839970845864	1.7103365697001654E-5
95.0	30.245969242484588	20.168290559122646	20.122568991628437	29.463161306892623	9.899871707562542E-6
96.0	30.19267449958579	20.136749217264914	20.168807275534903	29.501765034213793	3.973400599473571E-6
97.0	30.1846163325422	20.145531588431123	20.116383963545893	29.553191670905704	2.76444575082227E-4
98.0	30.126578182586172	20.190473644856567	20.13239540930921	29.550360698533762	1.920647142848311E-4
99.0	30.15449199550606	20.165076258946897	20.155545697389773	29.524868649294717	1.7398862553375698E-5
100.0	30.15005934701262	20.162858853500133	20.146566252598035	29.540510846002753	4.7008864562323794E-6
101.0	30.234467232204505	20.172021134635905	20.114414230024202	29.478246873002718	8.505301326684803E-4
102.0	30.191323087745737	20.12575412398573	20.1426908839922	29.540105409583422	1.2649469291515873E-4
103.0	30.170916743593697	20.14626784474991	20.13388918096298	29.54880469817817	1.2153251524026227E-4
104.0	30.178095798452382	20.167957255585428	20.146617187202757	29.507326351326913	3.4074325194278686E-6
105.0	30.234620773600223	20.15220765683086	20.1688744113973	29.444291001767304	6.156404313480578E-6
106.0	30.230741645418753	20.118503549273278	20.153368157428396	29.497291201774612	9.544610496633895E-5
107.0	30.187019359513968	20.128121002737267	20.188839018067657	29.49587172160648	1.4889807462863873E-4
108.0	30.17997099936305	20.14271425451904	20.153219083781927	29.524065211549537	3.045078645280775E-5
109.0	30.236493183662365	20.14575218848337	20.140404044011568	29.47733877164885	1.1812193844437882E-5
110.0	30.152372273393464	20.144433168991206	20.181504977979092	29.52146628491084	2.2329472539619393E-4
111.0	30.19367548181617	20.15370707575872	20.14528215522782	29.507230869200356	1.0441799693092381E-4
112.0	30.134771718316895	20.16143024702308	20.126746576578675	29.577038792360067	1.2665721287847727E-5
113.0	30.1785955551478	20.136991773157696	20.13345807069837	29.550946121806064	8.479190064373375E-6
114.0	30.217159676773846	20.191483660553107	20.133385096336433	29.45797156633661	0.0
115.0	30.254996680296266	20.156277370741062	20.117989593744444	29.46440160838588	0.006334746832352276
116.0	30.149249149519854	20.19143307935389	20.173507896704866	29.485808443269086	1.4311523073073278E-6
117.0	30.162731677931003	20.182264286637125	20.197431029738908	29.456268378265015	0.0013046274279493806
118.0	30.207530884306927	20.17196862060769	20.165629667467673	29.45440071386809	4.701137496183124E-4
119.0	30.188451658194843	20.19750484697393	20.119090938137177	29.494951831196893	7.254971534538786E-7
120.0	30.171323214871602	20.20142999611516	20.151546648037797	29.475686290767005	1.3850208435796022E-5
121.0	30.155721051731817	20.227217626544	20.166113881506945	29.450945975303604	1.4649136338193478E-6
122.0	30.15891927423725	20.206089608803556	20.14100936155515	29.493978074977463	3.6804265867627405E-6
123.0	30.17176501179124	20.191431620872326	20.16361896963623	29.47316443009801	1.996760219566712E-5
124.0	30.09629541313513	20.224962057693592	20.14569506754253	29.533047461628747	0.0
125.0	30.124794642151166	20.24333990657197	20.151317752275478	29.480337832953513	2.0986604787898955E-4
126.0	30.158099672573712	20.18180100071274	20.197638663802913	29.462436644844253	2.401806638953821E-5
127.0	30.20608937233309	20.16421908602824	20.204107478210332	29.421148833985878	0.004435229442462533
128.0	30.164851455104348	20.210187996493843	20.202341860673638	29.422618687728168	0.0
129.0	30.18221575833655	20.191819362798114	20.180236195043555	29.444532923268806	0.0011957605529758072
130.0	30.168647854022336	20.17732203430524	20.195189524100925	29.458831388589278	9.198982218474693E-6
131.0	30.211855877446087	20.198257473010294	20.153414524607864	29.43646364655087	8.47838488186203E-6
132.0	30.22175696110744	20.216779148104962	20.17766294334357	29.383777693517604	2.325392641966248E-5
133.0	30.196220828265947	20.266042423189138	20.17556294376078	29.362171466349835	2.338434300378808E-6
134.0	30.125635316095373	20.222784220558555	20.190202430635708	29.46135843534851	1.9597361853316553E-5
135.0	30.096498709359864	20.224702080475403	20.216575106386003	29.462223315211478	7.885672510575593E-7
136.0	30.127865480105022	20.18094849270313	20.23589653651659	29.45457857943176	7.109112434929406E-4
137.0	30.16149575715315	20.240260262057614	20.220216152401978	29.37802782838726	0.0
138.0	30.184220854570903	20.251545435457032	20.181474502624337	29.382751174730153	8.032617568202144E-6
139.0	30.150511645984825	20.26275008342581	20.18391107325692	29.40209075435043	7.364429820136534E-4
140.0	30.114708646883376	20.25439499924596	20.154552674479365	29.464720314990572	0.011623364400722907
141.0	30.120653767647376	20.252338875482316	20.212033126922545	29.414972591402787	1.6385449746841525E-6
142.0	30.099909828269773	20.208080180062616	20.23190502752629	29.460085988088004	1.8976053318023563E-5
143.0	30.138664464656685	20.2466789715277	20.153447584209054	29.461115899474454	9.308013210397748E-5
144.0	30.295136563993864	20.1841946477174	20.171524488410835	29.346427532574953	0.002716767302939928
145.0	30.24774358997738	20.17929968561701	20.315867108969258	29.257087087408724	2.5280276314094254E-6
146.0	30.412443021537257	20.09034769792525	20.24591803458358	29.25128614400468	5.1019492328670865E-6
147.0	30.327457204546405	20.09931788998733	20.243033043711694	29.328176089114237	0.002015772640334832
148.0	30.242280292518835	20.28821711463809	20.23830529769173	29.231135844450723	6.145070061718054E-5
149.0	30.229178284973813	20.202191123804933	20.3717135558565	29.196871646664256	4.5388700495231746E-5
150.0	29.933929850249065	20.198913941074633	20.59227588054224	29.274880328134063	0.0
