# Position (bp)	A	C	G	T	N
0.0	23.90180954327968	28.19937708276778	27.83196371976321	20.0648667307905	0.001982923398831248
1.0	27.58981593169585	19.134507242276584	19.398543194064192	33.84815782278423	0.02897580917914535
2.0	29.093367909187645	21.175903357848107	18.556843724814186	31.17132025439012	0.002564753759942951
3.0	33.0079697319621	19.5223446990105	20.002092209399557	27.466772612589452	8.207470383899559E-4
4.0	33.01018231188313	18.925148420598227	21.19278272601815	26.87041472791096	0.001471813589532573
5.0	34.210898989095575	19.03350365111174	20.42889096493608	26.32368562610144	0.003020768755163367
6.0	27.558276548428445	19.210462885522766	17.789934593813083	35.439429257884896	0.001896714350803826
7.0	27.326563599179288	22.6454550911737	18.87858711952404	31.14802486256239	0.0013693275605802962
8.0	26.64010931758871	22.020299705755704	18.882670431460646	32.4563124882189	6.080569760442135E-4
9.0	32.598049402452936	19.153402609790323	19.642425890176053	28.60446514045266	0.001656957128029349
10.0	28.96982716396865	22.757801904273094	22.49749238056212	25.774133508832204	7.450423639366383E-4
11.0	27.782712380161218	22.618590079063498	20.91978598121523	28.678166887379223	7.446721808262634E-4
12.0	29.094330905233534	20.866206959670606	20.29570826193485	29.742871729728897	8.82143432111344E-4
13.0	29.334492792917153	20.75771565521177	20.2312333833984	29.67608975561799	4.684128546815247E-4
14.0	29.309886841298965	20.854897289630504	20.50317236820815	29.33146514181846	5.783590439174186E-4
15.0	29.613982426856683	20.863582752569716	20.330789227850612	29.191232670515195	4.1292220779594373E-4
16.0	29.607822822196837	20.86251488229759	20.4163314580916	29.113055653360554	2.751840534143255E-4
17.0	29.60173326773427	20.93481691382998	20.46861333767237	28.99428630690156	5.501738618175076E-4
18.0	29.56036872619734	20.832862401967216	20.577830723754822	29.028264406856103	6.737412245205505E-4
19.0	29.388847942964418	20.83763448811837	20.399872003131744	29.37177619571645	0.0018693700690209916
20.0	29.29921803105752	20.905903331671112	20.387242749779144	29.40729235816258	3.435293296409885E-4
21.0	29.275191373578863	20.89984116425693	20.387863091887066	29.43648617200364	6.181982734958618E-4
22.0	29.307032001098747	20.73543469303667	20.350542507897266	29.60631781348716	6.729844801538251E-4
23.0	29.327308213992158	20.641082291515335	20.48538287446472	29.545183039844712	0.0010435801830714266
24.0	29.287222843662324	20.75285043318677	20.503720678140336	29.44087139265002	0.015334652360548016
25.0	29.343025518162897	20.64961063578198	20.536593099122307	29.463564746599282	0.007206000333534873
26.0	29.416097189646862	20.669432433244694	20.43700319571332	29.476781023168957	6.861582261657107E-4
27.0	29.33919342430177	20.665437368425458	20.44575256144582	29.54824455909296	0.0013720867339931332
28.0	29.30778937248383	20.67042539642124	20.53432257671543	29.487051094598115	4.1155978139041904E-4
29.0	29.30662642744245	20.698455598932238	20.484804741139683	29.50900218218509	0.0011110503005391063
30.0	29.256633395146515	20.710660611490532	20.53216162792395	29.499470231762242	0.0010741336767623297
31.0	29.20904919329031	20.699086192107703	20.45326143227516	29.637953473969848	6.497083569774185E-4
32.0	29.292542792817173	20.65931207841785	20.53450114068842	29.51038249909997	0.0032614889765836194
33.0	29.440801505163027	20.579228042425576	20.50242604847192	29.475942040132384	0.0016023638070882164
34.0	29.21061226944863	20.733204222470743	20.579040537034047	29.476681361245337	4.616098012350161E-4
35.0	29.22617801488492	20.784331632774926	20.523726091605347	29.46537085146411	3.9340927068946374E-4
36.0	29.296648600896543	20.68552082973182	20.554448151992375	29.462451022382407	9.313949968565419E-4
37.0	29.292035975269552	20.692513165832793	20.428275128483104	29.58397215783577	0.003203572578779535
38.0	29.341021548147772	20.512382824578975	20.49566890145391	29.647737697897693	0.003189027921647862
39.0	29.379362516642093	20.570857781063694	20.475702900550708	29.572975670724645	0.0011011310188608014
40.0	29.23070359116276	20.643008679103037	20.60251213603391	29.52166385484568	0.00211173885461583
41.0	29.29189785919924	20.610766777542878	20.483112422705332	29.613717864538614	5.05076013940098E-4
42.0	29.184697689158657	20.801834314945822	20.533547197569558	29.479384398058865	5.364002670983385E-4
43.0	29.246377698245183	20.61586777196578	20.484755524674767	29.651527797806594	0.0014712073076760606
44.0	29.253883119586003	20.63658192392209	20.554884418959794	29.552294160194435	0.0023563773376799957
45.0	29.322371112824314	20.605520368193186	20.54108891364244	29.52187183890989	0.009147766430167981
46.0	29.293857071264558	20.583087500810983	20.612408580376485	29.509641891191897	0.001004956356075545
47.0	29.280191426585176	20.648336965204876	20.49701764758386	29.573622291003282	8.316696228066385E-4
48.0	29.23050014043439	20.61445492205369	20.513897333358404	29.6404611023607	6.865017928143559E-4
49.0	29.28688489061781	20.61004038549422	20.569710384397855	29.526420200216187	0.006944139273936996
50.0	29.315624989164817	20.593706202307295	20.507838792984018	29.581021011133966	0.0018090044099005004
51.0	29.396300646132477	20.504040297528796	20.501798044512963	29.596830787467137	0.0010302243586247353
52.0	29.273130195255725	20.608314723916664	20.604050700457226	29.514123663990077	3.8071638030703404E-4
53.0	29.335419770131693	20.589362264630992	20.456714728499655	29.617676581578845	8.266551588104065E-4
54.0	29.260289115240646	20.563212626815087	20.572568011569903	29.603330147681213	6.000986931543049E-4
55.0	29.22302765177468	20.648158291664114	20.514145253360617	29.60988759677688	0.0047812064237132985
56.0	29.261208326501	20.573944353294753	20.54779218783011	29.61539047936717	0.001664653006970073
57.0	29.281001211339564	20.54005125391558	20.60106409524136	29.577586197456014	2.9724204748457354E-4
58.0	29.29863052061299	20.578974569957985	20.52455410698286	29.596833890150588	0.0010069122955791044
59.0	29.33702815241952	20.62712209933593	20.53498903773261	29.500100980747813	7.597297641229016E-4
60.0	29.362062199353474	20.67024822268798	20.54186623533036	29.4242790652505	0.0015442773776896495
61.0	29.259116422228495	20.645829923306835	20.556958359932874	29.535516753947327	0.0025785405844670635
62.0	29.299438600765825	20.57762337875385	20.525202697062607	29.597364688410373	3.7063500734663043E-4
63.0	29.369070583251723	20.54012132279096	20.4633279743886	29.627091046239258	3.8907332946097297E-4
64.0	29.300133735524014	20.51200202519852	20.54937098306131	29.63684582507511	0.001647431141048324
65.0	29.279202675782045	20.604759440943297	20.520139934891404	29.595339837189115	5.581111941347109E-4
66.0	29.20796462808541	20.65012611586271	20.52782643919775	29.612942917125658	0.0011398997284725806
67.0	29.222815762015024	20.618807497723996	20.539723054794578	29.6180051797317	6.485057347029552E-4
68.0	29.20667067836959	20.60916938662134	20.54628142263424	29.637242265667822	6.362467070047079E-4
69.0	29.293237053341244	20.591819797739173	20.491023238513524	29.622065172782296	0.001854737623757368
70.0	29.327070437875697	20.522993997313232	20.494465570009016	29.65511338946075	3.566053413027268E-4
71.0	29.164678253343528	20.606068380892758	20.58884401774092	29.639554116485954	8.552315368339671E-4
72.0	29.24792074943469	20.564264024981156	20.57027673091418	29.617193926994723	3.4456767524496606E-4
73.0	29.248274656584666	20.57509884956276	20.538959459832423	29.63725044163133	4.165923888223402E-4
74.0	29.28347383980496	20.5277217732238	20.51409644389399	29.67416572843127	5.422146459871831E-4
75.0	29.238275239874106	20.565073991658117	20.579349589655866	29.616331848083664	9.693307282423143E-4
76.0	29.244598003963084	20.59696381286106	20.52730074622253	29.6306756216212	4.618153321269296E-4
77.0	29.26268704335211	20.601933289325768	20.549600449600504	29.585439045311503	3.4017241011973534E-4
78.0	29.262998423645747	20.594981662154716	20.551691493824922	29.589768789341157	5.596310334543822E-4
79.0	29.241618992072805	20.54259840553149	20.54893317401755	29.666376141077478	4.7328730068233463E-4
80.0	29.29369296461544	20.521465848626306	20.577608513416408	29.60673697290061	4.957004412468298E-4
81.0	29.25190742992015	20.52919836456266	20.620374959347426	29.59507442662275	0.003444819547017342
82.0	29.219073538015767	20.537619801038108	20.65358778520397	29.587700741309362	0.00201813443279304
83.0	29.333986749652297	20.525216992545168	20.51861746258255	29.621782823422222	3.959717977572157E-4
84.0	29.249940390206753	20.566168392860984	20.57370406025946	29.60971142009462	4.757365781866406E-4
85.0	29.26315862273796	20.540052058348845	20.58977049026639	29.606327227584583	6.91601062222387E-4
86.0	29.272183024135114	20.573143501211508	20.529416671678245	29.622618449462923	0.0026383535122111146
87.0	29.302777689607108	20.52005804373187	20.608757737955983	29.56789709816609	5.094305389500794E-4
88.0	29.273302119223754	20.577244629104175	20.56730878850831	29.581768405451964	3.760577117957033E-4
89.0	29.254927830234536	20.577774168500532	20.53704978655703	29.62524767665001	0.00500053805789503
90.0	29.255385503746556	20.549942387892944	20.543917328092206	29.648247708404895	0.0025070718633953154
91.0	29.20943064222824	20.550461491162658	20.618368721954027	29.62098280283109	7.563418239857661E-4
92.0	29.248163504904902	20.54604983030248	20.62190730918847	29.583114579931458	7.647756726925477E-4
93.0	29.280610581063794	20.52372252092549	20.643631209706417	29.551220409562596	8.152787417113329E-4
94.0	29.29107793289281	20.520750115095055	20.61043539782267	29.577249939067325	4.866151221361643E-4
95.0	29.29959913102947	20.567712854314685	20.55385951471773	29.57491016740915	0.0039183325289688965
96.0	29.18917395592842	20.576984359249504	20.62942368766191	29.603854366511666	5.636306485004173E-4
97.0	29.24405920419334	20.54578646159035	20.573848026643997	29.63566954279411	6.36764778212632E-4
98.0	29.170101388999488	20.587692298110618	20.637961952544558	29.60355482083762	6.895395077221753E-4
99.0	29.197640104693868	20.576424943471174	20.62403765732823	29.601108258055497	7.89036451229657E-4
100.0	29.15587657599333	20.533588272085854	20.652667895639706	29.656038427353426	0.0018288289276844464
101.0	29.21113690709019	20.595455079791964	20.608810353490444	29.58172256598398	0.002875093643423003
102.0	29.165170182845042	20.503815827941878	20.662884120054574	29.667306656054276	8.232131042354785E-4
103.0	29.15795077130151	20.553376863653266	20.66352014783846	29.624411878566313	7.40338640446897E-4
104.0	29.145976575149575	20.550024317502903	20.697530287722753	29.605765370663022	7.034489617457178E-4
105.0	29.224820566705123	20.511925173987336	20.65349549316002	29.602982119015664	0.006776647131851868
106.0	29.195927920678777	20.484376726208357	20.6972898481851	29.621353339835043	0.0010521650927195437
107.0	29.16740661322405	20.527064463634503	20.695759539323074	29.609157892832638	6.114909857311126E-4
108.0	29.192909032887094	20.53630474474079	20.673181988924867	29.596956140435015	6.480930122352183E-4
109.0	29.233039741883783	20.50921095109217	20.681342983567344	29.575878392058225	5.279313984823557E-4
110.0	29.113180965360492	20.523261927036877	20.71661046830415	29.638583440920996	0.008363198377485732
111.0	29.194623882259556	20.53811061847939	20.682528823341094	29.584161086187162	5.755897327948007E-4
112.0	29.12172879055732	20.51786886057164	20.685257934904747	29.672767919675614	0.0023764942906821574
113.0	29.151166008976542	20.481440583903286	20.696837666098855	29.668444284658555	0.0021114563627596165
114.0	29.13786315303871	20.567959972478018	20.743192578973428	29.55034316506865	6.411304411939131E-4
115.0	29.19882922529969	20.498859596362617	20.66566223804958	29.63587477593897	7.741643491362112E-4
116.0	29.07839865412441	20.520186763384217	20.745951059124785	29.655128516317735	3.350070488528597E-4
117.0	29.140426827100534	20.506087684359755	20.77456201791409	29.578143837876304	7.796327493156384E-4
118.0	29.141825790427816	20.538265570968797	20.754338468418826	29.563813220249646	0.001756949934912991
119.0	29.120801719280315	20.550379368636236	20.6778839223703	29.65044357956258	4.914101505680701E-4
120.0	29.00520179010197	20.588863493793337	20.811936703985683	29.59245076126424	0.0015472508547720075
121.0	29.071691541686896	20.592059458180078	20.790184286496658	29.543784239505065	0.002280474131303481
122.0	29.05064017862507	20.59769438291558	20.754428567213512	29.596525897400078	7.109738457606229E-4
123.0	29.10158330517747	20.51268441480524	20.77694076872646	29.607546918406317	0.0012445928845160564
124.0	29.024615511202988	20.571240498417204	20.77483169002203	29.628595164161915	7.171361958642378E-4
125.0	29.00380241173975	20.545608485234336	20.789634560918657	29.656980302969497	0.003974239137761545
126.0	29.038945576244775	20.54310572956043	20.854377112853197	29.542626819525836	0.020944761815765846
127.0	29.080769832577065	20.52548896886246	20.860001043133572	29.53340635268346	3.338027434412977E-4
128.0	29.15238890396557	20.537731165580496	20.828285530150264	29.480815318140362	7.790821633034123E-4
129.0	29.124428565387596	20.47551097343397	20.860051266040884	29.539199447212084	8.097479254708009E-4
130.0	29.04372930494584	20.526216232413887	20.872273122274994	29.555908484784922	0.0018728555803604872
131.0	28.94698133280425	20.554293396379936	20.883421288099548	29.612665095388447	0.0026388873278187105
132.0	28.83251260255724	20.68599655610248	20.7301451532207	29.748020475126896	0.003325212992681462
133.0	29.102606983272768	20.487949701795987	20.702858452818056	29.705350062894233	0.0012347992189626505
134.0	29.157129438414092	20.53259273576876	20.79290961476945	29.516633491241574	7.347198061243982E-4
135.0	28.96304079183805	20.60587789312813	20.755004208729083	29.673868269764608	0.002208836540126202
136.0	28.91438498614436	20.707552575148732	20.67937912036776	29.69735378451802	0.0013295338211245199
137.0	28.437359370709437	21.018542319844393	20.690173980570474	29.852035215767074	0.001889113108623329
138.0	28.709287079144797	20.99643485390848	20.995640191152514	29.296904066144837	0.0017338096493731193
139.0	28.452924194630636	21.33368684343727	21.80937045396762	28.402929987116575	0.0010885208478955393
140.0	27.56020885942096	21.901844160943423	22.019890009243134	28.51637180482075	0.0016851655717303364
141.0	28.44126751946863	21.02888211185781	20.713888160588038	29.81357031476396	0.0023918933215578584
142.0	29.496007867550716	20.840687172502545	22.319709574520992	27.339028308770917	0.00456707665482948
143.0	30.180074584693717	19.936400297613993	21.821288913199314	28.05974476316019	0.002491441332785216
144.0	32.245948143546265	19.385643546265165	19.781464698143548	28.585687399502994	0.0012562125420260196
145.0	27.334356863390987	20.851795074386374	19.792752439714043	32.01971351140299	0.0013821111056082614
146.0	27.696864253419996	21.10370831563451	19.8198502243144	31.376551435204853	0.003025771426243912
147.0	28.202286932335618	20.575810596597684	20.31188859342263	30.908603786798967	0.0014100908451026959
148.0	30.483332700377876	19.53826690465792	20.938087461785315	29.03746463361373	0.0028482995651595996
149.0	31.42437116363955	20.40239291765442	20.118446785880874	27.978406664100596	0.07638246872455666
150.0	21.96912807676262	26.298024045208024	25.234194257973986	26.496883730926285	0.0017698891290881277
