# Position (bp)	A	C	G	T	N
0.0	22.56841713528668	30.25071564696036	27.626638972418327	19.54989786737395	0.004330377960683194
1.0	26.450024223642654	18.163855450849077	17.96821313477384	37.41036212171123	0.007545069023199102
2.0	29.327296272804155	21.096166334420687	19.274382324513713	30.29758668599734	0.004568382264105352
3.0	34.436035059648056	19.448408587571304	19.984745533414554	26.127683050772728	0.003127768593359559
4.0	33.91468595973405	18.574097913420452	21.435818474426178	26.07315931752981	0.0022383348895090188
5.0	35.32138400168371	18.554901758680426	20.911837303145152	25.21043128627385	0.00144565021685692
6.0	26.136814512475397	18.982611676022522	17.1576340143224	37.720200858038346	0.0027389391413350753
7.0	26.124090639519498	23.04489839679644	18.921258360718177	31.907353383312078	0.0023992196538075994
8.0	25.39538744457927	22.451339415059753	19.22733394476478	32.92389776122073	0.002041434375469975
9.0	33.636990379962114	18.39394809304073	19.58798481483963	28.377726934346974	0.0033497778105477955
10.0	29.39462137071552	22.950588530091284	23.495557390215694	24.15706352983416	0.002169179143342537
11.0	27.259071133431185	23.147817079641833	21.357991163388714	28.232017959564814	0.0031026639734546536
12.0	28.927691373593014	20.89167250478726	20.219289150436694	29.959609546494793	0.0017374246882443604
13.0	29.160393151683834	20.65553290876039	20.184811542458384	29.99745106845048	0.0018113286469094907
14.0	29.228073620401428	20.849015609729147	20.607873778238364	29.30938129266506	0.0056556989659963695
15.0	29.52606381281604	20.89073665006132	20.52934227866344	29.05284970535602	0.001007553103179595
16.0	29.533966757982828	20.799921361285392	20.671723096224053	28.99205722869037	0.0023315558173530055
17.0	29.47471979828572	20.940517819592742	20.6601249749899	28.92322024571714	0.0014171614144986428
18.0	29.405313751116374	20.922855408159517	20.723040291667807	28.930708576577807	0.01808197247849224
19.0	29.28362506347868	20.995308401548645	20.543778157743933	29.176039769100676	0.0012486081280661948
20.0	29.177206263599313	21.070275923961756	20.52882771114887	29.22277719225324	9.129090368120322E-4
21.0	29.19886071217224	21.019696506567705	20.538604262513047	29.240752320383447	0.0020861983635636515
22.0	29.205733878193175	20.81438829252813	20.54897304299552	29.429638421073506	0.0012663652096700393
23.0	29.218658531680713	20.6624186886208	20.727419381266394	29.39040484762542	0.0010985508066714432
24.0	29.199943927958223	20.740549338463467	20.734945857528984	29.32264340582922	0.0019174702201051035
25.0	29.261258618488135	20.708029205232165	20.70709853322369	29.32270158448771	9.120585683062998E-4
26.0	29.274049794480238	20.70255635090112	20.606617352842978	29.41519457843232	0.0015819233433447368
27.0	29.20571964920795	20.751908857186667	20.665230588757208	29.37624769813186	8.932067163190356E-4
28.0	29.1767604485993	20.760760436691427	20.739177419102756	29.322166726578146	0.0011349690283697603
29.0	29.178480900799503	20.777809301006002	20.68112497616379	29.359347748233795	0.003237073796910827
30.0	29.182003597398353	20.745576027203246	20.687150513571282	29.384354920897753	9.149409293596516E-4
31.0	29.19312669029329	20.763866401616685	20.654578258705573	29.38734176456126	0.0010868848231900745
32.0	29.272409825887607	20.72331132720803	20.74522278498202	29.25757022057973	0.0014858413426137604
33.0	29.342703196977993	20.672823261333985	20.717637622467887	29.262758454180148	0.004077465039984641
34.0	29.178725527105225	20.784356597310573	20.756959497954785	29.277381610331776	0.0025767672976399272
35.0	29.167342763111215	20.856920618319606	20.6782979984565	29.296088012443853	0.001350607668826434
36.0	29.15945007468074	20.782276024615996	20.729006306798432	29.324912808798192	0.004354785106634935
37.0	29.149504316685004	20.818871828073622	20.60557860915638	29.424702814388876	0.0013424316961164217
38.0	29.24169734520704	20.661462579754897	20.640935333783418	29.454210184363937	0.0016945568907037766
39.0	29.261473888732155	20.70401970181589	20.657650203432155	29.375773348676393	0.0010828573434067427
40.0	29.19970830335286	20.671698530932563	20.779152428976623	29.34835318598963	0.0010875507483223072
41.0	29.16888210463161	20.72990667658559	20.655007643992416	29.444818722885675	0.0013848519047175078
42.0	29.136916015100788	20.879618836408802	20.660199005949803	29.32173804014991	0.0015281023906965991
43.0	29.214555843706098	20.718603287539697	20.64428537135346	29.418423444872516	0.0041320525282258535
44.0	29.150555114847055	20.761777490032678	20.70658023246484	29.379545671036993	0.0015414916184357654
45.0	29.186484704028803	20.711134510920814	20.745797464323562	29.352394384204494	0.004188936522325047
46.0	29.17941526728732	20.71698375870995	20.773825182505846	29.32853924122483	0.001236550272051032
47.0	29.21882962208621	20.74681421481489	20.64638080014492	29.386252044186694	0.0017233187672820317
48.0	29.200291387400274	20.739868690431894	20.62588692751396	29.428053567603	0.00589942705086635
49.0	29.231443465424185	20.686530877176796	20.719409933238317	29.361260095387703	0.001355628772998141
50.0	29.200098093081877	20.69042156844006	20.676370507168073	29.43217444951765	9.353817923460555E-4
51.0	29.25373219738882	20.612994746331566	20.72094571754287	29.407708459620164	0.004618879116576013
52.0	29.194040937433623	20.682068703993046	20.754274741198362	29.368465250921627	0.0011503664533421638
53.0	29.257377637495857	20.685095394414887	20.655444021056603	29.400905977477343	0.0011769695553078643
54.0	29.178567810781775	20.68029984240671	20.766610814320565	29.372528782778655	0.00199274971229676
55.0	29.15040149909135	20.757794183423712	20.67424463632988	29.41528466226092	0.0022750188941362747
56.0	29.17166126075307	20.6909244448026	20.69394638408177	29.44220876899625	0.0012591413663194794
57.0	29.184023601210445	20.684253620160632	20.75967451263416	29.370296745548398	0.0017515204463633793
58.0	29.17408452378047	20.730789350542693	20.687348596664165	29.405719027241194	0.0020585017714787155
59.0	29.214782621315376	20.736920015468815	20.69175995335452	29.355641038117998	8.963717432893771E-4
60.0	29.236283176532734	20.74807933668722	20.68445612348742	29.328734316631095	0.002447046661530731
61.0	29.211608707545384	20.766941743370122	20.70456857044099	29.31612533272709	7.556459164139031E-4
62.0	29.227832336307397	20.72338427280819	20.67390583806434	29.373552625463017	0.0013249273570566282
63.0	29.315098246889082	20.70779102867136	20.64029224852225	29.333540775359733	0.0032777005575805674
64.0	29.26473649948874	20.658437444419555	20.708387022167543	29.367911397539498	5.276363846618741E-4
65.0	29.18981866062696	20.708894015873692	20.738692863695825	29.361289239297577	0.0013052205059432883
66.0	29.09886596967086	20.761325884915305	20.721978748983755	29.379328435464796	0.03850096096528077
67.0	29.167106513248182	20.728372491445686	20.725862284203423	29.374826162545332	0.0038325485573816563
68.0	29.167783321196765	20.78089568777347	20.67220798017724	29.375458505117663	0.0036545057348669626
69.0	29.205278325303833	20.717810634640426	20.691352237574147	29.384991025720513	5.677767610788576E-4
70.0	29.234643089335886	20.65226265126972	20.67846951028619	29.433892969449797	7.317796584006818E-4
71.0	29.129200151159502	20.73588700159565	20.69664632707056	29.417586868928087	0.020679651246202302
72.0	29.180736142334734	20.641779147094645	20.764076027700835	29.412828856961355	5.798259084306456E-4
73.0	29.14300480316554	20.68597091559204	20.728656893984105	29.434867551974325	0.007499835283991426
74.0	29.18308619206284	20.669005671753865	20.71092886591993	29.436814496339075	1.6477392429108963E-4
75.0	29.118184516092604	20.71560282897189	20.734438602613334	29.431252154311956	5.218980102163908E-4
76.0	29.134773922099168	20.716189346593797	20.67355276545935	29.47512527335357	3.586924941204322E-4
77.0	29.190343990981965	20.711129732612175	20.677620673594767	29.42068863768077	2.1696513032854308E-4
78.0	29.123456970191995	20.72113397801471	20.754680746585766	29.40060675894459	1.2154626293859969E-4
79.0	29.237905296822348	20.641855573302475	20.75833148441206	29.36122119513454	6.864503285768047E-4
80.0	29.247006447461388	20.665361396396833	20.726865889786026	29.36039531042458	3.70955931177288E-4
81.0	29.153281917261786	20.62126533048768	20.813950818657524	29.383601094870837	0.02790083872217153
82.0	29.12011018395562	20.654227311837925	20.79654153761831	29.415594818049374	0.013526148538772943
83.0	29.23679701608978	20.679033850231836	20.624565486383165	29.45919678743454	4.068598606810122E-4
84.0	29.160163205528715	20.703870700879474	20.737043808786304	29.398460120763463	4.621640420456305E-4
85.0	29.195338567451817	20.68855611877856	20.722347770295606	29.393420404970772	3.37138503239901E-4
86.0	29.164795736322212	20.720276309122927	20.685564765976086	29.429048819886127	3.143686926506363E-4
87.0	29.166001459880686	20.679021906417784	20.763665333075988	29.390993589921795	3.177107037530371E-4
88.0	29.18989476410832	20.685153168302232	20.697783509003	29.420237926718873	0.0069306318675805105
89.0	29.168801932968417	20.692989742604585	20.704218492533556	29.43358397346227	4.05858431167763E-4
90.0	29.204040968036832	20.658532179396648	20.7024890655193	29.434828305388137	1.0948165908506177E-4
91.0	29.120830432656387	20.666804016142994	20.83494635893738	29.377336117983198	8.307428003675206E-5
92.0	29.127030798113964	20.66269284909042	20.84869576526634	29.361328323176423	2.5226435286064975E-4
93.0	29.161172512560164	20.641123083621075	20.861191982158356	29.33620022693718	3.1219472322802533E-4
94.0	29.187168112333644	20.60194755348297	20.836033476989602	29.374707105091414	1.4375210237449723E-4
95.0	29.231960103912087	20.690502042670143	20.73624107324159	29.341238513895195	5.826628098273075E-5
96.0	29.073383635583937	20.660751603989684	20.88275842515443	29.382781461647784	3.248736241602017E-4
97.0	29.100784033529397	20.686542903840753	20.752782387723776	29.459501383183433	3.892917226398291E-4
98.0	29.032930337007652	20.642341469816593	20.85004720999272	29.47188605439904	0.0027949287839993974
99.0	29.07283298292775	20.684400683136754	20.839863619268403	29.40271774984124	1.8496482585561645E-4
100.0	29.07207530645519	20.652777808208803	20.817261840111506	29.453659480180377	0.004225565044122724
101.0	29.151561360345575	20.653630265342553	20.83146007398076	29.362521628594195	8.266717369199864E-4
102.0	29.095434483195444	20.65292209491937	20.850468805845807	29.40072219432288	4.524217165009187E-4
103.0	29.10109295004502	20.639372490256775	20.82556175529223	29.433742778840276	2.3002556569858763E-4
104.0	29.101693271394986	20.69760908607491	20.886434096860608	29.31416321357025	1.0033209924851258E-4
105.0	29.20123326211724	20.606605866235874	20.82011794584353	29.371838608023833	2.0431777952885683E-4
106.0	29.122624296712722	20.60483833196235	20.86386245701001	29.408466751342736	2.081629721786718E-4
107.0	29.071097672102013	20.59695188558039	20.90530781116463	29.426395012536577	2.4761861639206945E-4
108.0	29.098693213941797	20.624049063197585	20.94267264971358	29.33433251226995	2.5256087709341394E-4
109.0	29.117370016904864	20.61697419475334	20.865297798609962	29.400247476334478	1.1051339735497235E-4
110.0	29.03159760708015	20.610311233889288	20.94949012139608	29.408224674022065	3.763636124132247E-4
111.0	29.116436653420795	20.663940526740724	20.876020666942203	29.34290945782757	6.926950687038059E-4
112.0	29.106451211502144	20.600340540549055	20.918947569041368	29.373827521409794	4.331574976412605E-4
113.0	29.08004113981487	20.568657107709683	20.98884788351786	29.362090870591086	3.6299836650735074E-4
114.0	29.055746736023625	20.6841233292497	20.95477588471673	29.304816548754054	5.375012558923576E-4
115.0	29.188238679627275	20.552897164845408	20.849451330228153	29.392647561906266	0.016765263392898827
116.0	29.058550488563846	20.61725902843572	20.962922689148176	29.361136992769755	1.3080108250975887E-4
117.0	29.024977888926163	20.543923446349474	21.08194462633631	29.341350129975442	0.007803908412613268
118.0	29.019978158629307	20.63127564225405	21.030607933543127	29.31790738427652	2.3088129699877402E-4
119.0	29.068884755213055	20.643424740907104	20.95659354632241	29.33095408857686	1.4286898057267602E-4
120.0	29.025855977372274	20.62680620826697	21.0175397359672	29.329699731167857	9.834722569852345E-5
121.0	28.96628038721515	20.636150793408635	21.104964677500394	29.292502435859102	1.0170601672453738E-4
122.0	29.01989403547783	20.603170504872732	21.010588548349276	29.366136141489775	2.1076981038620934E-4
123.0	28.98849293612516	20.58846209165947	21.011698474566167	29.41096367626655	3.8282138265239435E-4
124.0	28.919680099005056	20.658319939668793	21.04557030849221	29.37591779304257	5.11859791365949E-4
125.0	28.940996030527838	20.710534331963558	21.00311844767444	29.345291926290372	5.926354379398096E-5
126.0	29.047378829471494	20.605473525233737	21.080530702310913	29.26636935618147	2.475868023854988E-4
127.0	29.091573638799133	20.51473475878856	21.1342076851193	29.24768937052115	0.01179454677185847
128.0	29.11276472397397	20.54504356157001	21.157776985446816	29.18393842318276	4.763058264450438E-4
129.0	29.04734006666485	20.610024938441725	21.068900860741508	29.27351927106983	2.148630820819946E-4
130.0	29.01213648783174	20.637324465719185	21.104054270766827	29.246409130657113	7.564502512927735E-5
131.0	28.835694023720286	20.663795759100477	21.186287030856906	29.31366162653386	5.615597884684499E-4
132.0	28.928315228530437	20.614282298285165	21.0310343649655	29.4166325066612	0.00973560155769625
133.0	29.338069417885727	20.483687564670223	20.82655400489209	29.35168901255196	0.0
134.0	29.385100279768157	20.45602996785224	21.01389397140935	29.144680666879147	2.951140911076222E-4
135.0	29.01496704479457	20.547637189030205	20.978266081980404	29.45880998939679	3.196947980328113E-4
136.0	28.8454041801021	20.70664461917457	20.684069600876004	29.763881599847323	0.0
137.0	27.81860419797025	21.098954353612072	20.953184375304488	30.129257073113198	0.0
138.0	28.38110490680432	21.115059306341024	21.27006370337535	29.233486097506916	2.8598597238805435E-4
139.0	28.209930609197592	21.479313654830044	22.36100023593519	27.949109102250436	6.463977867339781E-4
140.0	27.507032630287505	22.151063318805747	22.658008448464923	27.66453376127967	0.019361841162157282
141.0	28.609861534747978	21.293146957494898	21.414496061091484	28.682276008865287	2.1943780035548922E-4
142.0	28.179983156656462	21.9439357279399	24.017003756332965	25.859077359070675	0.0
143.0	30.61830685985979	19.862795967965216	21.995030028336355	27.521816261446485	0.002050882392149222
144.0	33.36322931830255	19.076283055185687	19.801030721574094	27.755317460865005	0.004139444072661041
145.0	26.707453809779164	21.020467856620538	19.494606207909968	32.77712391445146	3.4821123886594565E-4
146.0	27.1629127518195	21.307087001945256	19.518715636992976	32.01128460924226	0.0
147.0	27.370781565405284	20.360432718278222	20.048048218804198	32.21967133881102	0.0010661587012765472
148.0	29.855643751323836	19.966109848607235	20.919629362369726	29.25825803185818	3.590058410250335E-4
149.0	33.59948944440818	19.450064907280492	19.41416646723089	27.535553960069333	7.252210111031337E-4
150.0	23.01731025299601	25.021875594445504	26.743009320905458	25.206391478029293	0.011413353623739776
