# Position (bp)	A	C	G	T	N
0.0	22.28393052214074	30.250196264232855	28.450011844844532	18.99333427637064	0.022527092411237848
1.0	27.31876824911898	17.21719994597228	17.594219051151885	37.843538329863314	0.026274423893541742
2.0	30.241674368893158	20.269686283197892	18.44785528154084	31.040781225484803	2.8408833050506827E-6
3.0	36.559363447596525	18.416060420619285	19.279496426630192	25.744937655318047	1.420498359527323E-4
4.0	35.73953535410877	17.605166451807623	20.99635945693424	25.658709615647457	2.2912150191393375E-4
5.0	37.285468299397145	17.75973197945907	19.980087044608133	24.972037895716916	0.00267478081873409
6.0	26.28984231998393	18.56437592672714	16.102987515048234	39.04279189717821	2.3410624822178746E-6
7.0	26.866569541243074	23.050984956935082	17.962224868925208	32.120217827920264	2.8049763740346236E-6
8.0	25.956149469692207	22.33398687589199	18.21631343062339	33.49335505144031	1.9517235210498682E-4
9.0	35.20520597315408	17.925297471488268	18.858151698391655	28.011299618941937	4.523802406093907E-5
10.0	30.0114495053031	22.969627123092636	23.188568417840976	23.829885866381826	4.6908738146232915E-4
11.0	27.658756074187902	22.97770800592867	20.848132949400412	28.51540203948828	9.309947397167965E-7
12.0	29.67306754445654	20.421857275906284	19.627167111734963	30.277908067902214	0.0
13.0	29.981347787653217	20.266308437088895	19.58422981953971	30.159986573363533	0.008127382354641286
14.0	30.024879560233614	20.47988119108656	19.956224862309842	29.53901067001445	3.716355537174874E-6
15.0	30.397338507160487	20.453103830428798	19.834158819742058	29.3153965214676	2.3212010514465105E-6
16.0	30.409182586582695	20.37599140597542	20.020157401236816	29.194667214138576	1.3920664933367554E-6
17.0	30.376539354813826	20.472017226554534	19.991045657947186	29.15321896287373	0.007178797810727327
18.0	30.299061957424716	20.425523150112003	20.048584908638713	29.22682812947059	1.8543539763139472E-6
19.0	30.227275310737568	20.45669462313058	19.9028569135238	29.41317083276207	2.3198459807856435E-6
20.0	30.104891713563774	20.504041756711526	19.808676037546487	29.58238770625042	2.7859277902653637E-6
21.0	30.11584740366951	20.416620938492333	19.879452446379254	29.587823616988544	2.555944703558373E-4
22.0	30.102422555146457	20.21626091528673	19.87035125136276	29.810476417477144	4.888607269139464E-4
23.0	30.161743087093733	20.072750804791745	20.03157650679139	29.733896077451917	3.352387122192257E-5
24.0	30.1612263417792	20.117099196532255	20.05113921553565	29.66537000312497	0.005165243027924103
25.0	30.28312903678766	20.077110527851072	20.027213322739033	29.60951606776479	0.0030310448574431934
26.0	30.250256844311487	20.11892081786712	19.977413250204197	29.648685798710723	0.004723288906476899
27.0	30.19694431078496	20.153828372216914	20.030631756638133	29.607893549921044	0.010702010438946247
28.0	30.168375605693214	20.130257104317916	20.103364592374156	29.597791502328676	2.1119528603879797E-4
29.0	30.124254686910284	20.12104723746983	20.02508208303027	29.729609897718355	6.0948712563232005E-6
30.0	30.158426692933766	20.108588273763786	20.0441142357527	29.688866100398464	4.697151288126806E-6
31.0	30.21013620171049	20.04431493869263	20.033172374253162	29.712374132606296	2.3527374238738283E-6
32.0	30.247250645913997	20.06400842448932	20.100302624036733	29.587631746841293	8.065587186579224E-4
33.0	30.35628731744278	20.00052159390502	20.046576673267367	29.570568724807227	0.0260456905776021
34.0	30.129447070680133	20.129056985320513	20.116935715564992	29.62455360478969	6.623644675149143E-6
35.0	30.10623596975534	20.19220060595489	20.046828311516933	29.654730372825313	4.739947519301066E-6
36.0	30.212944609869613	20.065665596474293	20.084520337964534	29.636861382889514	8.072802048459274E-6
37.0	30.19322757987589	20.11844638030491	19.98658066088504	29.70075208676746	9.932921667010276E-4
38.0	30.296084745675472	19.937476682318863	20.008075042851154	29.757272590531702	0.0010909386228112835
39.0	30.273544743878272	20.022197422493022	20.026096155368073	29.678154038367676	7.639892957841763E-6
40.0	30.190305017698755	20.030005216996422	20.145553539912587	29.617581273155917	0.01655495223631703
41.0	30.217401611062282	20.01113865835992	20.02175637696196	29.749702394948635	9.58667202568024E-7
42.0	30.125297195906697	20.131439805703902	20.109412523761	29.633782283169335	6.819145906585327E-5
43.0	30.21264261182522	20.015679625566396	20.04179180828927	29.729346170082422	5.397842366944064E-4
44.0	30.17200664828568	20.052307132198326	20.10842009847656	29.66679619952736	4.6992151207035334E-4
45.0	30.2184589980204	20.033617842754765	20.10064453763317	29.6311026115364	0.016176010055269377
46.0	30.218955872206887	19.969114964861554	20.206407302863813	29.60549960748623	2.2252581515934767E-5
47.0	30.172079008928844	20.074606418100345	20.059025714519194	29.69428449682387	4.361627752110783E-6
48.0	30.207610640493176	20.027930545986	20.057009632888107	29.70744432586513	4.85476758858509E-6
49.0	30.265967067171417	20.038793986157476	20.072246702959053	29.620184862890497	0.0028073808215537135
50.0	30.231225824075768	20.01931572242444	20.072053516198736	29.66756477140125	0.009840165899799058
51.0	30.241494637177414	19.94823812521969	20.106091965032718	29.704173808420887	1.4641492942668628E-6
52.0	30.17180368822292	19.99638660980975	20.159441428861133	29.67236631738516	1.955721038239299E-6
53.0	30.272814710686475	19.956744097238534	20.082710891984103	29.687727850985535	2.44910534989773E-6
54.0	30.207828548882787	19.973034746649983	20.114622001310515	29.70451028741715	4.415739564155122E-6
55.0	30.20409750086882	20.025719086504793	20.058556911076575	29.70855645233924	0.0030700492105681164
56.0	30.203362788694825	20.01616243008269	20.090587117041817	29.689884216290153	3.447890513596195E-6
57.0	30.18308696497611	20.029399279214953	20.163785114665362	29.623724693712933	3.947430645025168E-6
58.0	30.2364806832218	20.050971162897955	20.068555711300693	29.643990465010006	1.9775695459668914E-6
59.0	30.273906595406903	20.03985692128647	20.068409223237555	29.61782478346249	2.4766065810044446E-6
60.0	30.27883919098163	20.045348750885175	20.036672512715878	29.63913855305335	9.923639676652492E-7
61.0	30.26858151506307	20.088902127458876	20.020450985864855	29.622062886150225	2.485462974445802E-6
62.0	30.250107003295803	20.027480535056768	20.048527849146925	29.673881624381522	2.9881189849258215E-6
63.0	30.339272055725857	19.999072661862165	20.01240801177845	29.649246272852015	9.9778151262919E-7
64.0	30.2853689850716	19.951460096405103	20.084243612499293	29.678924307333475	2.9986905318185653E-6
65.0	30.226687107039364	20.01220658624344	20.081616262486925	29.679488041541845	2.002688428973939E-6
66.0	30.19980049697673	20.04632613702803	20.059610118821432	29.69425973567981	3.5114939977280633E-6
67.0	30.203742104904236	20.030668006728316	20.077310514560658	29.68827032793836	9.045868432768618E-6
68.0	30.23743149871953	20.047694940880394	20.05602648896591	29.658770542831974	7.652860218745933E-5
69.0	30.22788063267586	20.030795101386882	20.08875245762845	29.65257029491703	1.5133917844588676E-6
70.0	30.27278642388016	19.962311164074872	20.06209615372554	29.702803731336676	2.526982755450198E-6
71.0	30.145764305057014	20.037429509328863	20.145354550940276	29.66996138953596	0.0014902451378815513
72.0	30.261857430192478	19.965208008373104	20.087874188523813	29.685059865644064	5.072665399213871E-7
73.0	30.22438436194611	20.008291953056652	20.0912124999932	29.676111185004032	0.0
74.0	30.27326571799333	19.992148157470417	20.03428862607587	29.700296480168824	1.018291555945068E-6
75.0	30.201432261935324	20.015398853942365	20.097914354805198	29.685253509228215	1.0200888962589178E-6
76.0	30.185472280690114	20.024401763815447	20.068694235939322	29.72143120857264	5.109824774042143E-7
77.0	30.229766700616462	20.01544428977972	20.095459737140953	29.659328760554025	5.119088425495354E-7
78.0	30.222788412006874	20.011843401180027	20.096106476604923	29.668811903663972	4.4980654420617684E-4
79.0	30.316316597021785	19.96437868684026	20.097143458765057	29.62212066673847	4.059063442426863E-5
80.0	30.349022049305603	19.96104356782705	20.074506435214126	29.615427947653217	0.0
81.0	30.22890004024486	19.99880687957405	20.145762055537496	29.62542620709544	0.0011048175481503163
82.0	30.215430714858737	19.97098881537592	20.16392614242546	29.648995494269048	6.588330708344298E-4
83.0	30.30100363708727	20.017856058025664	19.99528646038723	29.68585384449984	0.0
84.0	30.30925251324048	20.01102591754986	20.039452411064637	29.64026863951749	5.186275294151791E-7
85.0	30.31324679508831	19.993733079053623	20.07304340596241	29.619976719895657	0.0
86.0	30.23098024698014	19.995811845097375	20.103761045680614	29.666207261579984	0.003239600661892797
87.0	30.257251437557624	19.98798277865506	20.11558475893495	29.639181024852363	0.0
88.0	30.238335190767625	20.031418507522776	20.076515590610654	29.653725483724386	5.227374562469403E-6
89.0	30.19887352025259	20.06698000144868	20.06465544909354	29.66802914871326	0.0014618804919349897
90.0	30.306390350165003	20.017005876372888	20.03233579122478	29.63598527249076	0.008282709746568606
91.0	30.253509202179085	20.002589689019583	20.12205934342863	29.621841765372704	0.0
92.0	30.24345202927332	20.014194602164295	20.127478030869746	29.614875337692638	0.0
93.0	30.265098488923435	20.019761634093648	20.12056734263186	29.594572534351055	0.0
94.0	30.288484770711953	19.992240258399512	20.11477903928603	29.60449381472239	2.11688011689285E-6
95.0	30.313071318954677	20.04461215198602	20.07014502380577	29.57153458881072	6.369164428098937E-4
96.0	30.253797491958856	20.00715747185251	20.135017448775525	29.604027587413107	0.0
97.0	30.25150551871772	20.033264277254638	20.06275377523189	29.652476428795755	0.0
98.0	30.18747389847948	20.069321231264574	20.089581648266666	29.65362322198927	0.0
99.0	30.205585661087824	20.053767246993655	20.12266086693142	29.617986224987103	0.0
100.0	30.214540912797105	20.040965121096068	20.105207238382498	29.63928672772433	0.0
101.0	30.296310315057568	20.05597938162821	20.070684343007965	29.57702596030626	0.0
102.0	30.2513733026425	20.003412704226076	20.084911805464774	29.66024782981666	5.435784999741397E-5
103.0	30.232706008997695	20.017793448875103	20.091603822388578	29.657896719738623	0.0
104.0	30.242867821998676	20.046130637874786	20.110288833975247	29.60070675831802	5.947833273819854E-6
105.0	30.30742525657608	20.02694625964782	20.123509515538494	29.53907129072611	0.00304767751149978
106.0	30.318167520401474	19.98895255851432	20.093871917529842	29.599008003554367	0.0
107.0	30.260180951759423	20.01293943275395	20.13529008893227	29.59158952655436	0.0
108.0	30.236363732281905	20.02163764427026	20.108610916407518	29.633387707040313	0.0
109.0	30.313054208047696	20.021470710297784	20.092977951010855	29.57249713064366	0.0
110.0	30.20914991250435	20.00550638861341	20.144455327690252	29.63003576028204	0.010852610909939707
111.0	30.257627487011636	20.029719079685204	20.106761239267193	29.60589219403597	0.0
112.0	30.20496004045945	20.032691693289458	20.08499342300929	29.67498405182828	0.0023707914135245043
113.0	30.248125823451872	20.011244987512004	20.080867331707346	29.659542110045003	2.1974728377725835E-4
114.0	30.28954020077669	20.06028644054566	20.077697335230354	29.572476023447297	0.0
115.0	30.336465370326042	20.01439310418089	20.069666955958603	29.579474569534465	0.0
116.0	30.22586454007325	20.060066231939306	20.121336773987363	29.592732454000082	0.0
117.0	30.231952840384285	20.049097731309462	20.15277144691406	29.566177981392194	0.0
118.0	30.277682174833508	20.041700728796773	20.122978588890255	29.55763850747946	0.0
119.0	30.264143802446696	20.072926216317807	20.067083029985085	29.595846951250408	0.0
120.0	30.25203293883058	20.07477099276562	20.100208388246998	29.572686995079856	3.006850769451145E-4
121.0	30.23265476859352	20.094799928477254	20.11896221197707	29.552929462332028	6.536286201298604E-4
122.0	30.227821495662855	20.07649982144214	20.088766050932534	29.606912631962473	0.0
123.0	30.238498036393608	20.05841648050253	20.110030431922574	29.59305505118128	0.0
124.0	30.180058357177693	20.072955989494513	20.0937999085479	29.653185744779893	0.0
125.0	30.218898246043896	20.098585798314417	20.097821822583345	29.584694133058342	0.0
126.0	30.233481214097747	20.047505565162012	20.140630751678827	29.57838246906141	0.0
127.0	30.298893216999552	20.020542267121307	20.14677068741534	29.5337938284638	0.0
128.0	30.23623510729475	20.078681392829996	20.13937481086618	29.545708689009075	0.0
129.0	30.260336098819263	20.04642205852928	20.119468959966564	29.57377288268489	0.0
130.0	30.244902363524815	20.03395106713899	20.131477613619833	29.5882556279955	0.0014133277208544855
131.0	30.300703472099244	20.057408128350254	20.08470492256459	29.556790475489326	3.930014965879558E-4
132.0	30.286487814854045	20.08259631570418	20.1061939169073	29.50098998652379	0.023731966010682747
133.0	30.27904675650927	20.130288886136178	20.11029967368168	29.48036468367287	0.0
134.0	30.207807470564756	20.082913312042404	20.12058324382487	29.58869597356797	0.0
135.0	30.164526108672025	20.088057605833047	20.135574532100257	29.609763027411866	0.002078725982805105
136.0	30.20034976756264	20.05010668234431	20.1497996554222	29.599743894670848	0.0
137.0	30.21289102652571	20.108826891074845	20.147584034742085	29.530617536705016	8.051095233996115E-5
138.0	30.25635707432892	20.123242428371775	20.100355282392993	29.51780517613112	0.0022400387751960083
139.0	30.210275085652082	20.13542673116345	20.11625610957663	29.537985991246664	5.608236117145599E-5
140.0	30.187342459726995	20.14038240399333	20.090385028198085	29.581877527714084	1.2580367506202316E-5
141.0	30.215234861887495	20.122457289109814	20.143314866682786	29.5189929823199	0.0
142.0	30.174603902093956	20.0734005589198	20.171253670367832	29.572014166020853	0.00872770259755197
143.0	30.21309511270236	20.11240839389	20.08371596531774	29.58211968225386	0.008660845836039608
144.0	30.24884251815133	20.07894256347823	20.121229782360796	29.550985136009643	0.0
145.0	30.259613060752557	20.109365347536844	20.142460272298184	29.48856131941242	0.0
146.0	30.306679291828498	20.046155734516955	20.10434296658367	29.54282200707088	0.0
147.0	30.264497886082047	20.089561207435324	20.137342769405773	29.508554134756437	4.4002320422083645E-5
148.0	30.235869746546527	20.143349792020086	20.15068787602148	29.470092585411905	0.0
149.0	30.23166144358889	20.108630234096047	20.16783588162395	29.4833224789019	0.008549961789202897
150.0	29.937437122481985	20.07801504567834	20.158770453242816	29.825777378596857	0.0
