# Position (bp)	A	C	G	T	N
0.0	22.900605584894215	29.016801176048872	26.768449489715422	21.311537554569814	0.002606194771666677
1.0	27.10351855609643	18.572806728048327	18.629571569692118	35.66147695065905	0.032626195504079594
2.0	29.18575593212982	21.151165835295245	19.294416228117896	30.365267326699612	0.003394677757431353
3.0	34.36247795091805	19.258598187306145	19.86780062672645	26.510206765296402	9.164697529572465E-4
4.0	33.49139311143976	18.750237366883958	21.445103450378884	26.311782961423898	0.001483109873492114
5.0	34.791098713165965	18.934892987945666	20.550345731678128	25.720549861533016	0.0031127056772154646
6.0	26.245614617113567	19.632236054551537	17.398227323872796	36.721516782642595	0.002405221819508837
7.0	26.53188512042445	23.137546343126136	19.050346409861344	31.27827476232488	0.0019473642631864184
8.0	25.94507527509697	22.56808044431724	19.0475237616048	32.43872711711296	5.934018680290805E-4
9.0	33.25247123079732	18.870076223287512	19.699202355481056	28.176278280362038	0.0019719100720753816
10.0	28.930260116502982	23.15646605326343	23.166001247015945	24.746349378042183	9.232051754606552E-4
11.0	27.292202233835887	23.139242528687348	21.184543161348124	28.382979104358384	0.0010329717702588143
12.0	28.8141501063791	20.993362577547302	20.30426280420946	29.887178272921066	0.0010462389430784067
13.0	29.03464965407863	20.866835099140644	20.228312644833373	29.869652199004236	5.504029431146174E-4
14.0	29.013633563408796	21.0292863791042	20.615216560372012	29.34153339661177	3.3010050322446297E-4
15.0	29.363980371787772	21.062863952600168	20.475067957982912	29.097496539545965	5.911780831861804E-4
16.0	29.32910386836615	21.04328787758008	20.54724200584392	29.079830234993693	5.360132161617606E-4
17.0	29.29297689549326	21.120039811620252	20.583113283542247	29.003265470660157	6.045386840869068E-4
18.0	29.103757439638184	21.16119339680433	20.66903588662247	29.065491341642907	5.219352921107008E-4
19.0	29.00308482542162	21.131177717855326	20.538763812441076	29.324996368128176	0.0019772761538024257
20.0	28.99510646405788	21.139010025379175	20.47117305392444	29.394298635278926	4.1182135958154557E-4
21.0	29.066188728684146	21.092375953175694	20.555615256630215	29.285188739800894	6.313217090537435E-4
22.0	29.093124216253464	20.910052276983073	20.562106205742634	29.43393518389563	7.821171251954092E-4
23.0	29.062361700662407	20.809137379788467	20.677892766003215	29.449716452919166	8.917006267420744E-4
24.0	29.041001608990047	20.914127442819545	20.66654514546814	29.360234780052803	0.01809102266946412
25.0	29.124464546928223	20.84157445727202	20.673531637756508	29.351666557188793	0.008762800854448506
26.0	29.187692990287022	20.84716711750578	20.54994099489719	29.414485927553773	7.129697562342693E-4
27.0	29.169664934719897	20.818223181911712	20.583333527543875	29.42758567460997	0.001192681214544295
28.0	29.102848208189734	20.8454692406921	20.695445232738706	29.355839813013475	3.975053659797637E-4
29.0	29.127414863057254	20.90191434774028	20.583061969607265	29.38655351621604	0.0010553033791636515
30.0	29.008969741491974	20.875062279354864	20.655916046534774	29.45897809129661	0.0010738413217720089
31.0	28.987371056575185	20.9267623057422	20.52816244565663	29.557026606834512	6.775851914724382E-4
32.0	29.046327407984467	20.812257698499	20.702098552567165	29.43573234855965	0.0035839923897116634
33.0	29.22737309923568	20.760424333969393	20.64628254279445	29.364301387353002	0.001618636647468613
34.0	29.01432817922901	20.98604323135053	20.71446501249271	29.28460295718505	5.60619742700766E-4
35.0	29.01122606604241	21.03964015284376	20.655685423355976	29.292913072153397	5.352856044515478E-4
36.0	29.073973006128025	20.95819963459808	20.68722742623829	29.279778805131485	8.211279041205756E-4
37.0	29.061807949541464	20.916578590751204	20.51796037238326	29.49972595442135	0.003927132902714673
38.0	29.107912745270053	20.7174287964174	20.597500801831682	29.57348274356701	0.0036749129138584683
39.0	29.130899090273765	20.81438339795245	20.60027014570882	29.453297687551007	0.0011496785139600433
40.0	29.063689561862095	20.76799251246298	20.757000969884473	29.409280415049892	0.0020365407405642084
41.0	29.026966353465433	20.789508678022123	20.647880012240805	29.53507879001852	5.661662531233505E-4
42.0	28.88530265522678	21.095420406528884	20.6597703578185	29.358966651042763	5.399293830737683E-4
43.0	29.02563279467209	20.803211955808905	20.58644367090892	29.58274562597546	0.0019659526346259425
44.0	29.018072147869546	20.883459375834796	20.705359101279523	29.39040999202428	0.002699382991851551
45.0	29.09150640395769	20.826659685879406	20.70996386256056	29.360108508724377	0.01176153887796699
46.0	29.074765173216445	20.839512462254124	20.795219591228996	29.28959305440059	9.097188998426337E-4
47.0	29.124515054018847	20.904860616268273	20.592269895081323	29.377529696568374	8.247380631911306E-4
48.0	29.021255731717115	20.81395999252783	20.62671849743638	29.53732700440294	7.387739157324318E-4
49.0	29.050417542563387	20.80613676222487	20.732674375012603	29.402266904345637	0.00850441585350454
50.0	29.04985535033028	20.817401745553184	20.657308345285834	29.47264462527686	0.0027899335538448026
51.0	29.120627347382484	20.685817797051246	20.696089212300496	29.496515154093455	9.504891723186279E-4
52.0	29.027395363624336	20.832962011717214	20.751615595939587	29.38750280996669	5.242187521681842E-4
53.0	29.132800468447194	20.789654834994405	20.581638724678566	29.495068572896898	8.37398982932413E-4
54.0	28.97168596425915	20.784754031143052	20.78073017937177	29.462190375913533	6.39449312490613E-4
55.0	28.970490881363343	20.889552517029923	20.64549343508686	29.488767303928558	0.005695862591316211
56.0	29.030339328037098	20.749370068324026	20.768281436518894	29.450178016276407	0.001831150843576465
57.0	29.10121660947182	20.73380620334554	20.757805484161267	29.40686992516862	3.0177785274574964E-4
58.0	29.121111564471246	20.77525222619272	20.686071865625973	29.4166693436757	8.950000343616085E-4
59.0	29.071019141783804	20.882750260509578	20.693516874489877	29.35215072011314	5.630031035948231E-4
60.0	29.12332857279982	20.89037354082202	20.652249744613	29.332834132879587	0.0012140088855738353
61.0	29.064295902399845	20.882503639152475	20.658542009300916	29.391986614761397	0.0026718343853681225
62.0	29.081377020132315	20.820423954100423	20.647167251268634	29.450605357017217	4.264174814110679E-4
63.0	29.179788124093275	20.7578099773042	20.570554756180265	29.491236330187263	6.108122349982864E-4
64.0	29.10737146009092	20.71130482443567	20.67598903731491	29.5034234708555	0.0019112073030056308
65.0	29.089688094016093	20.801095361698117	20.665363286205583	29.44278226155308	0.0010709965271264174
66.0	28.970008032975812	20.889292718976108	20.68195532775704	29.457648591094905	0.0010953291961345326
67.0	28.949453477959324	20.85051458481006	20.717420164135643	29.481508733780444	0.0011030393145272483
68.0	28.995065010946412	20.831486423352626	20.6971755397265	29.475862759816003	4.102661584608592E-4
69.0	29.086103477381343	20.818614830670697	20.67976964305489	29.413583165115725	0.0019288837773468789
70.0	29.157873402679957	20.693782021449493	20.697425998631946	29.450432713614283	4.8586362432746934E-4
71.0	28.990880879576718	20.802314712396637	20.766656669356905	29.438993530312395	0.0011542083573429075
72.0	28.979515373823233	20.716405905660082	20.775831182867897	29.527789335629983	4.582020188028485E-4
73.0	29.018294481990885	20.783974622803207	20.703365288711264	29.49399257960705	3.7302688760042636E-4
74.0	29.06323702460682	20.689348313576687	20.678802124851117	29.567985853424805	6.266835405686276E-4
75.0	29.000458439069117	20.767578611471084	20.762561050005957	29.46803019200295	0.001371707450898288
76.0	29.026314496359213	20.820847035956533	20.644076371915432	29.508125117158567	6.369786102582675E-4
77.0	29.046775809426734	20.75003821837936	20.715315926062072	29.487246072591244	6.23973540585533E-4
78.0	28.990284755878577	20.7802740557812	20.699430932537553	29.529473399706024	5.368560966489072E-4
79.0	29.055545969477432	20.73636766319551	20.7236131995067	29.48411835843516	3.54809385193767E-4
80.0	29.136005737212383	20.732971843228334	20.74616170354206	29.38450270552299	3.5801049422971875E-4
81.0	29.028063963560218	20.713451410993883	20.847689629070903	29.406421796635946	0.004373199739053073
82.0	29.01687155704536	20.704526136234993	20.815103622021862	29.461138623835083	0.0023600608627077765
83.0	29.183174169918786	20.67365912787706	20.6315370342289	29.5109905741406	6.39093834661777E-4
84.0	29.095471296051922	20.744455196817295	20.69931478060272	29.46013313392569	6.25592602367477E-4
85.0	29.097473665383404	20.710254366762012	20.771630571706815	29.419634581592547	0.001006814555221903
86.0	29.025879575582536	20.783415697225216	20.6888060542196	29.49898760703401	0.0029110659386343313
87.0	29.088902603204474	20.717655722159424	20.73523949787343	29.45745693082748	7.452459351869681E-4
88.0	29.04101916707998	20.784515407398395	20.768396816904005	29.405580166481432	4.88442136193542E-4
89.0	28.987793101944405	20.80011158147402	20.708052751047003	29.497418444104962	0.006624121429608836
90.0	29.071562487327014	20.73501779677672	20.679760962720874	29.510185704139897	0.003473049035501008
91.0	28.994690702452008	20.76955898994016	20.788233114480164	29.446444692731795	0.0010725003958788227
92.0	29.02718321553628	20.73344404101175	20.790719100817718	29.44805813514277	5.955074914842428E-4
93.0	29.09731310223283	20.68680870087343	20.80700517165377	29.40801248132889	8.605439110817187E-4
94.0	29.08334618034416	20.696447344239793	20.767868014601174	29.451685222976202	6.532378386711575E-4
95.0	29.14088633645805	20.70858606762414	20.68610610454417	29.45996957711663	0.004451914257012977
96.0	28.979937114229987	20.748421440428217	20.82692266067814	29.44418324478702	5.355398766339266E-4
97.0	29.016055022547537	20.816208465580964	20.681318706152073	29.48571725578773	7.005499316963817E-4
98.0	28.93373391505137	20.75279173604464	20.85121249382724	29.461620826647366	6.410284293819044E-4
99.0	28.971599859866963	20.728111753774193	20.774745428855805	29.52447571916783	0.0010672383352010005
100.0	28.94213393890894	20.737436023374315	20.76834521949528	29.55050877854102	0.0015760396804450174
101.0	29.05360631453904	20.75728192394024	20.715538031071766	29.469876414223457	0.0036973162254933527
102.0	28.955708837180943	20.647359182790517	20.85939984000767	29.53629807936607	0.001234060654807102
103.0	29.00044501509417	20.703246645440853	20.81663708085816	29.479081834641036	5.89423965781974E-4
104.0	29.016008422913238	20.704765619272152	20.857408477875637	29.42104441530628	7.730646326920554E-4
105.0	29.138651743494513	20.680350180314345	20.763157274983115	29.411079487973602	0.006761313234422328
106.0	29.0338474363246	20.57706978018656	20.8487909424564	29.5393398778657	9.519631667440672E-4
107.0	29.021361796899477	20.637009505348423	20.84261961188804	29.498407580846198	6.015050178594686E-4
108.0	28.958338153982577	20.721291471214272	20.879914103344614	29.440004127805587	4.521436529536816E-4
109.0	29.08319920712398	20.68067822078144	20.84750262726789	29.387997465698017	6.2247912868078E-4
110.0	28.992814160716122	20.683853382205196	20.889580340152136	29.42435580127426	0.009396315652277904
111.0	29.055911235468084	20.695527640109315	20.81990644782434	29.427840642424542	8.140341737160155E-4
112.0	29.00487669500557	20.630780256895537	20.820211747842396	29.54169939016278	0.0024319100937143707
113.0	29.00473684747993	20.635674136404287	20.819721157675605	29.537679601212	0.002188257228178334
114.0	29.03529354328027	20.713902544595467	20.85405504528164	29.3963023316875	4.465351551173822E-4
115.0	29.067386535944177	20.630400273294214	20.89278338546246	29.40870037234513	7.294329540180663E-4
116.0	28.961979750854272	20.750064280044867	20.83114408542849	29.45637713940758	4.3474426479155255E-4
117.0	28.948200704171683	20.67824790298079	20.964857463660984	29.40799534616694	6.9858301960605E-4
118.0	28.979839128852852	20.687080929362235	20.86981521908623	29.46138052913353	0.001884193565154114
119.0	29.035113632280908	20.691168232196013	20.81588496652708	29.457300902325073	5.322666709248001E-4
120.0	28.895854079187487	20.726160861577526	20.926105156721896	29.449595798885696	0.002284103627395198
121.0	28.94875590615051	20.72661122443057	20.9385578538778	29.383697521182427	0.002377494358695371
122.0	28.962605964606418	20.683831628469385	20.937335299802825	29.415509068114616	7.180390067510028E-4
123.0	28.976115575154292	20.6541140437466	20.934749116672972	29.433914222718343	0.0011070417077963413
124.0	28.825718572786723	20.679716853618608	20.963068259478966	29.53085086672195	6.45447393759359E-4
125.0	28.835679693835342	20.701851517333978	20.941179506548774	29.517613930054136	0.003675352227771743
126.0	28.944448521081274	20.680832397274802	21.026401285672698	29.321909252989002	0.02640854298222201
127.0	29.03968808324555	20.70288729587317	20.949878316312613	29.306963189174713	5.831153939548426E-4
128.0	28.969492781408736	20.712897819558915	21.011335191655643	29.30567104248435	6.031648923566083E-4
129.0	28.920969876193997	20.65080742657445	21.032332777965284	29.39504168831888	8.482309473936096E-4
130.0	28.945660226647767	20.647149389318674	21.043984530610977	29.361537894860234	0.0016679585623494493
131.0	28.830387131797057	20.69012356561434	21.0103932298779	29.466302323195393	0.002793749515308543
132.0	28.827754858651254	20.70476355877288	20.999402189762336	29.465870857930472	0.002208534883055568
133.0	29.051764170652678	20.630036238378718	20.85520267600038	29.461686588864744	0.0013103261034780247
134.0	29.140462136248374	20.658617410472008	20.897318481553896	29.30212037887073	0.00148159285499102
135.0	28.92506543936874	20.682586500414363	20.901697447086608	29.48851828671607	0.0021323264142222714
136.0	28.896441704980447	20.6905950240445	20.81631116900839	29.59525593039053	0.001396171576132022
137.0	28.478245383677926	20.924503006954726	20.873932516632753	29.721714699006107	0.001604393728489091
138.0	28.791852741281765	20.923425003388335	21.076666260293557	29.20655763607994	0.0014983589564066084
139.0	28.322217377456653	21.425778231783095	22.1089869111524	28.14163901885517	0.0013784607526831014
140.0	27.10549104415192	22.26361178524621	22.162012154642877	28.46756352114625	0.001321494812744185
141.0	28.413981799009758	20.8221803558751	20.41352355483753	30.348140139095502	0.002174151182111084
142.0	29.765477743946644	20.698673336233146	22.684138031027985	26.847179933304332	0.004530955487893287
143.0	30.33638471793745	19.86141587016918	22.15762484894013	27.642496097929353	0.0020784650238875016
144.0	32.907712841834766	19.176564005674056	20.15725347096836	27.757970907509343	4.987740134748787E-4
145.0	26.812753450649208	21.056426045450934	19.571593618247142	32.5574169727598	0.0018099128929144925
146.0	27.10527357367506	21.448484645510668	19.633388034875026	31.809403184867868	0.0034505610713789154
147.0	27.204465923370215	20.60061794582682	19.997214430479048	32.19575589808502	0.0019458022389015025
148.0	29.6208329974306	20.125534602115465	21.06327167192742	29.186743314502113	0.0036174140244041087
149.0	32.45143544064981	19.86138126205244	19.854181101770614	27.753174331532943	0.07982786399418978
150.0	23.44165187699825	25.023350663861294	26.32374392087006	25.20829011676978	0.002963421500610794
