# Position (bp)	A	C	G	T	N
0.0	28.07073162153469	23.849855884143086	25.622463120190293	22.45189552692042	0.005053847211516375
1.0	28.581305160026147	18.750150868043995	19.384466622444094	33.266377164028434	0.01770018545733332
2.0	29.803695492769382	20.025973620401807	18.192020278236	31.978019469142048	2.91139450757961E-4
3.0	31.313555442775293	19.636589230932533	19.55144441331361	29.49835267947408	5.8233504483255026E-5
4.0	32.578747918966705	18.884622674137624	20.008468888908578	28.5281592839229	1.2340641897501046E-6
5.0	33.18740797970278	18.744091376792618	19.781493537734267	28.286280835900985	7.262698693488431E-4
6.0	29.661915912642705	18.328484536005284	18.29233162928254	33.71716498517825	1.0293689121789869E-4
7.0	28.844992269499308	20.759097833687232	18.551462088689185	31.844340231221395	1.075769028771027E-4
8.0	28.457127405179307	20.455210583030716	18.836744737225253	32.25074633032786	1.709442368665863E-4
9.0	31.72549175054351	19.0467281170627	19.21868270922457	30.008948624988946	1.4879818027143472E-4
10.0	30.027746402220977	20.91624044169095	20.88646063535533	28.16942703204262	1.2548869011859412E-4
11.0	29.209802504526973	20.93007123712584	20.101483561692916	29.758597652475128	4.504417914829711E-5
12.0	30.02252072623588	19.93472098819668	19.767287532025527	30.27519460323965	2.761503022592793E-4
13.0	30.209659429387315	19.831341339739534	19.646415124529877	30.312519675087035	6.443125624428529E-5
14.0	30.24725012121009	19.905593411419346	19.728091151349844	30.11903129895572	3.401706500082832E-5
15.0	30.420866301068934	19.9548252288612	19.640468663330733	29.98377910068941	6.0706049724519584E-5
16.0	30.534548072676802	19.859969907463363	19.77192171591337	29.833468078932572	9.222501388957248E-5
17.0	30.483213522839677	19.888379422152774	19.8688158024562	29.75951484163747	7.641091387998793E-5
18.0	30.564773855853115	19.76625881423254	19.95290477166097	29.716046799151176	1.575910219376522E-5
19.0	30.406274734123055	19.843975840301418	19.72859182904502	30.021109079669717	4.851686079172361E-5
20.0	30.199209929259606	20.07586773296334	19.71991635818668	30.004912532372636	9.34472177407674E-5
21.0	30.03957036391734	20.14892843627437	19.681143886658504	30.130257735430966	9.95777188247998E-5
22.0	30.025542406103114	19.99663853030741	19.645521585940966	30.332058084426965	2.3939322154569131E-4
23.0	30.10220072346122	19.884246690864728	19.785016713639642	30.228376572911635	1.5929912277256355E-4
24.0	30.123365600456957	19.924238299268136	19.833107530728824	30.119164433082524	1.2413646355515295E-4
25.0	30.15768372265819	19.88454911705325	19.871766715693887	30.085951721890808	4.872270386645107E-5
26.0	30.17259675513424	19.892110889989155	19.84447879724522	30.090633128419796	1.8042921159176247E-4
27.0	30.10551837070288	19.933020285433155	19.834722764811332	30.12669220941966	4.6369632966661394E-5
28.0	30.111843560448808	19.914241016014834	19.893501109055563	30.080265308612525	1.4900586826635458E-4
29.0	30.082337887359405	19.938236132438302	19.84671658447898	30.131969806776336	7.395889469764358E-4
30.0	30.056127244270197	19.931613783887276	19.872545880400708	30.139257536022463	4.555554193515607E-4
31.0	30.064819064428118	19.902700068737623	19.83357970458782	30.197990925132252	9.102371141921043E-4
32.0	30.07830412938988	19.939317156730528	19.872958391523106	30.10935642368994	6.389866654542305E-5
33.0	30.140081393730572	19.92785093534448	19.866033956095382	30.06595985794761	7.385688195594886E-5
34.0	30.053442154423	19.970929545423747	19.86795694033398	30.107602309444054	6.905037522035546E-5
35.0	30.03488285251743	19.95758703462797	19.85044721532943	30.156927255428766	1.5564209640417102E-4
36.0	30.06838871275707	19.911314403194826	19.90118606934732	30.119043993683338	6.682101744230256E-5
37.0	30.094937664131677	19.934420161102018	19.831558989591958	30.13898400961457	9.917555977010361E-5
38.0	30.12323366169513	19.869052777743693	19.847283174929842	30.16035587047537	7.451515596046981E-5
39.0	30.08911597667766	19.931982319135425	19.825073753212397	30.15377569667424	5.225430028008305E-5
40.0	30.039057871213465	19.93941088538749	19.89944948594803	30.12202317581683	5.8581634186536606E-5
41.0	30.076453612061883	19.89511193649103	19.841809202283528	30.18655032965334	7.491951022419065E-5
42.0	30.035074533242412	19.983679944987365	19.874149038614235	30.106880073302143	2.1640985384366478E-4
43.0	30.03744827033774	19.92305677979262	19.861777951461765	30.177477642670308	2.393557375650559E-4
44.0	30.001559017226075	19.95272002179862	19.890076856611493	30.155364139118674	2.799652451395774E-4
45.0	30.009967804962212	19.937759421428357	19.9042265135663	30.14749410721497	5.521528281550852E-4
46.0	30.053444357708052	19.89199916251891	19.94131382517169	30.113124209695265	1.1844490608276587E-4
47.0	30.04863293688837	19.945482616227988	19.85324014005476	30.15248146361361	1.6284321527187604E-4
48.0	30.039669114610806	19.920358238689285	19.855509872570906	30.184385626389687	7.714773931197117E-5
49.0	30.058277381940457	19.910508180620415	19.886780114621246	30.14429114604329	1.4317677459851428E-4
50.0	30.07336105148856	19.95777246242123	19.852921454370815	30.11585490555025	9.012616914744872E-5
51.0	30.08407668630502	19.927761419581756	19.867208207604197	30.11963869467501	0.0013149918340151685
52.0	30.043242000524227	19.925510097003173	19.91931530386059	30.11187144063775	6.115797425830284E-5
53.0	30.061877848597224	19.93979823798239	19.817043086607516	30.180661708769374	6.191180434971148E-4
54.0	30.015685963972928	19.922982551206637	19.88705302816501	30.174151849686886	1.2660696853962621E-4
55.0	29.98902154069673	19.93440278595245	19.89576212653681	30.180418744256375	3.948025576386418E-4
56.0	30.027347671870164	19.922091535068674	19.85936954343265	30.191139882369487	5.136725902790493E-5
57.0	30.02774869870441	19.92118396403398	19.910932542649572	30.140069179339623	6.561527241524813E-5
58.0	30.029554077107523	19.93714429232124	19.86545241361949	30.167780887402557	6.832954918703243E-5
59.0	30.055437017042745	19.925339142527722	19.867256239966125	30.15179839811878	1.6920234462784815E-4
60.0	30.067607308164263	19.884867484970712	19.876578881840132	30.170409280481696	5.370445431990995E-4
61.0	30.054309233547205	19.92857668649269	19.900511721491835	30.116407895018988	1.944634492853196E-4
62.0	30.068237076056004	19.913080191959274	19.851935760809074	30.16669761296552	4.9358210131019414E-5
63.0	30.068965418522396	19.934849329803438	19.825709659979893	30.169385105903025	0.0010904857912499186
64.0	30.0699438364406	19.89447645298746	19.85022703169391	30.184617383111572	7.35295766464224E-4
65.0	30.01421104088642	19.916008580360526	19.851484898272634	30.21825890761259	3.6572867840663564E-5
66.0	29.999236720044316	19.92347153385157	19.87744050521936	30.199818527017293	3.271386746468613E-5
67.0	30.026227234739792	19.90577739606656	19.8958545766969	30.172087042253093	5.37502436459215E-5
68.0	30.008069122841324	19.997821562740963	19.832962485014544	30.161099546308197	4.72830949748735E-5
69.0	30.011725503084353	19.953201945324192	19.86324961780755	30.17177556067229	4.737311161401178E-5
70.0	30.027005542082673	19.895608910907338	19.823318239256952	30.25401984611169	4.746164133667434E-5
71.0	29.97457001832093	19.950016846020503	19.86705282031522	30.20800367398716	3.5664135618185684E-4
72.0	30.027726426049266	19.927095655779432	19.880706049020752	30.164343487071932	1.28382078618882E-4
73.0	30.01145884756892	19.95206587208861	19.874770900627386	30.161573092576237	1.3128713884400002E-4
74.0	30.050053879238753	19.91639749192476	19.84685673437336	30.186096631850006	5.95262613123149E-4
75.0	30.014317918276866	19.938617752850156	19.880703894070674	30.166296535730456	6.389907184201935E-5
76.0	29.99036235625131	19.940825913097253	19.849020473884075	30.219676548319292	1.1470844807179233E-4
77.0	29.997000532062795	19.963579836519777	19.862948128206927	30.176423396266838	4.8106943660034E-5
78.0	29.996029114790634	19.936430489907462	19.85928622394443	30.208113587721698	1.405836357755951E-4
79.0	30.032075764315834	19.94930395595459	19.865655228400293	30.152400292295667	5.647590336192199E-4
80.0	30.061119041406897	19.897147668750204	19.849848596194278	30.191744910648826	1.3978299979586307E-4
81.0	29.976248816292024	19.95905088125076	19.894711461266457	30.169932284982316	5.655620844162276E-5
82.0	29.97158024451871	19.92569540665311	19.90499482033305	30.197676903316427	5.26251787029626E-5
83.0	30.016888030757944	19.952773112647705	19.81769698941573	30.21258102451421	6.084266441222512E-5
84.0	30.01483088993725	19.949585080118492	19.859608657357754	30.175900865242944	7.450734355892889E-5
85.0	30.015066407950513	19.9286697245963	19.857496631307658	30.198544629350454	2.2260679506698998E-4
86.0	29.980033014642952	19.95875712901157	19.83689503177415	30.223610325047108	7.044995242180143E-4
87.0	30.00485081082267	19.938679046330183	19.856729711308276	30.199386109073945	3.543224649232684E-4
88.0	30.007952183725035	19.934377791769286	19.85777253351871	30.199694040485586	2.034505013873754E-4
89.0	29.95110137848116	19.953970363941135	19.870594663933307	30.22428434067513	4.925296926997796E-5
90.0	29.978313581912523	19.966369937839506	19.82588026611624	30.228550656948407	8.85557183326636E-4
91.0	29.95856896018145	19.976592190519597	19.85041034751277	30.214321359650185	1.0714213599386488E-4
92.0	29.95831956157114	19.989266765459075	19.872701707718697	30.17966792130437	4.404394671970733E-5
93.0	29.962492000264064	20.002865404155823	19.86268704164204	30.171923835632374	3.171830570023049E-5
94.0	29.97375600595508	19.959763142595897	19.856338351738888	30.210083083204815	5.9416505322067646E-5
95.0	30.02459079074658	19.987644167133194	19.811584833215846	30.175965596957184	2.1461194719233503E-4
96.0	29.987306904693963	19.966266801724135	19.842306121476998	30.204061904258968	5.826784593942688E-5
97.0	29.972705033846665	19.9978247655722	19.808535721094245	30.22063838737728	2.960921096123537E-4
98.0	29.94701410080906	20.02219721536911	19.843086988064393	30.18766130071453	4.039504290420189E-5
99.0	29.926935098149137	20.002506455749582	19.843270169103832	30.22564829175089	0.0016399852465531486
100.0	29.93895393610087	19.968111751447722	19.863623239267795	30.22923554639686	7.552678674978194E-5
101.0	29.93357185300604	20.008157313939485	19.853396809943625	30.204826368699518	4.7654411330312836E-5
102.0	29.946722999641885	19.97784349171671	19.856059103723254	30.2193294592919	4.494562625613369E-5
103.0	29.968526360787944	19.98378617911816	19.874899272362633	30.172688255330606	9.993240065720051E-5
104.0	29.922081736309398	20.035902268976567	19.839956935897714	30.202023792747234	3.5266069090179145E-5
105.0	29.94020790485965	19.988567139703925	19.877738680431413	30.19341276633305	7.350867196646286E-5
106.0	29.96402008252338	19.979381196191515	19.855287015851296	30.20126495655882	4.674887498832341E-5
107.0	29.920275639833417	19.97466735212629	19.873867138634946	30.23109901235978	9.085704556709398E-5
108.0	29.898632546680844	20.00666411901172	19.898921363111114	30.195638274351705	1.4369684461647595E-4
109.0	29.956447976487148	19.97381520086351	19.85449796766872	30.21518467107711	5.4183903505083994E-5
110.0	29.89019508118792	20.004764104445186	19.893240100788763	30.211759269185006	4.144439312167701E-5
111.0	29.944404721357117	19.97019171506302	19.85622147261813	30.22912909820056	5.299276117450119E-5
112.0	29.956694570074564	19.960283906366868	19.806316795515887	30.27665305400184	5.167404083937245E-5
113.0	29.90426712282633	19.966299308829264	19.898241342915387	30.231121733327694	7.049210133127355E-5
114.0	29.918623074014633	20.02435373330482	19.86551206163799	30.191426064838556	8.506620399879212E-5
115.0	29.968200639715388	19.97386371764665	19.922842550104654	30.135038181341322	5.491119198470001E-5
116.0	29.912147757734076	20.03367744600038	19.897230244926277	30.156882273134766	6.227820450256357E-5
117.0	29.8780109728207	19.999506402360616	19.902151526780976	30.22026141366509	6.968437261889043E-5
118.0	29.872277211528875	20.007177069279656	19.90010163319143	30.220391700757332	5.238524270461284E-5
119.0	29.940520340242372	20.006789606428935	19.847038966336687	30.20554897448556	1.021125064509576E-4
120.0	29.8844201737047	20.010045639321426	19.901071184937166	30.204309483941465	1.535180952363686E-4
121.0	29.90055190192588	20.03032351506569	19.91200972197856	30.15705477499811	6.008603176648844E-5
122.0	29.853817288606592	20.048475007716434	19.884470317159074	30.213165407603665	7.19789142324524E-5
123.0	29.85844823156002	19.98586543820602	19.943109824470213	30.212505825592263	7.068017148776608E-5
124.0	29.83531589500607	19.981708901000452	19.912013832315168	30.270911181426996	5.019025131425018E-5
125.0	29.83362091679083	20.018302375494955	19.902169875164297	30.24585651389296	5.031865695479095E-5
126.0	29.842852654323593	20.02673927166817	19.943858480552066	30.186497657557414	5.193589875503122E-5
127.0	29.96170319252637	19.946030974278163	19.92329480195339	30.168910032481094	6.0998760981264745E-5
128.0	30.050806538452708	19.843613074608296	20.01047368655554	30.095051509771263	5.519061219023094E-5
129.0	29.85013752899016	19.871354843130923	20.136380204434204	30.14206012054428	6.730290042746764E-5
130.0	29.73824597897022	19.894871484415383	20.099958781893534	30.26685027414105	7.348057981756002E-5
131.0	29.64664145873729	19.963970657413256	19.892593416636654	30.496753869245648	4.059796715753769E-5
132.0	29.407894374731537	20.169961487268946	19.81130201893449	30.610750133059266	9.198600576179228E-5
133.0	29.4563807119596	20.075914207689692	19.95479719990363	30.512864022131208	4.385831586184388E-5
134.0	29.53655962731015	20.00806776497867	19.886004671167363	30.569298161935066	6.977460874987852E-5
135.0	29.667465600917946	19.872412409020747	20.006218226557042	30.453827697709908	7.606579435630752E-5
136.0	29.754890191785492	19.936445072776593	20.030827641457318	30.277769957956828	6.71360237637111E-5
137.0	29.96578786147717	19.90721067821801	19.945917663492704	30.18102257579942	6.122101269227913E-5
138.0	29.955025570504564	19.971551144232873	20.063071966762795	30.010279167829523	7.21506702490242E-5
139.0	29.449554077317824	20.382948272217288	20.989881605484907	29.177548279554433	6.776542554392459E-5
140.0	27.937789788109484	21.05528104281284	20.967931614874015	30.038938830860268	5.8723343388212044E-5
141.0	29.721689690336067	19.40454044229356	19.207708984698478	31.66600504528056	5.583739134159973E-5
142.0	31.806559703925018	19.10629258976803	20.55536602897303	28.53171784444879	6.383288513306573E-5
143.0	31.49890657426987	18.817593633212837	20.814614671671592	28.868816355863537	6.87649821704904E-5
144.0	33.15659575334573	18.652660833282216	18.41299025769324	29.777696593284713	5.656239410262882E-5
145.0	27.953158889338166	20.10761233954068	18.843897608475597	33.09488072723098	4.50435414578859E-4
146.0	28.234516440865992	20.21403729928749	18.996235413517013	32.55513919996678	7.164636272432715E-5
147.0	29.115638933489162	19.782925201252784	19.79548546293206	31.305871840566702	7.856175929087399E-5
148.0	31.54329007104042	18.45836176137458	20.069258442857787	29.928695739283167	3.939854440463003E-4
149.0	32.650494383094234	19.78475683038622	19.015859148649923	28.532957632113487	0.015932005756134033
150.0	21.744596735743084	26.158667062065437	23.909992655472863	28.183808607362426	0.002934939356189499
