# Position (bp)	A	C	G	T	N
0.0	27.203252830188802	22.7029726996319	27.364842040542175	22.71551100661012	0.013421423026998652
1.0	28.554034742038347	19.30779293999688	20.2101342456533	31.907825301125342	0.02021277118612719
2.0	29.583260714254006	20.091840571537517	18.517596959703052	31.806476809283314	8.249452221065921E-4
3.0	31.362159781821287	19.639566685314694	19.96102369647559	29.03578302939616	0.0014668069922721418
4.0	32.529005149669366	19.03769187838543	20.170740322105697	28.262545063863552	1.7585975957956474E-5
5.0	32.97611744385939	19.093764334076003	19.866031501307877	28.06235259862342	0.0017341221333141822
6.0	29.159661267117905	18.635555765685556	18.344282548170877	33.86037813141062	1.2228761503909607E-4
7.0	28.505922516921707	21.351095919460818	18.725653998052255	31.417262602753738	6.496281148400539E-5
8.0	28.446703928487587	20.86218488985485	19.055181439553	31.635875935487384	5.3806617182092386E-5
9.0	31.850297820599994	19.273363354789176	19.463220302297596	29.413090069852533	2.8452460703950868E-5
10.0	29.736133335493275	21.310985975642506	21.104962755719605	27.847824777839598	9.315530501936256E-5
11.0	28.865319302011883	21.28665933564749	20.213158019905446	29.634841256300366	2.2086134821497098E-5
12.0	29.811061132855134	20.143427534268117	19.845075463187207	30.200412224982102	2.3644707438044878E-5
13.0	30.01721346452275	20.059974865062383	19.779770730444373	30.142954307964715	8.663200577870131E-5
14.0	30.00999264505059	20.16841304217253	19.884066681348862	29.937305698568462	2.21932859549176E-4
15.0	30.189053529420534	20.20427295164432	19.786422253292383	29.819906806716013	3.4445892674903186E-4
16.0	30.295931946479687	20.1039830567275	19.903646722695512	29.695330071350334	0.0011082027469658117
17.0	30.26324084633497	20.124668153196236	20.022821863613036	29.589237717361826	3.141949393280932E-5
18.0	30.38181895739081	19.967479957138778	20.101024457651402	29.549637378192116	3.924962688912183E-5
19.0	30.21871219287474	20.05365692900796	19.880598226203258	29.846885039140787	1.4761277325362076E-4
20.0	30.019316542608426	20.27119029687898	19.873849650030216	29.83556339926413	8.011121824721179E-5
21.0	29.85675078529076	20.337935390355042	19.83620378157638	29.968985909737118	1.2413304070199842E-4
22.0	29.84010691971943	20.191378752731644	19.798328534494853	30.170152783437658	3.300961640860875E-5
23.0	29.931592792740148	20.058887619278504	19.946618283329958	30.06286828055829	3.302409310454263E-5
24.0	29.953834159323794	20.122109344769477	19.97849154981906	29.945516174091797	4.877199587514778E-5
25.0	29.971283834730745	20.096461028254815	20.029278134692202	29.90293450043311	4.250188913026464E-5
26.0	29.984306832661638	20.090049822526357	20.00236785874773	29.923141610852383	1.338752118909916E-4
27.0	29.910563708238925	20.124290063119105	19.99843732056706	29.966590714289644	1.1819378526676014E-4
28.0	29.944947424327445	20.095406615217954	20.045102232151947	29.914460158346774	8.35699558818435E-5
29.0	29.891434636227498	20.133253078147337	20.014298018590456	29.960966939318485	4.732771622755696E-5
30.0	29.897779406774422	20.121226432167013	20.03476527512315	29.94612615167086	1.0273426454831774E-4
31.0	29.90801636425877	20.092662962073735	19.99077509677708	30.008399893854072	1.4568303634104513E-4
32.0	29.916360042032974	20.12966518584303	20.02319133959409	29.930672373533667	1.1105899623641687E-4
33.0	29.967715552111336	20.100924724721597	20.02277957808742	29.908502255854753	7.788922489523382E-5
34.0	29.87897269167748	20.15179504644353	20.034116689915667	29.935040719036575	7.485292673987983E-5
35.0	29.839701341711166	20.15046572119076	20.017793283367467	29.99189602566295	1.436280676501604E-4
36.0	29.89406127767188	20.081928875228105	20.05698102477594	29.966929664254454	9.915806962204733E-5
37.0	29.937608064476585	20.12152420812547	19.98900624993089	29.951706026482118	1.5545098494224835E-4
38.0	29.93187262731954	20.058202308839657	19.998051282772742	30.011576671551786	2.9710951627005437E-4
39.0	29.927751354911553	20.100114085109237	19.97832952658011	29.991746589493207	0.0020584439058907128
40.0	29.865095160304257	20.12943022583262	20.045661940650543	29.95951430716024	2.98366052342792E-4
41.0	29.896232139082418	20.089125774079427	19.997722431837044	30.016235996660967	6.836583401444614E-4
42.0	29.867256515340923	20.154565777986136	20.020857668278403	29.957180754052388	1.3928434214984864E-4
43.0	29.86192088520348	20.110307047078404	20.003046999991092	30.024577391438577	1.4767628844762311E-4
44.0	29.841065538356975	20.12729426778961	20.047289928637372	29.984259188557388	9.107665865436027E-5
45.0	29.853076302467134	20.12159601570898	20.04928406211393	29.975833377378287	2.1024233166764365E-4
46.0	29.88541455917163	20.0747063124508	20.075046070733034	29.96473015008789	1.0290755663909408E-4
47.0	29.891859745303133	20.12760627653106	20.016587496440724	29.96386790058484	7.858114024148542E-5
48.0	29.881977738963965	20.092698669274746	20.005432402236654	30.019810794565533	8.039495910480705E-5
49.0	29.906732227194283	20.097743578805147	20.033156810307155	29.962225973217315	1.4141047610243527E-4
50.0	29.892554310278314	20.130468400595962	19.99484864784175	29.98201328052799	1.1536075599133502E-4
51.0	29.912675827990746	20.0994473208667	20.007145529477143	29.980635506085424	9.58155799866562E-5
52.0	29.8871044402644	20.092824693450716	20.073550237550506	29.946353399110983	1.672296233932586E-4
53.0	29.90050221597303	20.112442623808587	19.975214544062265	30.011681305263348	1.593108927677883E-4
54.0	29.870468753607764	20.090391868218603	20.019003425726975	30.019507140607583	6.288118390696832E-4
55.0	29.844132899973097	20.08235965070352	20.03168528698512	30.041358224478437	4.639378598292862E-4
56.0	29.87315539063495	20.077220555151083	20.02831076882457	30.021105863333087	2.0742205631134133E-4
57.0	29.871607008354108	20.083354071576558	20.05037577931484	29.99451893303931	1.4420771518318932E-4
58.0	29.887228427804608	20.07069222580397	20.005772784241316	30.03532627168853	9.802904615770782E-4
59.0	29.891229187820734	20.06560353710036	20.01277554453171	30.029597768247836	7.939622993660642E-4
60.0	29.917938726523534	20.0437892189706	20.0151574166152	30.02296762615761	1.4701173305710897E-4
61.0	29.899827852892425	20.07704098068827	20.032055995109083	29.990765152015165	3.100192950588142E-4
62.0	29.910971761835953	20.057436576053412	19.998605511023154	30.03284860407442	1.375470130596304E-4
63.0	29.938536744934556	20.071552844903444	19.973709187889988	30.016090572138815	1.1065013319892805E-4
64.0	29.900193114723905	20.04346327035222	20.01039806507115	30.045827801134493	1.1774871822840944E-4
65.0	29.876193252959826	20.062459566514367	20.002797560086893	30.058417886017015	1.3173442189991352E-4
66.0	29.872240759569777	20.059713112426518	20.007918431714153	30.060024779319	1.0291697055046326E-4
67.0	29.861875991674307	20.059966387743145	20.045898652353944	30.032154062133404	1.0490609520063041E-4
68.0	29.847262962763565	20.137701583121746	19.977538386968064	30.037364284721253	1.327824253734316E-4
69.0	29.878116896673795	20.0887926797693	19.989264652931794	30.043692637797882	1.3313282722687348E-4
70.0	29.886434167241855	20.04020757293014	19.9515206179964	30.121711087348146	1.2655448345608714E-4
71.0	29.821915386515474	20.097937150635754	19.998219988245662	30.081793626062986	1.338485401209261E-4
72.0	29.882915992231396	20.061265309355232	20.018167222390172	30.03748240239885	1.6907362434727123E-4
73.0	29.855406648797018	20.09152259860722	20.005664446119653	30.047243745996838	1.6256047927164235E-4
74.0	29.884706570021947	20.071775328867123	19.99522028380709	30.048162836688107	1.349806157317839E-4
75.0	29.85659113263705	20.08068881429188	20.02745741615602	30.035104419417287	1.5821749776179374E-4
76.0	29.853958982877	20.086134939402996	19.99024925395264	30.069510511455487	1.4631231187960605E-4
77.0	29.858585887154366	20.099854272756712	19.996088132103406	30.04531261710856	1.59090876951338E-4
78.0	29.857028567394966	20.080854064486804	20.00983518347655	30.05213327951713	1.4890512455036192E-4
79.0	29.889108255651564	20.076521335243243	20.002166627252706	30.03203312529173	1.70656560764375E-4
80.0	29.912153513683847	20.04374879919353	19.979094892007954	30.064854825272487	1.4796984217732738E-4
81.0	29.832684264955763	20.10531622307454	20.019374624033436	30.042494388992324	1.304989439417653E-4
82.0	29.819092921803236	20.05872906106825	20.035662026404662	30.08637615791871	1.3983280514180284E-4
83.0	29.853528330662115	20.104102404577365	19.978094094918912	30.06411694474458	1.5822509702839423E-4
84.0	29.879059199626322	20.088411412939188	19.988262733442983	30.04412239950177	1.442544897316589E-4
85.0	29.867662202116165	20.065818320507393	19.99366083297038	30.072690453565663	1.6819084039555518E-4
86.0	29.829940610265705	20.088491465922644	19.985420112264045	30.09598637711012	1.614344374844234E-4
87.0	29.85258531480457	20.06363087181193	19.994268265895556	30.08937364586281	1.419016251338196E-4
88.0	29.86297083224086	20.079895055279703	19.987504912486212	30.069472263212326	1.5693678090107115E-4
89.0	29.80291542478693	20.093980187030567	20.011809297057635	30.090991256141674	3.038349831938987E-4
90.0	29.821052058526053	20.1039244464262	19.959565658571442	30.1152558667389	2.0196973740537375E-4
91.0	29.813949619016	20.107694699397314	19.99227318627487	30.085800709904003	2.81785407814484E-4
92.0	29.829743448373726	20.119471701571474	19.991672585345377	30.058559813637377	5.524510720507058E-4
93.0	29.81519399477792	20.135102297962383	20.012466704021058	30.037118378638972	1.1862459966514501E-4
94.0	29.84046405452951	20.102151710758314	19.98449162187198	30.072689920543503	2.0269229669228115E-4
95.0	29.870029170347557	20.131821612177102	19.94904004649345	30.048911405913735	1.9776506815898443E-4
96.0	29.83338957867389	20.11675510794941	19.973085710843	30.076578697157274	1.9090537642132562E-4
97.0	29.836536102216854	20.14657045450282	19.922680926824643	30.094034127403095	1.7838905259057617E-4
98.0	29.803361320311833	20.15671439234899	19.962560087338442	30.077204039327547	1.6016067318734155E-4
99.0	29.792731057883763	20.146721081722898	19.97563830576855	30.08476776078449	1.4179384030164354E-4
100.0	29.79414649487594	20.12868101851669	19.982517182665216	30.094490239250455	1.6506469169861964E-4
101.0	29.803085368233745	20.14373441683575	19.978532575620854	30.074489617011636	1.580222980124241E-4
102.0	29.789836138601444	20.140938882136243	19.98685719931664	30.082083080407727	2.846995379479358E-4
103.0	29.810304552997202	20.136819272109076	19.99402550334492	30.058497786538364	3.528850104439579E-4
104.0	29.768156380220802	20.170455557154344	19.977493321578223	30.083661820409525	2.3292063710531624E-4
105.0	29.8121197272789	20.133570329902785	19.99071318428562	30.063374576663843	2.2218186884279703E-4
106.0	29.80406607482589	20.138150510792897	19.98543796303339	30.072075956335524	2.694950122968247E-4
107.0	29.78892764598226	20.12344963249936	19.997301551695323	30.08988731692332	4.3385289974243147E-4
108.0	29.75028445565314	20.144354837749237	20.03476236582839	30.070414817844025	1.8352292520548564E-4
109.0	29.796985673466075	20.12744041688847	19.97596927208375	30.098511209460415	0.0010934281012824816
110.0	29.749820253530295	20.143789308322997	20.01624823511143	30.089857008253635	2.8519478164356574E-4
111.0	29.807099954252486	20.11685951090671	19.961927612159	30.113461417424315	6.515052574894872E-4
112.0	29.786800450403078	20.126614287680887	19.932807324077373	30.153613464581408	1.6447325725276038E-4
113.0	29.7663509125778	20.124011882632033	20.01648924463298	30.0926904339465	4.5752621068198773E-4
114.0	29.771587506346687	20.18044043481674	19.970777079064103	30.07701926525935	1.7571451311624979E-4
115.0	29.82312470860396	20.116176303365272	20.043368391474612	30.01702987824838	3.007183077786925E-4
116.0	29.752640971074225	20.169575791027373	20.02626640941126	30.05132361320942	1.9321527772522503E-4
117.0	29.738182573496104	20.137241083057496	20.017463520175287	30.106916830970178	1.9599230093748977E-4
118.0	29.73808351569956	20.15363096894521	20.028140416396596	30.079946255436617	1.9884352201791276E-4
119.0	29.782806235070986	20.15599189038743	19.97460199120177	30.086420587936928	1.7929540288828187E-4
120.0	29.730324378411748	20.163282144493095	20.012290265099665	30.09388018417678	2.2302781870997556E-4
121.0	29.743574399255973	20.18705962190219	20.031449582088165	30.03767184643424	2.445503194340933E-4
122.0	29.695386658429957	20.19754479020294	20.011863800694755	30.09499420928623	2.1054138612026967E-4
123.0	29.71465814605338	20.158652260245272	20.046285324852526	30.080109854042824	2.9441480599619297E-4
124.0	29.693183692441487	20.13511954444661	20.01149545929358	30.15999930027639	2.020035419342693E-4
125.0	29.685755466697195	20.159883975393925	20.022052673619992	30.132086169496063	2.2171479282561888E-4
126.0	29.70260803774042	20.164310674352834	20.05858228229487	30.07428679664151	2.1220897036732848E-4
127.0	29.817707107621157	20.10949891257542	20.032325347742216	30.040263899652587	2.0473240862106646E-4
128.0	29.893767833188207	20.019675207455194	20.107352895739826	29.97895807581043	2.459878063420279E-4
129.0	29.73534287954709	20.048987631696765	20.22628273705396	29.989169441736234	2.173099659500849E-4
130.0	29.613101702343602	20.076164930857257	20.178746110467173	30.13174104779886	2.462085331039041E-4
131.0	29.555184828016714	20.13150149149812	19.982085972572545	30.331014712054234	2.1299585839234985E-4
132.0	29.313668748376838	20.32892501058362	19.90525586932793	30.451931985556328	2.18386155286438E-4
133.0	29.37182835670474	20.220851089233165	20.065234398523245	30.341829717348396	2.5643819045303653E-4
134.0	29.458234953054678	20.136544537862413	20.019442825131357	30.3852293772341	5.483067174475873E-4
135.0	29.55709790833766	20.046922751919887	20.12691988677038	30.26858295278645	4.7650018562646633E-4
136.0	29.6403262252167	20.116156844834084	20.13602622617043	30.107044746553235	4.4595722554909256E-4
137.0	29.813817733237762	20.090978604405997	20.05760792811967	30.037353756873937	2.419773626403291E-4
138.0	29.882699120953827	20.090825090747742	20.18458918262307	29.841658914565677	2.2769110968677672E-4
139.0	29.359412902317118	20.498449882691247	21.154859342770557	28.987073550465688	2.0432175539241597E-4
140.0	27.77591318340188	21.239481621385025	21.16389215475191	29.820448820587973	2.6421987320969016E-4
141.0	29.176588836505314	19.738503199017973	19.40294085639305	31.681692202238914	2.7490584474817374E-4
142.0	31.097202804283658	19.447568800187735	20.781066612193964	28.67397435627548	1.8742705915995696E-4
143.0	31.112659131900838	19.056274155933195	21.17867213590404	28.65227269492086	1.2188134106361522E-4
144.0	33.115709937857595	18.819268624553505	18.68469537961801	29.380101773083023	2.2428488786692055E-4
145.0	27.9433496124504	20.190601274104235	19.109037111887712	32.75551381625785	0.0014981852997918803
146.0	28.118526949154244	20.38918921857168	19.08990886408323	32.40220392916932	1.7103902152184008E-4
147.0	28.844811119009623	20.23004692896942	19.710485719257985	31.213025664925386	0.001630567837580341
148.0	31.374518678875816	18.886804309140622	19.876763538899432	29.86109587691242	8.175961717105022E-4
149.0	31.38834964928558	20.609291838706298	19.347767835140537	28.640795606631396	0.013795070236190934
150.0	22.467259606177194	27.56294301265954	22.376809658955906	27.580369783090376	0.012617939116988034
