# Position (bp)	A	C	G	T	N
0.0	27.239582936258707	24.037213950795653	35.35318752519319	13.360231900422615	0.009783687329831897
1.0	27.174704141989935	18.315254869367532	20.434415544135646	34.010852722617635	0.06477272188925123
2.0	30.045998345294127	19.769243865347786	17.00756994565327	33.17718046880678	7.374898037425321E-6
3.0	31.995841867500673	19.55627003728325	20.102954123285947	28.34490643341298	2.7538517148613283E-5
4.0	34.884682905917714	18.194832875382367	20.377798393879562	26.542680340085724	5.484734630621771E-6
5.0	35.6237441315072	17.95677371231917	20.155061665614294	26.263884483463656	5.360070956783131E-4
6.0	29.350658084092885	16.860873285670486	17.533742302893426	36.25471725210499	9.075238217062364E-6
7.0	27.54054486518378	21.968743456595675	17.77036014376939	32.72034700859061	4.525860552216991E-6
8.0	27.395442457097452	21.14179404923916	18.56391645978247	32.89884251604349	4.5178374364536234E-6
9.0	33.32238361417132	18.616652054964295	19.07217185761318	28.98878345321784	9.02003335878937E-6
10.0	29.739754130412038	22.209316009506065	22.096565653149348	25.954357453446125	6.753486426586347E-6
11.0	28.244803843863053	22.154187644096098	20.63266811084391	28.968329609123796	1.0792073146729214E-5
12.0	29.962451579458556	20.201902591516674	20.016178834756698	29.819461604826298	5.38944178174083E-6
13.0	30.376866060444925	19.895275726315987	19.880946312126554	29.84690068628128	1.1214831253663997E-5
14.0	30.428452793665688	20.09081677396389	19.991532318460518	29.48918287894783	1.5234962076393056E-5
15.0	30.810418523399264	20.1055286766613	19.744918661701544	29.33912518648899	8.951748905197752E-6
16.0	31.08314095354439	19.906386850397425	20.024500860784613	28.9859614975818	9.837691769144039E-6
17.0	31.03909283147459	20.001233935330262	20.164480630945715	28.795182773655203	9.828594230910044E-6
18.0	31.34036854072006	19.582247248734458	20.487443908689126	28.589932714349914	7.587506444024591E-6
19.0	30.908203013433916	19.82731827901618	20.00181611738309	29.26265455740859	8.032758230685394E-6
20.0	30.463839113866808	20.288741960527602	19.901537295675187	29.34587002841283	1.1601517571310467E-5
21.0	30.132239622893447	20.457103705752118	19.80488571046428	29.605758467121703	1.2493768454104756E-5
22.0	30.087928001522567	20.14455924328683	19.70870316563402	30.058803342502404	6.247054179290847E-6
23.0	30.252526410248237	19.894035444538577	20.050813547734688	29.80259916227968	2.5435198817600603E-5
24.0	30.30249159953832	19.9540042672993	20.1813385744996	29.56215886408986	6.694572919497448E-6
25.0	30.380177932834474	19.909550141810715	20.131309231205353	29.578958676766565	4.017382894393409E-6
26.0	30.390886724226863	19.90033604727588	20.08876429196988	29.61989149780877	1.214387186093581E-4
27.0	30.33602879278643	19.95908537160563	20.11327260206244	29.59160876789705	4.465648454757917E-6
28.0	30.36667847333542	19.893251306206256	20.198660248704773	29.541402378083003	7.593670550523918E-6
29.0	30.299212228036605	19.89669518667114	20.13535555420512	29.668484587760783	2.524433263503637E-4
30.0	30.313745489638606	19.916926098831453	20.17501819877896	29.59414410381187	1.6610893911360564E-4
31.0	30.274413308771848	19.849066654836726	20.119087971704612	29.755558063197164	0.0018740014896539683
32.0	30.369775640177917	19.850159462407504	20.18360585272356	29.59640554415042	5.350054059598766E-5
33.0	30.480168528859796	19.800433136368415	20.15265850380306	29.566729469199544	1.0361769187572783E-5
34.0	30.275271303938922	19.89104012660609	20.192498202037672	29.64110504628326	8.53211340543854E-5
35.0	30.22781869902429	19.940122769968866	20.168587313312564	29.663468050238084	3.1674562011283285E-6
36.0	30.367810389572327	19.78458590198616	20.235333401518254	29.612263957389583	6.349533674146367E-6
37.0	30.346837065011407	19.896327738262055	20.10912427483943	29.647700011132606	1.0910754501586369E-5
38.0	30.42153995640569	19.71100808661792	20.10341932159847	29.764008483909578	2.415146834889694E-5
39.0	30.422520703043944	19.77019866390831	20.090984926678257	29.71627104135995	2.4665009546477753E-5
40.0	30.30343693380572	19.84407113760705	20.18817010001443	29.66431908134881	2.7472239919686555E-6
41.0	30.373292314701324	19.766529639185805	20.119807364181302	29.740364714921913	5.967009661245014E-6
42.0	30.29478529562765	19.887814697361836	20.202104730804223	29.615291135053457	4.141152832346542E-6
43.0	30.32964814900189	19.801228319951747	20.125539547199054	29.74347512826336	1.0885558394897662E-4
44.0	30.307029739282036	19.796067258480154	20.198046544746077	29.698852758098678	3.6993930544542795E-6
45.0	30.356139740775355	19.78936969305115	20.188770594017686	29.665258229506875	4.6174264893069885E-4
46.0	30.35622377979335	19.748726651370767	20.22837993206474	29.66666591833048	3.7184406587093064E-6
47.0	30.277157602842035	19.809838070532845	20.176983714018306	29.735938594192923	8.201841388886026E-5
48.0	30.34990743916141	19.75852147905379	20.18634146484144	29.7052263462341	3.270709265499297E-6
49.0	30.425148498764905	19.767912579411444	20.16469475251669	29.642209971055024	3.4198251941829446E-5
50.0	30.37994448957423	19.771857191983106	20.13327755457606	29.714919354726966	1.4091396411963159E-6
51.0	30.385754631328606	19.735636360154484	20.148032507950578	29.730575087605573	1.4129607622068E-6
52.0	30.32903343560137	19.735662132289995	20.23921489484248	29.69607678597438	1.2751291773155104E-5
53.0	30.374859032594255	19.71832628157092	20.169400194584192	29.737016671230464	3.978200201703275E-4
54.0	30.38916862471827	19.71204625539658	20.185481885134333	29.713298010989853	5.223760964383396E-6
55.0	30.333345403603072	19.78342551900559	20.11187857869814	29.771095492994487	2.5500569871006153E-4
56.0	30.351224450425573	19.790571257119787	20.090764586202695	29.76743683841398	2.8678379672122094E-6
57.0	30.362298269709303	19.7967298836823	20.125199492825583	29.71577043640068	1.9173821322169387E-6
58.0	30.37808232659276	19.825068225850313	20.067104159850718	29.729734707762308	1.0579943905233595E-5
59.0	30.415971475583582	19.799364524548714	20.07266438884789	29.711921000909452	7.861011036073393E-5
60.0	30.454254177720998	19.800218326449013	20.07307946928542	29.672447059154262	9.67390307830658E-7
61.0	30.391923882823214	19.860996136612695	20.042723985434744	29.704353569691804	2.4254375505106467E-6
62.0	30.38309053868764	19.80406966296295	20.037338089363814	29.77549976282368	1.946161912059317E-6
63.0	30.467392419910173	19.775893984223075	20.02334182683211	29.732594381583233	7.773874514137113E-4
64.0	30.415540154556215	19.750699930300893	20.057375405935687	29.776194106589653	1.9040261754358755E-4
65.0	30.39098672409467	19.81381026759829	20.013177161552388	29.7820243739195	1.4728351536176639E-6
66.0	30.338707820713296	19.802783339616845	20.06890922821429	29.789599119023798	4.924317742055343E-7
67.0	30.363504254413503	19.80681335023776	20.070040895962293	29.75964149938644	0.0
68.0	30.37524320482094	19.819336010460763	20.031894616139173	29.7735192324682	6.936110927359221E-6
69.0	30.399600716401743	19.789078118175713	20.096099271407024	29.71522040309806	1.4909174575764285E-6
70.0	30.42382777779542	19.77398089227527	20.005416764562277	29.796768583076616	5.982290416300461E-6
71.0	30.273942200831737	19.826141104280396	20.09585441334337	29.80406078128134	1.5002631536584674E-6
72.0	30.398223813817832	19.759092946366756	20.080973636282245	29.75779979444529	0.003909809087880372
73.0	30.361250651452902	19.82587981541952	20.052984651740854	29.75987582067059	9.06071613061272E-6
74.0	30.430603880882217	19.791598923192453	19.98066139030975	29.7968792463432	2.5655927238618664E-4
75.0	30.364916240682078	19.7969472616232	20.05632279907625	29.781813698618475	0.0
76.0	30.331095925386776	19.851856059393917	20.03218301923992	29.784864995979387	0.0
77.0	30.38211418502364	19.805095176155525	20.05649953840793	29.756290080173383	1.0202395218365893E-6
78.0	30.34752160164193	19.808177763640316	20.078508093566075	29.765792541151683	0.0
79.0	30.398257835277754	19.781933469798858	20.04024916456679	29.77917894812629	3.805822303095575E-4
80.0	30.47162187476789	19.746982365150213	20.03602022881092	29.745375531270984	0.0
81.0	30.370594237642624	19.78745000454792	20.109584456588664	29.732348031588163	2.326963262783082E-5
82.0	30.322394151528197	19.7471592105411	20.160269893063546	29.77016377183371	1.2973033448346192E-5
83.0	30.39702022957631	19.81116139797737	19.996805244930503	29.79501312751582	0.0
84.0	30.397015998925074	19.796804579386524	20.045040922252927	29.761136409204585	2.090230888419352E-6
85.0	30.423540968762474	19.78681248658589	20.00676138166613	29.78208283361673	8.023293687704631E-4
86.0	30.35190299055105	19.783851585473673	20.046224769044702	29.81741173071089	6.089242196861116E-4
87.0	30.3883220281193	19.747574066544875	20.08376796245032	29.78033277356216	3.1693233334632225E-6
88.0	30.40489765975609	19.77072817384197	20.041072896948805	29.783279003237816	2.2266215315638074E-5
89.0	30.345106146191895	19.81325281291624	20.04567045938083	29.79597058151104	0.0
90.0	30.422902608349993	19.80451239999651	20.009319710728917	29.761098154726223	0.0021671261983538994
91.0	30.38250186491907	19.781819638273777	20.063493121267626	29.77218537553952	0.0
92.0	30.387991055532865	19.79441631106201	20.065429627641294	29.74785317895408	0.004309826809744165
93.0	30.360498845076005	19.83832090199105	20.050638435071235	29.75054181786171	0.0
94.0	30.372568809919542	19.78994672088661	20.02837756722456	29.808395695614347	7.112063549410183E-4
95.0	30.397983746799067	19.848885488029993	20.01674805710185	29.736382708069087	0.0
96.0	30.389314928405813	19.80049096609517	20.061904320958895	29.748282138080018	7.646460105703135E-6
97.0	30.3932929168968	19.769362119643112	20.016344427942748	29.821000535517335	0.0
98.0	30.317602574049186	19.842625988132095	20.029996997382963	29.809774440435753	0.0
99.0	30.29881255578652	19.844141613176205	20.04110814393449	29.814784478862542	0.0011532082402436787
100.0	30.31185457888465	19.83419866865452	20.05772006412438	29.796226688336453	0.0
101.0	30.395786951848287	19.876151151032108	19.995917190885628	29.73214470623398	0.0
102.0	30.385931187019487	19.79315114512591	20.020427322188567	29.800488667802107	1.677863928881925E-6
103.0	30.338092672421357	19.806538337773897	20.013866062987454	29.84043761980808	0.0010653070092096492
104.0	30.3300386078175	19.85690771431625	20.012073861032725	29.79985466022103	0.0011251566124946526
105.0	30.388473154117353	19.815520940203086	20.04739701288393	29.748606627418518	2.2653771150912894E-6
106.0	30.403578052192582	19.800608502079967	20.034138744857177	29.761674700870273	0.0
107.0	30.35301194841248	19.827404535361897	20.0246369641014	29.79494655212423	0.0
108.0	30.348408219741657	19.805480397417615	20.023220982932532	29.822696566750263	1.9383315793726423E-4
109.0	30.372378858035987	19.8563258927887	20.006310959420066	29.764968739562292	1.5550192953129425E-5
110.0	30.315174887268725	19.845748653733907	20.01924549868922	29.819828646646695	2.313661451903192E-6
111.0	30.37748389020854	19.824250197927906	20.008499778222454	29.789764971802583	1.1618385169707603E-6
112.0	30.291306802088585	19.856548731197623	19.988869223547233	29.862575616367565	6.996267989927219E-4
113.0	30.31136296422846	19.825309298109143	20.007157664209487	29.85617007345291	0.0
114.0	30.392451786303415	19.848694983579282	19.98796747199493	29.7708474975817	3.8260540673003144E-5
115.0	30.419726393357077	19.800998816073367	19.988745855970016	29.790528934599543	0.0
116.0	30.31708711084689	19.84197102013107	20.022507216411377	29.81843465261066	0.0
117.0	30.333947251488595	19.82488684221659	20.079443002183293	29.761722904111522	0.0
118.0	30.36934711140321	19.814082615189367	20.034314697516344	29.78225557589108	0.0
119.0	30.355370336593552	19.8412655062313	19.957119664648406	29.846229436990452	1.505553629015675E-5
120.0	30.32928671630745	19.880014248728482	19.97673040062112	29.813968634342945	0.0
121.0	30.32347699843781	19.905683803065916	19.99767334690185	29.773165851594424	0.0
122.0	30.30698393115621	19.8924108151686	19.9616338795478	29.83896587737353	5.496753861469588E-6
123.0	30.324409848146022	19.875980108901263	20.000170603139786	29.79943943981293	0.0
124.0	30.25357434663698	19.902354077235646	19.98850977771494	29.855561798412435	0.0
125.0	30.305905127471437	19.86857996335583	19.997957092319496	29.8275565773	1.2395532312995918E-6
126.0	30.324505113094485	19.827591443452484	20.04650551916378	29.799281539327215	0.0021163849620388013
127.0	30.35784858048325	19.81477828960464	20.03100648996511	29.796366639946996	0.0
128.0	30.32588057855115	19.899759130637555	20.008565125507612	29.765795165303683	0.0
129.0	30.350702101354116	19.85744915395236	20.006543841793462	29.78530237079652	2.532103543816276E-6
130.0	30.304373658165584	19.83737955852146	20.028149701341448	29.829266453828545	8.306281429608418E-4
131.0	30.309201425337275	19.86945976178265	19.984575960139058	29.836756453414857	6.399326156075226E-6
132.0	30.366117539383232	19.892661583689144	20.020799012569764	29.717725507772048	0.002696356585809454
133.0	30.359631374376363	19.964230444097964	19.985781417445956	29.69035546999899	1.2940807246520773E-6
134.0	30.322553188848104	19.89733642076756	19.99685644732757	29.783239629338993	1.4313717773290658E-5
135.0	30.26727352293103	19.877269581792124	20.054773939886697	29.800682955390144	0.0
136.0	30.296638302309564	19.858663136230994	19.99570185090855	29.848988154269772	8.556281114299233E-6
137.0	30.316016519349283	19.903314963582044	20.03583321043018	29.74482934796515	5.958673342958489E-6
138.0	30.3325317324042	19.920550765642023	19.992028286148997	29.754764655694306	1.245601104745601E-4
139.0	30.307325960237495	19.935662380211088	19.99346202398919	29.76354963556223	0.0
140.0	30.269575009658784	19.93981476144752	19.942070315034936	29.84853991385876	0.0
141.0	30.307306241588762	19.909441862841952	19.98967502367923	29.79357687189006	0.0
142.0	30.240925633627903	19.899922961645238	20.024041108730067	29.83511029599679	0.0
143.0	30.215444844604868	19.986670101905023	19.958358235058917	29.83952681843119	0.0
144.0	30.42258716684839	19.878159309788384	19.98115784340134	29.718095679961888	0.0
145.0	30.37046825378424	19.86923669513079	20.100106916968244	29.660188134116726	0.0
146.0	30.55798927616712	19.776376854374934	20.020406949179378	29.645226920278567	0.0
147.0	30.480736699609757	19.790408763136032	20.023000706033702	29.70585383122051	0.0
148.0	30.399125694104335	19.964600425189857	20.005425258874745	29.63059998616214	2.486356689244024E-4
149.0	30.376435693784405	19.897373660412036	20.164446229849393	29.561744415954166	0.0
150.0	30.14082435925532	19.815263686297392	20.379642595340272	29.66426935910702	0.0
