# Position (bp)	A	C	G	T	N
0.0	27.443280681471222	23.234307949884645	29.845912014259728	19.471102318570164	0.005397035814242775
1.0	27.689968377836237	19.747179436749732	20.91782125843628	31.626468800447732	0.018562126530014218
2.0	29.24601466503406	20.75040357796423	18.85847540855255	31.144758312382432	3.4803606673095564E-4
3.0	30.461495427958784	20.343672432548708	20.75645886007682	28.4383132306072	6.004880849038838E-5
4.0	32.00021011750022	19.607380442449056	20.93237547159864	27.460025811716832	8.156735256925334E-6
5.0	32.33574410341794	19.54707534336296	20.743259586356668	27.37326025316301	6.607136994179152E-4
6.0	28.66927639187144	18.907350840291663	19.145140173168812	33.27815834582874	7.424883934214341E-5
7.0	27.690008107340063	21.976362622383025	19.286231978511996	31.04730168633966	9.560542526047228E-5
8.0	27.707804414811633	21.417404233367094	19.70343591101719	31.17120213920812	1.5330159595836748E-4
9.0	31.21980609501617	19.788032662816086	20.116441407224535	28.875593590522406	1.2624442080241596E-4
10.0	28.991829747532126	22.02817047862085	21.94428194263583	27.035593084907283	1.2474630391121113E-4
11.0	28.106024375635258	22.023251483369126	20.972946436831958	28.897725441714183	5.226244947829211E-5
12.0	29.131163697405317	20.8388729584062	20.571136778659817	29.458605661089937	2.2090443873463744E-4
13.0	29.358550657047083	20.688040709282408	20.51819487057167	29.43512949293882	8.427016002060686E-5
14.0	29.358568806623886	20.810300412252083	20.605729355464184	29.225366677394526	3.474826532315974E-5
15.0	29.563806821648413	20.79353587522244	20.482215309595897	29.160391250276067	5.074325718590955E-5
16.0	29.77457272408835	20.63934463350806	20.65940931846562	28.92659593139108	7.739254688690682E-5
17.0	29.759804634732895	20.65829453619703	20.763942538143347	28.81789162173463	6.666919209566325E-5
18.0	29.91008354472935	20.460359129669833	20.93533530931184	28.694200698147803	2.131814117320766E-5
19.0	29.707116867684096	20.619962838743895	20.630669004941332	29.04219799097692	5.329765375200559E-5
20.0	29.412076432949913	20.93033925125864	20.60773787064807	29.049766495027985	7.995011539200154E-5
21.0	29.226027401185178	21.011960587733256	20.532171919271015	29.229732147755794	1.0794405475530143E-4
22.0	29.18360623505134	20.85093131839703	20.50755769049607	29.45771949306287	1.8526299268027248E-4
23.0	29.313866259608673	20.701866842356637	20.661356021028464	29.322762910531488	1.4796647474259598E-4
24.0	29.32643692209013	20.758764621158047	20.76437285438577	29.1503349319287	9.067043734792118E-5
25.0	29.343441467644826	20.751882974502454	20.753344784892732	29.151289426133253	4.13468267324147E-5
26.0	29.312455940436266	20.742143597511916	20.750191207449813	29.195055827025268	1.534275767337673E-4
27.0	29.270198693969036	20.778124011349746	20.743017230616182	29.208612018290225	4.804577481118845E-5
28.0	29.283666948516647	20.758147287761926	20.79125503653581	29.166815913427225	1.1481375839967778E-4
29.0	29.24256449047762	20.785151471837324	20.77340856309252	29.198305223024924	5.702515676142142E-4
30.0	29.236338669812078	20.78064919802678	20.79243432225339	29.19021249380535	3.653161024031617E-4
31.0	29.255627202254402	20.73449699049674	20.774607610800814	29.234463704648533	8.044917995134032E-4
32.0	29.27583625657831	20.761648132987197	20.786715650568315	29.175660233109372	1.3972675680332266E-4
33.0	29.316628884981476	20.74496021614398	20.7691688201581	29.16917341901203	6.865970441108714E-5
34.0	29.23522890412929	20.768341968450592	20.775793989656204	29.22043143479468	2.037029692338367E-4
35.0	29.245478123657826	20.760891430376855	20.744017723233398	29.249470756445856	1.4196628606271542E-4
36.0	29.251040605322864	20.731938144606502	20.79113241789967	29.225798041329888	9.079084107415592E-5
37.0	29.24400434592982	20.78239232869225	20.74946915301229	29.224041809811645	9.236255399304375E-5
38.0	29.25752149520358	20.729614813134884	20.737641941889333	29.275122363680094	9.938609210904245E-5
39.0	29.26966752064609	20.753027886357867	20.73638554316835	29.240808510278832	1.1053954886026153E-4
40.0	29.2582976888755	20.7716604001697	20.777898533693882	29.192027096263214	1.162809977095653E-4
41.0	29.273458459562463	20.746044073956725	20.724759482123844	29.255659817889963	7.816646701076826E-5
42.0	29.22415632807883	20.78343584520094	20.755628350600663	29.236477026482337	3.0244963722059616E-4
43.0	29.228745992912526	20.76545667570117	20.76564410873779	29.239934091377766	2.1913127075312677E-4
44.0	29.209194753383414	20.77027133734174	20.753671775653622	29.266616193719397	2.459399018216202E-4
45.0	29.222748229539164	20.756696942486656	20.76741626172538	29.252398825169262	7.397410795398977E-4
46.0	29.24148276694561	20.728497040606815	20.790754147401948	29.239131319466487	1.3472557913456898E-4
47.0	29.221005825104218	20.756870696712635	20.760689195260344	29.26123792687057	1.9635605223455348E-4
48.0	29.236910594361127	20.76230533024229	20.773535133161765	29.22713443790263	1.1450433218064242E-4
49.0	29.263774151472077	20.752402300419437	20.73690914364807	29.24675058165497	1.638228054451004E-4
50.0	29.25166862636481	20.77116511203583	20.71529876197978	29.261755177226906	1.1232239267363715E-4
51.0	29.24945140268492	20.75671694676361	20.73346983018186	29.25914673578297	0.0012150845866421628
52.0	29.241877521376423	20.75023745780095	20.76647908991173	29.24131274237579	9.318853510489068E-5
53.0	29.250525845022302	20.773176545726088	20.715059739256994	29.260621910858735	6.159591358832475E-4
54.0	29.249034639737214	20.760867856565163	20.73625610265209	29.25371785946981	1.2354157572338172E-4
55.0	29.226075409462055	20.749668485167994	20.750583352814647	29.273283720051356	3.890325039507106E-4
56.0	29.23394858135736	20.736132995010568	20.722005565106915	29.30784425795506	6.860057009360434E-5
57.0	29.2452908080634	20.73927976934647	20.749223461701334	29.26610705433373	9.890655506490577E-5
58.0	29.25618384645885	20.729520653474058	20.72309199298111	29.291076947326832	1.2655975914527292E-4
59.0	29.275165083771192	20.713035181442994	20.72878595211858	29.282797406112483	2.163765547520965E-4
60.0	29.26897187672628	20.717107544325806	20.739194100852075	29.27419688692127	5.295911745685456E-4
61.0	29.24522907263945	20.727889110954383	20.737164658338674	29.289471880723106	2.4527734438190214E-4
62.0	29.244940736387164	20.71849050111944	20.71687004355464	29.31958806774835	1.106511904088014E-4
63.0	29.265965780998155	20.74266725242575	20.707732019893218	29.282611134057234	0.0010238126256397735
64.0	29.26397160048585	20.715649975894298	20.726787856141485	29.29270123660359	8.893308747754441E-4
65.0	29.245344266970147	20.743015307259103	20.696848992083467	29.314697363701885	9.406998539401794E-5
66.0	29.220392515657974	20.72701697622575	20.723374841528432	29.329150786455582	6.488013225991907E-5
67.0	29.255763385521565	20.69740874653151	20.749221922170147	29.297497955432117	1.0799034465725018E-4
68.0	29.22940218745676	20.772008501415193	20.702437274101477	29.29607486099149	7.717603507793273E-5
69.0	29.222361622686527	20.746999196287348	20.708533443747157	29.32201043656038	9.530071858826518E-5
70.0	29.23847939911304	20.730302529266634	20.67922832685882	29.351897116184038	9.262857746693021E-5
71.0	29.195309359066933	20.752727130505054	20.695988286874435	29.355535991838504	4.392317150722753E-4
72.0	29.24540767737528	20.72699888386699	20.721602947279518	29.305825018095266	1.6547338294445985E-4
73.0	29.208006270453176	20.754943988514597	20.721305909248773	29.315555133676906	1.8869810654885383E-4
74.0	29.23546505238303	20.74601080261302	20.69449433507454	29.323420846745734	6.089631836764904E-4
75.0	29.235215392182734	20.731081919900777	20.706067701472428	29.327533135782573	1.0185066148280243E-4
76.0	29.232480757247114	20.735870507572606	20.703475005340643	29.328019647158897	1.5408268073597152E-4
77.0	29.23239749857226	20.759042584419817	20.70153965986443	29.306903910243264	1.163469002238836E-4
78.0	29.221241898832133	20.742269966656277	20.698030657837936	29.338246988887718	2.104877859315249E-4
79.0	29.266191878886083	20.71791944843077	20.710357892718392	29.304981857894287	5.489220704742235E-4
80.0	29.271634434703437	20.7034325890643	20.68377281002109	29.34099922343563	1.609427755426592E-4
81.0	29.240373121360264	20.73315721680766	20.69647382358012	29.32988091144845	1.1492680350711255E-4
82.0	29.207942054352987	20.7205625197532	20.721112838335433	29.350262546394546	1.2004116382995107E-4
83.0	29.228419567140868	20.756412307973306	20.65195990231934	29.363092423408165	1.1579915831538263E-4
84.0	29.247983912008618	20.750337009442042	20.68494404663145	29.316620370800862	1.1466111702671725E-4
85.0	29.22873994955254	20.72565628353375	20.68017706969129	29.365201240397234	2.2545682519140419E-4
86.0	29.20610521219328	20.73994546573104	20.678315550483763	29.374731661946786	9.021096451284243E-4
87.0	29.208660798188863	20.71782673185983	20.712146750012895	29.36095580796177	4.0991197664607537E-4
88.0	29.24604869638855	20.733043618862652	20.682770437768223	29.337888440906816	2.4880607375179814E-4
89.0	29.229165948511092	20.73994662382235	20.67717749160144	29.35358505104539	1.2488501972326727E-4
90.0	29.220602610888115	20.742406702612417	20.67488365096203	29.36127282230202	8.342132354150232E-4
91.0	29.18562046319816	20.76268967506853	20.677011395330624	29.374492882846408	1.8558355627701118E-4
92.0	29.220236664972415	20.74097267803301	20.68192066329577	29.356767917286348	1.0207641245805349E-4
93.0	29.191048226748478	20.768626294034373	20.68687079535568	29.35335545417825	9.922968322257539E-5
94.0	29.23098011884972	20.742027438054407	20.66254941673327	29.364331966513234	1.11059849368873E-4
95.0	29.21020662552402	20.770167317323555	20.66531735166321	29.354010235265548	2.984702236675178E-4
96.0	29.21240490740854	20.765426676717183	20.647260441228372	29.37479765125115	1.1032339475426418E-4
97.0	29.202819418181143	20.754281977763295	20.652760820429044	29.38975088519138	3.8689843514298354E-4
98.0	29.195772362124135	20.78276867228451	20.637685509972332	29.383648930691997	1.2452492702631735E-4
99.0	29.199843937246982	20.773352263247542	20.652500497803903	29.372726068203477	0.0015772334980986584
100.0	29.19400586182304	20.76363601536814	20.661503009790923	29.380702745669662	1.523673482331633E-4
101.0	29.214642801284015	20.764005200083993	20.635392094246573	29.38584723780473	1.1266658069253659E-4
102.0	29.188213031819927	20.7991311888108	20.657255063379978	29.35527404841704	1.2666757225536325E-4
103.0	29.20686597592389	20.78213722934578	20.640405287268404	29.370438844878905	1.5266258302172923E-4
104.0	29.185709576365166	20.787083325658664	20.63664046975698	29.390449058796282	1.1756942291253232E-4
105.0	29.199002202116027	20.777438414958397	20.658036190059974	29.365295574245152	2.2761862044906516E-4
106.0	29.22024237578089	20.771306964639628	20.64234157944203	29.365999063413877	1.1001672357338994E-4
107.0	29.188192243176225	20.782678396547208	20.651774551373233	29.3771786911387	1.76117764631143E-4
108.0	29.150492702251057	20.78775712774605	20.677197578100124	29.38418315237098	3.6943953178517243E-4
109.0	29.180825291669926	20.763886484651152	20.650745258910458	29.404400089885723	1.4287488274023153E-4
110.0	29.144588667417864	20.788232972829192	20.66758394354231	29.399456131505325	1.3828470531249227E-4
111.0	29.193585006079694	20.756190091903402	20.654500557606053	29.39558366579939	1.40678611464825E-4
112.0	29.19842639976107	20.748078781486218	20.6496536854858	29.40372453678603	1.1659648088501392E-4
113.0	29.164317344917563	20.777248018924286	20.659443366449874	29.39887057549433	1.2069421394955682E-4
114.0	29.18104343440205	20.81078568134386	20.631386445697807	29.37664891101301	1.3552754328045345E-4
115.0	29.187949710714	20.775836125250535	20.65412428400096	29.381948337970986	1.4154206351522724E-4
116.0	29.15889376098091	20.80545229935642	20.66222267115309	29.373298053416047	1.332150935365279E-4
117.0	29.136287974247427	20.790185558992363	20.65740773001886	29.415986677099742	1.3205964160749943E-4
118.0	29.13357340347599	20.79579434920208	20.66687268344734	29.40363595380619	1.236100684036305E-4
119.0	29.166614753404453	20.80306120297759	20.640814142202977	29.38929798569357	2.1191572140989283E-4
120.0	29.119288230916606	20.815419617223178	20.67341510722382	29.39160168200308	2.7536263331268845E-4
121.0	29.139162925744667	20.81819335830973	20.694657471368867	29.347862642276624	1.236023001170477E-4
122.0	29.098571551568597	20.833308304839786	20.661351430380257	29.406616688287578	1.520249237817483E-4
123.0	29.125778412194155	20.802514351881666	20.692115692145876	29.37945924948066	1.3229429764621985E-4
124.0	29.117991981736775	20.79082056199836	20.665721901304117	29.425340072360758	1.254825999927295E-4
125.0	29.098405946986443	20.813027394177393	20.679565549700854	29.408856146276484	1.4496285882119892E-4
126.0	29.09933599032592	20.819050810568594	20.680101223343463	29.401335960838686	1.760149233401069E-4
127.0	29.226498269826273	20.736971221143406	20.644714062266235	29.391652816264507	1.6363049957590208E-4
128.0	29.362106357119806	20.59880409490678	20.77917472460819	29.259800059443887	1.1476392133705935E-4
129.0	29.1648694253806	20.64065544593244	20.90882147368183	29.28551135003304	1.4230497209341807E-4
130.0	28.98686796885883	20.705056500476736	20.819765649492776	29.488139738322232	1.7014284942290156E-4
131.0	28.951057822626662	20.74509072912159	20.544713952509287	29.758987809959166	1.4968578329724772E-4
132.0	28.63839331316112	21.02052687887729	20.41261768413171	29.928309634813242	1.5248901663645397E-4
133.0	28.762637667282398	20.863520763023033	20.608574178370986	29.765121896311207	1.4549501237199144E-4
134.0	28.864952118780472	20.752162455639876	20.602510841520548	29.780228248720164	1.4633533893825367E-4
135.0	29.049250134480992	20.61784602009265	20.763749390842786	29.568997329712538	1.571248710332981E-4
136.0	29.096539783520598	20.736927675104422	20.77951476404094	29.386863744460346	1.540328736959042E-4
137.0	29.27642498936353	20.682185200850498	20.67907017420545	29.362166701455827	1.5293412469230308E-4
138.0	29.30294750693543	20.717798807808	20.847966524137593	29.13110903772785	1.781233911333617E-4
139.0	28.770391474022112	21.12761729795666	21.896895503510613	28.204942982056508	1.5274245410527116E-4
140.0	27.18421348927345	21.92501756617549	21.850250398182354	29.040366892984064	1.5165338463097875E-4
141.0	28.755797191241285	20.32439702888579	19.92670589869282	30.9929266051717	1.732760084039689E-4
142.0	30.747299008065703	20.010174430557083	21.345486416109374	27.89696538824685	7.475702099251907E-5
143.0	30.822411825702396	19.554175077093213	21.804284774218765	27.81905515324159	7.316974404324591E-5
144.0	32.69102794443703	19.473812800341463	19.038755941123352	28.79634864682735	5.466727081009536E-5
145.0	27.438277894049932	20.892572356934995	19.70864884983668	31.959954980775418	5.459184029728431E-4
146.0	27.576680641964902	20.971457183856757	19.740186407295162	31.71162032824747	5.543863570976092E-5
147.0	28.478095441514544	20.886576607638368	20.447030429396346	30.188211604206405	8.591724433841874E-5
148.0	30.900517932846267	19.271962985329033	20.566748580145806	29.26035938719448	4.1111448441364377E-4
149.0	31.251587588666418	21.28936904008867	19.759783184295703	27.68349213649633	0.01576805045288159
150.0	19.772862253306936	29.67290871521966	22.69314950270295	27.857905223372025	0.003174305398425701
