# Position (bp)	A	C	G	T	N
0.0	23.29747237021683	28.691666663548144	30.082483318096244	17.87610624850545	0.05227139963333679
1.0	27.525480159262305	18.019733195685046	18.88377998962075	35.57032603050996	6.806249219425822E-4
2.0	30.159327458550976	20.293295403361604	17.921764967919746	31.62538214894607	2.3002122159959058E-4
3.0	34.68413327112955	18.999026025066907	19.714921172761514	26.60098314594436	9.36385097661095E-4
4.0	35.230064553843185	17.956420809970897	20.955114891562403	25.858005120886844	3.9462373667499296E-4
5.0	36.44198155333336	18.09513347541887	20.176568121578804	25.285466931226217	8.49918442745065E-4
6.0	27.529341493116604	18.17070200847689	16.78871046235131	37.51105728114197	1.8875491321708815E-4
7.0	27.127086717003845	22.893000567476584	17.956274199679942	32.00931392633584	0.01432458950378409
8.0	26.60052297656007	22.021580307625296	18.37343852467424	33.00443902328937	1.9167851023080627E-5
9.0	34.37031299984632	18.39078721550903	19.024320906565773	28.214570218415354	8.659663523851446E-6
10.0	29.792432121680335	22.812143317280302	22.736338221844576	24.65908178740239	4.551792399121185E-6
11.0	27.881790558652963	22.748993370002914	20.77440868477944	28.585840543608626	0.008966842956060496
12.0	29.751092517372296	20.453062001502623	19.817152789493132	29.97868814737188	4.544260066040459E-6
13.0	30.087620451762348	20.249427391458838	19.78145770258894	29.88147810763283	1.634655703503097E-5
14.0	30.12558883470525	20.448332122409205	20.063917120001882	29.362040775266163	1.2114761749620788E-4
15.0	30.487297252679813	20.439789045259637	19.890644658639918	29.18224954701461	1.949640601891233E-5
16.0	30.554060903289948	20.332981305339594	20.11042388223454	29.002499469447535	3.443968838389913E-5
17.0	30.530111074097444	20.42852205122906	20.132667490693823	28.90869259035717	6.7936225022748674E-6
18.0	30.556407618178433	20.266892041222594	20.26919923040281	28.90345934205999	0.00404176813617839
19.0	30.36209819124191	20.381444589610563	20.00260514355114	29.253782760946397	6.931464999377211E-5
20.0	30.147550327475475	20.558718864437306	19.923543863213013	29.370176515719002	1.0429155202153304E-5
21.0	30.042299179413323	20.53852878472842	19.94058594579125	29.478487140477277	9.89495897366181E-5
22.0	30.024382835918207	20.309349901285543	19.89480048004434	29.771275950719843	1.908320320671239E-4
23.0	30.142197880787254	20.127141193652864	20.10728487706177	29.623002164813823	3.738836842945819E-4
24.0	30.152802729705368	20.177550183216734	20.157571588775568	29.512071399662027	4.0986403002168405E-6
25.0	30.243573606045203	20.142366405062457	20.137144483257803	29.474641060475467	0.0022744451590666825
26.0	30.21523828365917	20.17591038038277	20.077787861644815	29.531049777129002	1.3697184239702038E-5
27.0	30.16737006407254	20.212093034619272	20.121182395964688	29.49935267664313	1.8287003697120112E-6
28.0	30.140242496361353	20.196929815964175	20.200896387484697	29.461761925525888	1.6937466388856817E-4
29.0	30.11904580686563	20.17874873347223	20.121285703093076	29.579888433485646	0.0010313230834211528
30.0	30.13456462845027	20.16923923785833	20.15729667314886	29.538751959069987	1.475014725563677E-4
31.0	30.16349180606363	20.105604369646144	20.131146704013293	29.59974882910585	8.291171077845284E-6
32.0	30.220632368662525	20.109907262468898	20.197450063742124	29.471753112853033	2.5719227341586964E-4
33.0	30.317648231358746	20.060171016357963	20.160235542011087	29.46189938173601	4.5828536188873936E-5
34.0	30.11090392227275	20.157276654673804	20.20928683139142	29.522467162468065	6.542919395785245E-5
35.0	30.0887582185933	20.216846612914814	20.144912528038343	29.549229087680228	2.5355277331813087E-4
36.0	30.174623675784503	20.102484726028315	20.19265526456658	29.53012578077597	1.105528446422425E-4
37.0	30.170853084030696	20.16488188097629	20.08913630694045	29.57511656902877	1.215902379425555E-5
38.0	30.254184956455	19.99889762995175	20.10716779131276	29.639705549983564	4.4072296927292115E-5
39.0	30.24906960915664	20.066349680292657	20.106601550158608	29.577960827336035	1.833305606544694E-5
40.0	30.154906562315524	20.090485674316742	20.23363943277404	29.519372967874336	0.0015953627193584857
41.0	30.209343452036148	20.052577785916636	20.126129909917548	29.611917666754863	3.11853748076642E-5
42.0	30.115510794455417	20.16669499822251	20.212708748315148	29.504881759826006	2.036991809151717E-4
43.0	30.174096490397197	20.068095649292424	20.157147291645387	29.600630170263443	3.0398401545652322E-5
44.0	30.15550077952219	20.0838602123045	20.204179816972207	29.554328987431905	0.0021302037692062657
45.0	30.191670721689196	20.072416653835596	20.20714158136239	29.52876674606294	4.297049882843083E-6
46.0	30.18540987468147	20.029496607746022	20.26976634517793	29.515291748854068	3.542354050896313E-5
47.0	30.145796346075077	20.109177502565288	20.162369466256855	29.582623568811062	3.311629171713262E-5
48.0	30.172378012007194	20.076400238125988	20.1674994484986	29.583121726557486	6.005748107288243E-4
49.0	30.24527179703629	20.076031154714087	20.17462081281151	29.499097490995535	0.004978744442577235
50.0	30.210111368549065	20.065475790426095	20.15464340614013	29.569764113553283	5.3213314282773316E-6
51.0	30.221211952319827	20.00326597128109	20.19126717211853	29.58311887208981	0.0011360321907478569
52.0	30.15355171071895	20.03830056325625	20.246551571174194	29.561526603771643	6.9551078961695E-5
53.0	30.23543881851058	20.01869081795328	20.17895426227393	29.5668063698601	1.0973140210747499E-4
54.0	30.18769834895559	20.019498542208808	20.20935485385747	29.583204710260475	2.4354471766129855E-4
55.0	30.170278720256455	20.079928895133047	20.152554905999224	29.596851819906256	3.8565870501910667E-4
56.0	30.177429512907523	20.0762875205558	20.161838858931304	29.584438203135626	5.904469753472937E-6
57.0	30.17321682562702	20.07887013900019	20.218393530882825	29.527005636176636	0.0025138683133249153
58.0	30.20582735223774	20.114378219089215	20.130420754465682	29.54935585686691	1.7817340456369496E-5
59.0	30.2457977945303	20.096932741964263	20.133466893476488	29.523800584585143	1.9854438080661344E-6
60.0	30.259262852540825	20.092048315144453	20.11892951589589	29.52877180920142	9.875072174135111E-4
61.0	30.23842688322945	20.13702226833363	20.105361466396086	29.5190665883649	1.227936759260253E-4
62.0	30.21842505150923	20.08508119992548	20.124829975251746	29.571616220944126	4.7552369424447143E-5
63.0	30.29655837253217	20.069901321424187	20.091923493412402	29.541109326857168	5.074857740719414E-4
64.0	30.250534606040443	20.030775673102134	20.15021749779692	29.568406278713322	6.59443471893968E-5
65.0	30.208800724019095	20.07943152610079	20.130677639399504	29.575860585529885	0.005229524950720891
66.0	30.165896946524878	20.103396148353283	20.13319573606177	29.58122669623781	0.016284472822258495
67.0	30.188439800443135	20.097636742345816	20.138721525249153	29.574167956461384	0.0010339755005091466
68.0	30.21291162045821	20.107170726209326	20.11360300912473	29.56614554784794	1.6909635980001545E-4
69.0	30.209356023758634	20.088663823076793	20.147277790695323	29.554670692220856	3.167024839297625E-5
70.0	30.244143391053687	20.035807204866344	20.114648691066012	29.60529159374951	1.0911926445132122E-4
71.0	30.122726456253375	20.097407169703146	20.18914015530214	29.582243205592334	0.008483013149004398
72.0	30.232071272162287	20.042690070219056	20.14176164752026	29.57954970918002	0.003927300918377673
73.0	30.187475151182685	20.085474011707742	20.158012045601765	29.567616994134948	0.0014217973728524482
74.0	30.239403666864945	20.07086155517436	20.092128484318618	29.59759488573626	1.1407905814587296E-5
75.0	30.170200216096987	20.091546257202943	20.155829069785412	29.580155468174695	0.0022689887399639187
76.0	30.15209641727851	20.118372153811727	20.12585923446275	29.60367115095145	1.0434955611185812E-6
77.0	30.20578309097966	20.09679230486333	20.1391911982307	29.558090521828372	1.4288409793100214E-4
78.0	30.19188185085207	20.083693019240062	20.146881833682624	29.57753962080852	3.675416724261322E-6
79.0	30.25392748486027	20.053802630857103	20.149688377250087	29.54225492608512	3.265809474202831E-4
80.0	30.306031561192782	20.033475257643467	20.123162626696992	29.536750743025454	5.798114413023632E-4
81.0	30.20304935265625	20.069274290939667	20.187200489421695	29.52829960719353	0.012176259788856772
82.0	30.174779025852956	20.056727655748844	20.21699572155468	29.54839387007686	0.0031037267666646573
83.0	30.253329921517054	20.099894709322285	20.063421900687317	29.580573164208552	0.0027803042647966906
84.0	30.248820177695375	20.095693908056745	20.11127729305391	29.544188801138123	1.9820055855595787E-5
85.0	30.2655343793139	20.085456931094598	20.117914556731538	29.530909778663116	1.843541968482839E-4
86.0	30.189371039550633	20.08216407151378	20.147971628279247	29.58016698676293	3.2627389340798005E-4
87.0	30.212922412483213	20.064440199082643	20.172670911417516	29.549948617431028	1.7859585600030445E-5
88.0	30.20270906216896	20.108991402375924	20.134251760135495	29.551248612027226	0.002799163292400413
89.0	30.167057405255033	20.13625463334078	20.125378834467895	29.57125952548802	4.9601448275078294E-5
90.0	30.258426733319315	20.10804904937418	20.088310166132135	29.545176302201426	3.774897294071557E-5
91.0	30.21053559349676	20.08685059851495	20.165893335646498	29.536693569129046	2.6903212743781748E-5
92.0	30.211480241005813	20.104629632782895	20.161772469772853	29.52209781842836	1.98380100835944E-5
93.0	30.21172638481521	20.115874587139857	20.1648426833884	29.507456237069636	1.0010758689572219E-4
94.0	30.235964211093822	20.084810769943346	20.148194161563783	29.531019198385998	1.1659013042782437E-5
95.0	30.257848804839476	20.133185882355093	20.123061485790775	29.48589825466804	5.5723466147373E-6
96.0	30.21531564719228	20.102922511919267	20.17071005266157	29.511046754290938	5.033935943567833E-6
97.0	30.215733074319413	20.102311546514223	20.1161009047052	29.565547907028765	3.065674323983719E-4
98.0	30.148222797745706	20.148196811082407	20.128448638084354	29.574931075167076	2.0067792045520697E-4
99.0	30.16314876490407	20.13507772631695	20.159589748525335	29.542166783993373	1.6976260273141464E-5
100.0	30.16533289107865	20.132095104307375	20.14855807723884	29.554009382417462	4.544957673121656E-6
101.0	30.240960179465482	20.149076308655168	20.11010862325725	29.498916588601908	9.383000201936995E-4
102.0	30.209369452865197	20.099965081627467	20.13628325901099	29.5542539101435	1.2829635284511998E-4
103.0	30.187372242780054	20.109351263011693	20.13012294076093	29.57303335296972	1.202004776030824E-4
104.0	30.19362096223143	20.136144951391927	20.134541115288567	29.535686040575566	6.930512510014013E-6
105.0	30.24217137264122	20.125348537158168	20.159190702751932	29.473278947884996	1.0439563686787361E-5
106.0	30.24571956098066	20.094203612562968	20.14070904451729	29.519262357822257	1.0542411682445947E-4
107.0	30.19780788260607	20.097495844401585	20.1709686623868	29.53352695950266	2.0065110288405188E-4
108.0	30.190746044461054	20.120439042552604	20.144741715340707	29.544039705893766	3.3491751865815214E-5
109.0	30.245386331827785	20.1175298960329	20.131779403041445	29.50529433548071	1.0033617162131501E-5
110.0	30.166272774151487	20.11306102227226	20.173480053032307	29.54699045849449	1.9569204945543706E-4
111.0	30.208348961678283	20.12537536479164	20.135322291200318	29.530844939739225	1.0844259053427985E-4
112.0	30.152544811627642	20.128010202248642	20.12327605374789	29.596159953715123	8.978660704420946E-6
113.0	30.185440322322183	20.109564908894022	20.124448608341325	29.580535936469193	1.0223973274774424E-5
114.0	30.22678350795957	20.15131146508621	20.124132644872507	29.497772382081717	0.0
115.0	30.257729091346867	20.116035500792805	20.11377104638113	29.505193823668417	0.007270537810776106
116.0	30.169614932400062	20.146930021090228	20.161238261237084	29.522216175217192	6.100554339071128E-7
117.0	30.176668342878322	20.139801374130574	20.189337236163286	29.492742349345836	0.0014506974819828095
118.0	30.207660485938842	20.133929893488613	20.164874055602297	29.493011693519545	5.238714506977336E-4
119.0	30.199857417107573	20.16677740298186	20.097746610670182	29.535614852078584	3.7171618027377317E-6
120.0	30.182300339638434	20.174188257566414	20.127842133415736	29.51564996186798	1.9307511438470452E-5
121.0	30.166731921726413	20.196810111771025	20.153823736425135	29.482631099287243	3.130790181198301E-6
122.0	30.15431536368347	20.173978405100637	20.126163611315636	29.545541990286022	6.296142341624616E-7
123.0	30.17867693907288	20.16437270253573	20.149244889127008	29.5076795188711	2.595039327884308E-5
124.0	30.100060669464952	20.19225772392274	20.129676327198407	29.578005279413905	0.0
125.0	30.13937225925554	20.201660439167025	20.142432043194518	29.51630038759887	2.348707840462273E-4
126.0	30.15787458943917	20.157423527825536	20.179295736503718	29.505378473739942	2.7672491633913964E-5
127.0	30.203200403293145	20.129473132689764	20.1840880116311	29.478218262190893	0.0050201901951005155
128.0	30.1632841125978	20.183534442066925	20.18268858921055	29.470492856124725	0.0
129.0	30.187265509845183	20.170395824340147	20.159583367871488	29.481381632535765	0.001373665407414421
130.0	30.16241319483452	20.14914232951008	20.16907577382622	29.519356841782322	1.18600468611536E-5
131.0	30.203133565621908	20.168657535616	20.12284660710594	29.50535765123216	4.640423986258776E-6
132.0	30.20833878150462	20.192056443517043	20.16527612435045	29.43430730269143	2.134793646042888E-5
133.0	30.19009623465213	20.243187340077093	20.151397544663084	29.415317537994053	1.3426136399261396E-6
134.0	30.123588279619202	20.199503524561095	20.168124041549326	29.50876523875855	1.891551182625497E-5
135.0	30.090642378018444	20.192723816920815	20.20000770755452	29.516623377352875	2.720153350277214E-6
136.0	30.126840225369122	20.15348535801502	20.21300426669261	29.50584441133654	8.25738586705958E-4
137.0	30.15056832072404	20.206142860306386	20.203781539081735	29.439507279887838	0.0
138.0	30.185194181932808	20.210008569292206	20.16284563611885	29.44194536545033	6.247205807052675E-6
139.0	30.141111716494773	20.223150989816272	20.172063878742073	29.462754154532778	9.19260414102E-4
140.0	30.10509693661345	20.217304204886307	20.134762883730815	29.5301969339685	0.012639040800925871
141.0	30.135169711707626	20.210344610846484	20.18527659099677	29.469209086449116	0.0
142.0	30.098327588775152	20.164667284520295	20.221237807634036	29.51573299837093	3.4320699581128016E-5
143.0	30.10649638032154	20.227173903571817	20.15148165497255	29.514732019579075	1.160415550142093E-4
144.0	30.36545591272456	20.13909366154248	20.132260149348213	29.360173164233537	0.003017112151213015
145.0	30.288108066149384	20.111462713914026	20.343697125298963	29.256729168204572	2.9264330578072224E-6
146.0	30.520237217415662	20.004617616854663	20.260698488603992	29.214445199724672	1.4774010093308214E-6
147.0	30.40375260415245	19.98947885276547	20.24450617073517	29.359846528923626	0.002415843423282342
148.0	30.299885876825016	20.247402223881352	20.210165857087265	29.242473778046175	7.226416019229974E-5
149.0	30.27202900673085	20.14288777976347	20.422683810200954	29.162343204723058	5.619858166779027E-5
150.0	30.00755351102481	20.088648201114324	20.697062324808748	29.20673596305212	0.0
