# Position (bp)	A	C	G	T	N
0.0	22.8764610781476	29.393811369991184	30.085870817965816	17.590883840749356	0.052972893146041436
1.0	27.107689813175927	16.850183657206294	17.90035304953862	38.14111320892575	6.602711534037155E-4
2.0	30.427678353027808	19.819524134142597	18.255621476578547	31.496936677111897	2.3935913914705306E-4
3.0	35.79956961471552	18.695581959707873	19.382765471187437	26.121190891951517	8.920624376441733E-4
4.0	35.92120143268933	17.719389382321392	20.6893638522032	25.66964658515657	3.9874762950988803E-4
5.0	37.18214687001346	17.843417805781677	19.76440784386484	25.209143463887212	8.840164528090674E-4
6.0	26.326297239867813	18.096755928748465	15.89408944247067	39.682669230426775	1.8815848628071476E-4
7.0	26.45776230072486	23.369295317914567	17.48086353488222	32.677914150837076	0.014164695641273407
8.0	26.29259431527094	22.201510871436124	18.199570775586395	33.3063024434539	2.1594252641924688E-5
9.0	35.4999098788215	17.865898483177535	18.837730447356446	27.796456650248864	4.5403956675589946E-6
10.0	29.932229861094665	23.07741652630858	23.026291080057035	23.964057997880705	4.534659016712021E-6
11.0	27.566990450597288	22.998723326860855	20.61424647784386	28.811264769122708	0.008774975575289053
12.0	29.73589565518509	20.232694578959247	19.416910511310217	30.614494727052417	4.527493028806757E-6
13.0	30.102190139976653	20.051368607463974	19.43183308687816	30.414593462405698	1.4703275515416821E-5
14.0	30.16204616779912	20.303085801475923	19.82270532217502	29.71204121098085	1.2149756909076524E-4
15.0	30.554105221999855	20.2864423752858	19.646057373350136	29.513370747073196	2.4282291007050704E-5
16.0	30.641757716304408	20.16952887174305	19.887449959949898	29.301235231807453	2.822019518441559E-5
17.0	30.649624615521393	20.245345944087894	19.92869839928338	29.17632709234902	3.948758317177976E-6
18.0	30.663240967169703	20.10255955446023	20.0634392832925	29.166837737391994	0.003922457685578566
19.0	30.481223953102983	20.222647122224714	19.796690883325592	29.499370882168876	6.715917783892512E-5
20.0	30.268534995086593	20.39546380927903	19.700141745720533	29.635850975846733	8.47406710901862E-6
21.0	30.163686607093283	20.364511085343356	19.7398735981455	29.731825773640274	1.029357775822086E-4
22.0	30.168504020427285	20.12137143240889	19.6928546496012	30.017082473634595	1.8742392803917736E-4
23.0	30.27262198386375	19.940584550401415	19.91856900181393	29.867843497534473	3.809663864343312E-4
24.0	30.29818070402417	19.992442804407265	19.97233637921056	29.737038409289635	1.703068371734819E-6
25.0	30.409867928861683	19.972084395458463	19.922726559533203	29.693006232902725	0.0023148832439291163
26.0	30.36955948052018	20.011144505205454	19.885921680286874	29.733362378562916	1.1955424575213234E-5
27.0	30.296580091255436	20.075243886434226	19.927849209052233	29.700320541774953	6.271483143675796E-6
28.0	30.274522133409953	20.04830083232302	20.009633491457734	29.667357982508936	1.855603003546394E-4
29.0	30.23653318723748	20.034844675873682	19.92399885167706	29.803686704895917	9.365803158674866E-4
30.0	30.288293221885738	20.014483263795523	19.95437278363921	29.74271831737751	1.3241330201791223E-4
31.0	30.32235573980786	19.9458680281014	19.93418375253502	29.79758041258479	1.2066970930167111E-5
32.0	30.372061216427078	19.970521166527305	20.006112675131128	29.651049186269056	2.5575564543433606E-4
33.0	30.480131050018617	19.91899392647907	19.952973313603422	29.64785320091659	4.850898229852952E-5
34.0	30.22483749008954	20.037791825804156	20.007210197244557	29.730112438948325	4.804791342557923E-5
35.0	30.20822509212517	20.087059245282635	19.959058938283867	29.745396713256007	2.600110523269457E-4
36.0	30.308557233908562	19.96964298216964	19.998184917056435	29.723493248394217	1.2161847114804858E-4
37.0	30.312240581555965	20.015176891413443	19.88816531202447	29.784406714227917	1.0500778203922045E-5
38.0	30.408740520242855	19.851814282689347	19.915197038262452	29.824201955493752	4.6203311590191364E-5
39.0	30.392196493556707	19.94124987761271	19.925712598950472	29.740818748327197	2.2281552915879527E-5
40.0	30.292973408995593	19.962541070091593	20.044527377943748	29.69839616868224	0.0015619742868227928
41.0	30.338429915591718	19.925695295537423	19.92870978439079	29.80713966273604	2.5341744026367484E-5
42.0	30.22289704181249	20.06167969643021	20.024716805972826	29.69049907128079	2.0738450368513103E-4
43.0	30.313317468185414	19.94302527113986	19.943583300986457	29.800041378327798	3.258136047024974E-5
44.0	30.266772705684975	19.96953709371544	20.017494002936413	29.743949980752436	0.0022462169107289433
45.0	30.313854314719833	19.957680535940167	20.01885173104956	29.709609250504133	4.167786312689668E-6
46.0	30.33255044038422	19.892151175306715	20.087070275615872	29.68819348792553	3.462076766263671E-5
47.0	30.279555681997305	19.991207856867835	19.957066191337187	29.772143340418356	2.6929379318499993E-5
48.0	30.30102709033998	19.947330220482375	19.974238458261652	29.77681684318888	5.873877271208296E-4
49.0	30.367691712470034	19.95365446858311	19.984774451105487	29.68905040503617	0.004828962805196705
50.0	30.341956759712314	19.932080863870297	19.98226826728433	29.743692903024023	1.2061090436190903E-6
51.0	30.354810553255067	19.870423476108858	20.00488288072936	29.768838261299507	0.001044828607204104
52.0	30.29539628801511	19.914361603981565	20.07497307648196	29.715202953728276	6.607779309482576E-5
53.0	30.387417383618327	19.87706407919342	19.987118763182455	29.748292191292958	1.0758271284142635E-4
54.0	30.3250275068467	19.899238462268844	20.02906212470234	29.746416552935944	2.553532461735712E-4
55.0	30.293865955725423	19.95385242997699	19.979751108624814	29.77216253294334	3.679727294309968E-4
56.0	30.30805737688099	19.94696080305883	20.00132251397833	29.743651338391746	7.967690109515044E-6
57.0	30.30632153418742	19.95494103970767	20.065218856797568	29.671096137068613	0.002422432238726211
58.0	30.343770799745595	19.989746187637742	19.964522721333942	29.701946116641274	1.4174641443200364E-5
59.0	30.37667759607784	19.976836933394196	19.97428208797319	29.672195348449677	8.034105097503105E-6
60.0	30.396032743775947	19.972520193148934	19.946409289416717	29.684058746441405	9.790272169938107E-4
61.0	30.367359799493155	20.022613585758634	19.92723174315774	29.682682411319934	1.1246027053579372E-4
62.0	30.346740453271753	19.957980523404263	19.964693652198477	29.730533664584126	5.170654138084474E-5
63.0	30.433079358259512	19.945712637456772	19.922552331435412	29.698174702039832	4.809708084699534E-4
64.0	30.369031394437158	19.898302576703458	19.99479728035829	29.737794216354256	7.453214683917714E-5
65.0	30.33157755329448	19.962697810239078	19.978420801111195	29.72251609230907	0.0047877430461832045
66.0	30.29221558642178	19.992709467768474	19.967508522143188	29.731979664304987	0.01558675936157218
67.0	30.296775392745452	19.97186504081393	19.989479388566966	29.740853290008516	0.001026887865133474
68.0	30.345522121675494	19.99064665362189	19.96491801690768	29.698737795346435	1.7541244849333246E-4
69.0	30.33862001458592	19.978069051658093	19.99949136608212	29.683789722737362	2.9844936504897588E-5
70.0	30.37783719046126	19.90948002630637	19.962105371118387	29.750467259972417	1.101521415648836E-4
71.0	30.23818288164727	19.982151420884545	20.05014950485413	29.721297956203145	0.008218236410909827
72.0	30.358056761200707	19.917519477306957	20.00427239856364	29.716603410101953	0.0035479528267368093
73.0	30.30914621482708	19.98338351481122	19.999291303272027	29.706771976757135	0.0014069903325379589
74.0	30.36871347639898	19.94908748152478	19.942802279548292	29.73938388433518	1.287819275993927E-5
75.0	30.286123858113694	19.98289438889614	20.018718412211197	29.710153538097124	0.0021098026818504607
76.0	30.27309069089036	19.983417262121904	19.98031983349861	29.76317091830677	1.2951823639110284E-6
77.0	30.334965928123342	19.977926496110143	20.001075929387753	29.685888111189396	1.4353518935980526E-4
78.0	30.323532348440523	19.970310766943605	20.00932391506045	29.69683036394536	2.6056100660761868E-6
79.0	30.404779280711868	19.922133313144545	20.005229127587832	29.667522466618905	3.358119368482002E-4
80.0	30.45108500953994	19.906964661777916	19.980902226120765	29.660441208163686	6.068943976942418E-4
81.0	30.319506527262835	19.947512094802093	20.060756966520156	29.660381604223662	0.011842807191250176
82.0	30.296388954589265	19.937076076121226	20.09257305872839	29.67086701681339	0.0030948937477284855
83.0	30.37585665176859	19.99350330945472	19.911714273457058	29.71642159411517	0.0025041712044572713
84.0	30.384501654623502	19.988385194113512	19.96577143457204	29.66131982149203	2.1895198922294425E-5
85.0	30.394347517104404	19.968057740307906	19.981276007324684	29.656141045337854	1.776899251576025E-4
86.0	30.316991975668056	19.968141973574305	20.024215042619613	29.69034260258678	3.084055512438486E-4
87.0	30.345069116224792	19.94560469287467	20.043176474262047	29.6661276170298	2.2099608682229063E-5
88.0	30.336517284446487	19.98346443460764	19.989310585861613	29.687904202877547	0.0028034922067149103
89.0	30.289383135706466	20.031630454274268	19.978374712433183	29.70057462643485	3.707115123348021E-5
90.0	30.41796793208088	19.977395477686187	19.944654451654902	29.65994629616923	3.5842408800309535E-5
91.0	30.357606876221293	19.96307679248175	20.035870398736975	29.643424900808323	2.103175165582811E-5
92.0	30.345409816681162	19.990400461500986	20.034130391616685	29.630034826302342	2.4503898828955955E-5
93.0	30.358605452967762	19.99292806821834	20.042816614748286	29.605548793543022	1.010705225854102E-4
94.0	30.37390853069455	19.971587212954862	20.027800468488106	29.62669419468903	9.593173453915688E-6
95.0	30.392642899667404	20.03411951696042	19.9870777425338	29.58615571605544	4.124782933298135E-6
96.0	30.340832776464595	19.995078039301593	20.04696562240348	29.617116664270572	6.897559766820819E-6
97.0	30.339413105768543	20.00295167890268	19.96821989725447	29.689147474392225	2.678436820807337E-4
98.0	30.2723247366149	20.044581090379072	20.005568278158155	29.677348791182055	1.771036658180785E-4
99.0	30.29484066947389	20.018442193602628	20.02754893350027	29.65915287221127	1.5331211948890143E-5
100.0	30.298736587488595	20.013880869058095	20.015381571591075	29.671996776049	4.19581323294039E-6
101.0	30.380813557768167	20.040905273261195	19.979766383221808	29.597645302899966	8.694828488648351E-4
102.0	30.33700431858093	19.975882366667065	20.014536673074236	29.672473811446814	1.028302309581778E-4
103.0	30.309681883637197	19.993544781786305	20.010550874623043	29.686102997417525	1.1946253593021324E-4
104.0	30.326706546898645	20.01855787018663	20.02053162864928	29.63420182584151	2.1284239352793387E-6
105.0	30.383186171040755	20.00996067427812	20.047393668662743	29.559448804711963	1.068130641777039E-5
106.0	30.397498489822873	19.977838465600716	20.013007018093216	29.611557391001448	9.863548174873703E-5
107.0	30.335378936460383	19.987567190072316	20.04980226875966	29.627075825748207	1.757789594364868E-4
108.0	30.33460727751921	20.0078304782203	20.01150148753662	29.646029066629715	3.169009415695955E-5
109.0	30.400135459601163	20.007336961231406	19.99756056451016	29.594958338023837	8.676633433545797E-6
110.0	30.303282161401963	19.993309552983373	20.053590810239083	29.649602558578657	2.1491679692246118E-4
111.0	30.34846794003127	20.007344497462356	20.022979588950935	29.621090586420124	1.1738713531344141E-4
112.0	30.28664776696406	20.017931434337743	19.99853361599681	29.696880594514475	6.588186915295666E-6
113.0	30.33521938921137	19.989869408734524	20.000581545390578	29.674321571477357	8.085186168283932E-6
114.0	30.36855246071418	20.0586903250742	19.997612995218898	29.575144218992723	0.0
115.0	30.411646327295067	20.005022012783066	19.98637786257285	29.58965574737404	0.007298049974977373
116.0	30.29303671827926	20.05018921971308	20.04439403463531	29.612377795020628	2.2323517248730676E-6
117.0	30.313718612157718	20.027878538594827	20.07754932120969	29.579374443507522	0.0014790845302339714
118.0	30.36077959851495	20.027202884988117	20.04160779518934	29.569943496820443	4.662244871506242E-4
119.0	30.34903982162993	20.05386933928753	19.980849661501736	29.616240423416695	7.541641133812138E-7
120.0	30.33384291209831	20.06116233206498	20.012093814114852	29.592881242488247	1.969923361646941E-5
121.0	30.312354437339994	20.0815770892616	20.02969224213902	29.576375470060373	7.611990129775983E-7
122.0	30.30843148782738	20.066625997368046	20.005140185707834	29.619798504781443	3.824315299560376E-6
123.0	30.321957546483556	20.046029751101226	20.034380860869508	29.597612632901438	1.9208644271021464E-5
124.0	30.2482128611921	20.07325262930293	20.015997883460532	29.662536626044435	0.0
125.0	30.282325426849276	20.09357927601616	20.024492431103713	29.599415140578984	1.877254518679621E-4
126.0	30.312331316386693	20.039445678424233	20.070807014675466	29.577398842523113	1.714799049402706E-5
127.0	30.371919639232935	20.019549399679732	20.065034819924758	29.53840207494432	0.005094066218254084
128.0	30.31921347871947	20.08428550395466	20.059697008471115	29.536804008854755	0.0
129.0	30.346399998948804	20.04656504488463	20.0398122086182	29.566013237078888	0.001209510469476713
130.0	30.321463318885343	20.02106335101585	20.055797681281188	29.601665306720697	1.0342096915997043E-5
131.0	30.37085394949776	20.064567073003317	20.010428610067482	29.554146368608595	3.998822842526908E-6
132.0	30.38196773993131	20.07635797198319	20.047350341268277	29.49430545115559	1.8495661633482477E-5
133.0	30.354624914677558	20.13021807423824	20.038924757069143	29.476230636987793	1.6170272712942926E-6
134.0	30.280095225016083	20.08963584395788	20.04799345493246	29.582264907784634	1.0568308943668011E-5
135.0	30.237215561215493	20.090587689281737	20.079105730816927	29.593089383428644	1.6352572049861706E-6
136.0	30.28941178181393	20.0348680153425	20.091229169962162	29.583768053269733	7.229796116788497E-4
137.0	30.30975418380289	20.10966767265356	20.087586022429598	29.492992121113954	0.0
138.0	30.345846253133672	20.107357332555654	20.041731734383998	29.50505635645271	8.32347397032863E-6
139.0	30.308212205797822	20.127562347287082	20.047196361717717	29.51626446852802	7.646166693569225E-4
140.0	30.26913865261906	20.12237407498563	20.00653180561199	29.589027179997707	0.012928286785616623
141.0	30.28308876830352	20.127608448589193	20.06250001961864	29.526801915115087	8.483735614118915E-7
142.0	30.259182378205807	20.065384952902324	20.103310589852217	29.572096454763525	2.5624276124876254E-5
143.0	30.302864604541703	20.112889559218907	20.00729606650305	29.57684655029087	1.0321944547004432E-4
144.0	30.440237736606534	20.04309246129812	20.030508609937943	29.483108305141027	0.0030528870163745564
145.0	30.39813787207008	20.057322425382416	20.156737650403212	29.38780205214429	0.0
146.0	30.542874162084786	19.97299639333342	20.090135442823005	29.393992242795353	1.7589634358114227E-6
147.0	30.463643902080957	19.98118899568221	20.106577360798514	29.44653999600588	0.002049745432438102
148.0	30.40114480767599	20.160747453334828	20.09356855848062	29.344489971100206	4.9209408355730696E-5
149.0	30.381100827478225	20.077296350613448	20.204146436774387	29.33740857232588	4.781280805713295E-5
150.0	30.099177691539904	20.04946228815403	20.387916718300335	29.463443302005732	0.0
