# Position (bp)	A	C	G	T	N
0.0	25.90036566947451	25.683788117709007	23.929631334056868	24.426339810466214	0.0598750682934026
1.0	28.446074712048574	18.507792003369477	18.470125461970625	34.57050557367282	0.005502248938502527
2.0	29.804542870348815	20.16646471787715	18.96063170071261	31.063627126234127	0.0047335848272954915
3.0	32.79765427375988	19.279284497475942	19.559073340795806	28.360088927354266	0.0038989606140972283
4.0	32.792484823683644	18.794654850763052	20.438216933831217	27.973633283984313	0.0010101077377756525
5.0	33.59781315598828	18.82886597121337	19.93822992868834	27.63294826784038	0.0021426762696292257
6.0	28.37071892345935	19.10917995287555	17.98672232446119	34.528211747804924	0.005167051398988967
7.0	28.386682729192493	21.370802851565166	18.85340298594671	31.364988539356425	0.02412289393921209
8.0	27.913545563575532	21.045271750704636	18.962368611801285	32.07808402332103	7.300505975088953E-4
9.0	32.38396696470431	18.91644841145604	19.34709659253229	29.35015146524012	0.002336566067241155
10.0	30.022682845968017	21.348708241922996	21.471940443309155	27.144310761309843	0.0123577074899895
11.0	28.843424118156047	21.35924304651919	20.363561749691396	29.417056251849267	0.01671483378410252
12.0	29.775731592477168	20.112968176083825	19.792334656413534	30.316889217766697	0.002076357258778182
13.0	29.932100951698498	20.061961332648373	19.731236335541666	30.273239932385763	0.001461447725697542
14.0	29.94791428201052	20.189080612388107	19.901348974871166	29.957342336424503	0.004313794305704307
15.0	30.12324188337403	20.20591464653861	19.86678325179099	29.803436010930756	6.242073656095551E-4
16.0	30.147600917886457	20.127588869327347	19.963471833668763	29.757684659947202	0.0036537191702273055
17.0	30.109870731732435	20.161456143035764	20.00103477584176	29.725605198420133	0.002033150969906348
18.0	30.0751485789723	20.140979861259424	20.0261262497744	29.75278933420516	0.004955975788713146
19.0	30.01387532080986	20.161318414748685	19.92729490728777	29.896731206126724	7.80151026961381E-4
20.0	29.928111525491623	20.23714939817972	19.915097951876675	29.919084435723853	5.566887281214117E-4
21.0	29.89562188620718	20.23528548980257	19.938098596385018	29.92954634658642	0.001447681018807625
22.0	29.89276567530651	20.09635013974111	19.93315774745325	30.077061718630794	6.647188683375541E-4
23.0	29.92555315558951	20.041915881961103	19.988149256090757	30.04142277973753	0.0029589266210947062
24.0	29.93449165771782	20.073686019676824	20.01013172179742	29.97905152686745	0.002639073940481634
25.0	29.952606547176348	20.048013479457605	20.05343419393292	29.940608363846525	0.005337415586595725
26.0	29.96429468434317	20.06737642767773	20.028824466846785	29.938499963623837	0.001004457508479676
27.0	29.90262957339312	20.110583792628443	20.018309454382614	29.967532466508345	9.447130874810312E-4
28.0	29.898453604338577	20.109254360632285	20.076932726006568	29.91361202284553	0.0017472861770389534
29.0	29.86949068643325	20.12344517037104	20.028451554846644	29.976895416764588	0.0017171715844851822
30.0	29.855023548388775	20.094182449466505	20.040221754784277	30.009369665725462	0.0012025816349855686
31.0	29.892182376299054	20.077355888290345	20.036201695743554	29.99314372424325	0.00111631542379627
32.0	29.878989141255108	20.127205350089653	20.060996892489943	29.93156063296114	0.001247983204154321
33.0	29.941075061005563	20.093498139070345	20.055381345751908	29.907092992354244	0.002952461817942577
34.0	29.85116739022925	20.15723037481224	20.06536260457291	29.924289119740955	0.0019505106446476115
35.0	29.827214627599197	20.15509311418723	20.02342412287839	29.991584158042343	0.0026839772928457925
36.0	29.869435746679095	20.12376304293393	20.063866696147695	29.941114743965404	0.001819770273873978
37.0	29.892828989782533	20.133709808573123	19.996905943637763	29.97618757070824	3.676872983374261E-4
38.0	29.920625702923903	20.054359717764044	20.020772590240373	30.003314266094026	9.277229776519938E-4
39.0	29.889697846263914	20.133095844582424	20.011705529392522	29.96479123592185	7.095438392876076E-4
40.0	29.84337221262891	20.134220843166815	20.082576084159186	29.937419678005718	0.0024111820393728977
41.0	29.86670204731893	20.088758330969476	20.012977751702646	30.030979280463182	5.825895457625797E-4
42.0	29.818530652319186	20.17210003916058	20.06315572926039	29.94402784224433	0.002185737015515079
43.0	29.830372665791003	20.110574205030765	20.048931370519803	30.007558211965417	0.0025635466930084166
44.0	29.811773079377463	20.14666355199483	20.074944824689595	29.966027005358388	5.915385797201305E-4
45.0	29.80626049403782	20.138895331909104	20.07422720554462	29.976636482022396	0.0039804864860595365
46.0	29.836657805871987	20.099725536057836	20.127148396282728	29.93584782019201	6.20441595438079E-4
47.0	29.861133847367256	20.150058026041183	20.02963178579795	29.958338455347956	8.378854456543624E-4
48.0	29.83963983423614	20.106082731126442	20.036334181829645	30.012406813955998	0.005536438851768703
49.0	29.854582304610144	20.111411462952	20.071996842721067	29.95289930513153	0.009110084585262985
50.0	29.852738183421124	20.141332163866206	20.05657325461075	29.948419743815418	9.366542864995284E-4
51.0	29.859288954653984	20.110664015719262	20.06931189938606	29.95680864326476	0.0039264869759309175
52.0	29.827859087488335	20.12892717727374	20.122150580256545	29.92051261903463	5.505359467441554E-4
53.0	29.873566489904075	20.119463849246127	20.018338977585447	29.98618290025269	0.0024477830116602585
54.0	29.81558980376372	20.125967613608477	20.073331839475784	29.984170728849392	9.400143026276013E-4
55.0	29.785841707288192	20.138692234361155	20.076619217354477	29.99618234481309	0.0026644961830840173
56.0	29.799416291570612	20.13134071048665	20.07193809628335	29.996451265838374	8.536358210105166E-4
57.0	29.823726191392247	20.126057879098376	20.11319255728308	29.93024140365656	0.006781968569735309
58.0	29.832066401492686	20.137517219595157	20.063472452910776	29.96372466187069	0.0032192641306917707
59.0	29.851321041261574	20.14292818306197	20.07179932029443	29.93325115452566	7.003008563696E-4
60.0	29.860952162431538	20.093521272684878	20.068544155771832	29.972858075001806	0.0041243341099441435
61.0	29.842337167563503	20.136153260021043	20.09897094349545	29.921457103978693	0.0010815249413106659
62.0	29.862576802854257	20.11647973796497	20.074577457026905	29.94434326291191	0.0020227392419589246
63.0	29.869822078284326	20.144288591552947	20.04100707603433	29.941813266835187	0.0030689872932122262
64.0	29.85077083252937	20.12324728129661	20.061076247539837	29.963393578747965	0.0015120598862118362
65.0	29.811572924744368	20.105284471236317	20.076614726270254	29.99806800933575	0.00845986841330993
66.0	29.779081423968172	20.13107967065106	20.078902369488645	29.988314089100758	0.02262244679136115
67.0	29.808770277253572	20.10260358729633	20.107714974289653	29.97869887279939	0.002212288361054296
68.0	29.802055531812073	20.18620510345754	20.04911788936701	29.95784030825784	0.004781167105542647
69.0	29.797179906314803	20.171206593560495	20.065519232439776	29.96231142608259	0.003782841602336843
70.0	29.827115434773628	20.089702568184684	20.055562906754272	30.027219694451766	3.993958356559069E-4
71.0	29.7670812246986	20.149660411329208	20.082717867622524	29.98757102019365	0.012969476156019196
72.0	29.8192644619188	20.112934777499124	20.099327547575438	29.96197473198081	0.006498481025830303
73.0	29.793401474682263	20.146372250243125	20.097021862595675	29.957415239110336	0.005789173368600286
74.0	29.84661565878296	20.114025347059165	20.06965521177937	29.96705113430033	0.0026526480781695993
75.0	29.78861803797001	20.161254633667617	20.102487022291406	29.942183100511865	0.005457205559106151
76.0	29.77642590237109	20.14504633974763	20.079807597145567	29.997918282878448	8.018778572613804E-4
77.0	29.800300506550816	20.16834745979626	20.066933327388874	29.962966660302214	0.0014520459618363904
78.0	29.790196367626404	20.135102540501187	20.085972353045804	29.9867012222834	0.002027516543201565
79.0	29.833488601238866	20.15029017572322	20.09291365043575	29.920719823343454	0.0025877492587080726
80.0	29.85975616927622	20.123635208051983	20.055710597947492	29.960303750909084	5.942738152260082E-4
81.0	29.778115596841637	20.15210818130468	20.124269161278008	29.92720253600868	0.01830452456699737
82.0	29.753373065093474	20.135648787184564	20.13790073977355	29.969061663379126	0.004015744569284493
83.0	29.81355102843092	20.15254243825204	20.052022753535482	29.97714304325216	0.00474073652939803
84.0	29.810695791490538	20.153639329056794	20.084611049689606	29.94716135853796	0.0038924712251078033
85.0	29.793033826735183	20.15010666427024	20.106748575642307	29.948496574599787	0.0016143587524881304
86.0	29.766521751042102	20.179207696311845	20.07439500621031	29.979275116988465	6.004294472748521E-4
87.0	29.786388118997216	20.140022608449552	20.110589422169827	29.96275118014301	2.486702403943867E-4
88.0	29.786162998627674	20.158124331132367	20.099185330307353	29.95220389441308	0.004323445519520763
89.0	29.725595822360923	20.1796811239704	20.095139355091177	29.998990016548888	5.936820286114918E-4
90.0	29.774451019127703	20.17250651383045	20.069066311273765	29.983789319453074	1.8683631500813127E-4
91.0	29.73707815073004	20.172144670302238	20.1166060970369	29.973956556033237	2.1452589758453656E-4
92.0	29.72908879566	20.2032604778545	20.13141164552375	29.935914748131687	3.243328300586711E-4
93.0	29.749732372831968	20.218023445058442	20.132708525723316	29.89876687254552	7.687838407553205E-4
94.0	29.762431958642445	20.16142958905882	20.12080752791916	29.954979503466777	3.514209128059373E-4
95.0	29.802903482870757	20.20466266737826	20.071375882363636	29.920764456891575	2.935104957794016E-4
96.0	29.76729691338572	20.19216831518244	20.114886209573243	29.92543528869281	2.132731657864246E-4
97.0	29.746250055157425	20.228594474603312	20.041808175974616	29.9825753206293	7.719736353500546E-4
98.0	29.73510503903273	20.2421649233472	20.092470572089326	29.929094248718798	0.0011652168119475976
99.0	29.749319724781287	20.216641991023636	20.093468599067435	29.94031242225433	2.5726287331387783E-4
100.0	29.719523420524617	20.17968831722641	20.120527791580724	29.978297851950913	0.001962618717331465
101.0	29.729918410465288	20.194957136161207	20.13245552449232	29.939844848087414	0.002824080793772327
102.0	29.715520258060845	20.182463022910806	20.14260780684077	29.958974731088635	4.3418109894888485E-4
103.0	29.76016809436828	20.178360252093736	20.144853522039412	29.91634729834968	2.708331488866199E-4
104.0	29.69449773586012	20.244286775997896	20.11731355245189	29.943720320692393	1.816149976991065E-4
105.0	29.746178926866712	20.204673920234526	20.132273997746886	29.916666705766932	2.0644938494505396E-4
106.0	29.734430886858704	20.180229731163074	20.141452443095194	29.94339780173488	4.891371481490692E-4
107.0	29.707176932804686	20.18538927155476	20.155680902893046	29.951211712055294	5.411806922191322E-4
108.0	29.673186911676424	20.228343486781537	20.182056546648024	29.91623350896642	1.7954592759313412E-4
109.0	29.777641690670208	20.172550781606855	20.117525683273456	29.93206018295296	2.216614965227753E-4
110.0	29.679814719195058	20.209636565816822	20.168093307465032	29.942085028253768	3.7037926932147566E-4
111.0	29.731502393729457	20.186469049097163	20.12315233412426	29.95858105354565	2.951695034677656E-4
112.0	29.715518579454315	20.159230458086654	20.094818677171542	30.029953138911768	4.7914637572440586E-4
113.0	29.704357099105174	20.163056173117663	20.185899884030274	29.9462677106462	4.1913310069213424E-4
114.0	29.714295953259807	20.24225335965378	20.147601498667893	29.89554223844572	3.0694997279464024E-4
115.0	29.744465027683514	20.192590264726267	20.20343172514811	29.849190804318276	0.01032217812382921
116.0	29.686712897918465	20.256307984964106	20.172329220894518	29.88432598143818	3.23914784729801E-4
117.0	29.643071488175543	20.212817513406133	20.171267646539107	29.969402449161098	0.0034409027181217713
118.0	29.660292217376714	20.249760323241496	20.17068361057468	29.91833752437004	9.263244370723489E-4
119.0	29.705792675107208	20.226839566688774	20.12337368002252	29.943757025125606	2.3705305589369078E-4
120.0	29.66253771037141	20.220058235870315	20.197309483779037	29.919646529819875	4.4804015935892387E-4
121.0	29.695506324454602	20.255288856401013	20.194357814850928	29.85450128240359	3.4572188986585814E-4
122.0	29.655983830377853	20.247582257915155	20.178333793736254	29.917906216003505	1.9390196723926377E-4
123.0	29.65490699362655	20.227094840837744	20.19548084200902	29.92232485462657	1.9246890011899095E-4
124.0	29.614530373777058	20.194711574870226	20.187662473754703	30.002737115345134	3.5846225287105123E-4
125.0	29.608986586866017	20.246770982044975	20.17586536472509	29.967798398159513	5.786682044099415E-4
126.0	29.64005590656929	20.24191466848691	20.216582895543254	29.9010187215072	4.2780789334083744E-4
127.0	29.69330223056119	20.22399144293069	20.21720642362566	29.857274854597293	0.008225048285164828
128.0	29.711553949491858	20.161616146323887	20.266033836526816	29.859564999464343	0.001231068193090297
129.0	29.61471355655054	20.165192778689185	20.341877913487004	29.875951966115394	0.002263785157877236
130.0	29.57464974537111	20.127380878635144	20.383547905099757	29.913964537955728	4.5693293825735756E-4
131.0	29.496585830286598	20.1734389731574	20.344054489381953	29.984805073828092	0.0011156333459550664
132.0	29.39982935011477	20.26411030716314	20.334734203942	29.999025508784527	0.00230062999556549
133.0	29.373590024774977	20.24896885884025	20.386734790479554	29.990370602470467	3.3572343475572004E-4
134.0	29.355027613238292	20.232447928987348	20.308705692684356	30.103127006492976	6.917585970226831E-4
135.0	29.426657245051942	20.151809067448788	20.372586699059894	30.045953469316704	0.0029935191226754514
136.0	29.553728426653958	20.159477690055656	20.406186847926463	29.87940240080401	0.0012046345599160627
137.0	29.871425121203426	20.035196978738217	20.30815485441557	29.78470682875058	5.162168922145274E-4
138.0	29.907402868483462	20.05721305068409	20.40278308318039	29.631357503771333	0.0012434938807255058
139.0	29.030479877712434	20.678754243165407	21.557036601929024	28.727058731269178	0.006670545923955076
140.0	26.94397164349433	21.653328494192234	21.47914135800633	29.90532270949754	0.01823579480956988
141.0	29.066948282569815	19.593684733443354	19.227559673178515	32.1113313648569	4.759459514114884E-4
142.0	31.596824241789346	19.26164487630868	21.26364008101437	27.877056074517693	8.347263699137906E-4
143.0	31.00055219784612	19.15264902107515	21.524817880842228	28.311445284669794	0.010535615566703072
144.0	33.8474517614758	18.41389521370309	19.346429200479655	28.38766768215391	0.0045561421875459016
145.0	27.296881501643423	20.31946782650153	19.07407690183608	33.309325633902944	2.481361160208129E-4
146.0	27.639657835343414	20.69790897191853	19.066783368239225	32.59539763694276	2.5218755607433053E-4
147.0	27.91618817597565	19.887126402869608	19.569304439884736	32.624168374691735	0.0032126065782770645
148.0	30.508280441144542	19.299355731402954	20.415716724517903	29.776395462630283	2.516403043077523E-4
149.0	33.74029351096229	18.989149376377608	19.11836720109448	28.150267904808857	0.0019220067567710713
150.0	23.73084664115976	24.458859718564653	25.846706874459542	25.914278237470594	0.049308528345449736
