# Position (bp)	A	C	G	T	N
0.0	26.794541009562256	23.81909957019457	36.51157046283386	12.865614722195307	0.00917423521400858
1.0	26.98673157121026	18.856373760267065	21.095618718257228	32.994591602620766	0.06668434764468936
2.0	29.64273774279774	20.188686497813556	17.399283631671278	32.7692862516667	5.8760507305314185E-6
3.0	31.446652290367638	19.907532526676555	20.636958998747172	28.00882738360958	2.880059905246029E-5
4.0	34.31574022878597	18.56355658278001	20.835135911641462	26.285558315800106	8.960992459306923E-6
5.0	34.980232988001994	18.39775366238313	20.63030787536212	25.99124479362322	4.6068062954126356E-4
6.0	29.02184341260041	17.222862249817744	18.052905196779275	35.70238158191751	7.558885059651586E-6
7.0	27.18740125221837	22.366087781784152	18.251586885151024	32.19491964666741	4.4341790440529875E-6
8.0	27.124031487471413	21.493649211986607	19.01407052685707	32.368238593242374	1.0180442545696499E-5
9.0	32.84448200637765	18.963764824393888	19.56543672004911	28.626309379326237	7.069853113682836E-6
10.0	29.26798181569851	22.52450132944569	22.523519850145355	25.683992593567524	4.411142922852503E-6
11.0	27.80156672079815	22.50565169740187	21.03022710903069	28.6625469832261	7.489543187913308E-6
12.0	29.534269799995204	20.558755410329177	20.42787346149522	29.479091647725607	9.680454787765929E-6
13.0	29.950254226567697	20.28713862732961	20.312699924249166	29.449887883870986	1.9337982538865354E-5
14.0	29.981582681610742	20.46326278341714	20.412043593692665	29.143088991389703	2.1949889745045316E-5
15.0	30.326300543631064	20.444486094604937	20.178388664468468	29.0508163657043	8.331591226841455E-6
16.0	30.64016877587223	20.227616119659757	20.47147504421627	28.660731736673977	8.323577771622712E-6
17.0	30.625598883937865	20.298072853768208	20.607769399865557	28.46855229739818	6.565030195462482E-6
18.0	30.93939688554841	19.891036850667017	20.92433657478533	28.245216572013625	1.3116985620163472E-5
19.0	30.526914406078383	20.155279671044873	20.424143666532842	28.893656136131398	6.1202125058437645E-6
20.0	30.07508781347694	20.64705503677235	20.33841713559033	28.93942864977539	1.1364384982563186E-5
21.0	29.746962378025156	20.77433291998816	20.213748071935704	29.264942206815135	1.4423235843433398E-5
22.0	29.669214362355785	20.48631494941096	20.153667161075266	29.69079915652782	4.370630172930364E-6
23.0	29.898381651219395	20.2158259618607	20.465557500751405	29.42020691429909	2.7971869407715813E-5
24.0	29.918761878245075	20.288623958068	20.601568550806192	29.19103905611043	6.556770300705025E-6
25.0	29.96105673168027	20.28591624854718	20.555710331912522	29.197309693086886	6.994773142653952E-6
26.0	29.943908330736413	20.278984692588587	20.525380400669498	29.251599337114236	1.272388912675857E-4
27.0	29.91020992851226	20.30913192496312	20.539742778684435	29.24091143191182	3.93592836904251E-6
28.0	29.922397716151195	20.277574307633508	20.628125611334504	29.171895366015256	6.998865545135207E-6
29.0	29.86849518219592	20.299482850430234	20.573976580162444	29.257766683169272	2.7870404213004057E-4
30.0	29.890590289997032	20.284623978246714	20.621877589820592	29.20276476465775	1.4337727791362788E-4
31.0	29.897534818290687	20.21030753087505	20.55186926760523	29.338427157428615	0.0018612258004122246
32.0	29.98675597971107	20.207412930550046	20.596778047383246	29.20900064275812	5.2399597516489816E-5
33.0	30.052819697282896	20.151855074197655	20.59453050825986	29.200784129684838	1.0590574752080381E-5
34.0	29.88488099426394	20.210402015939188	20.611025748299895	29.293606779563913	8.446193306646517E-5
35.0	29.861613699982335	20.241587421433856	20.56238125804581	29.334412744322023	4.87621597200286E-6
36.0	29.922655516592823	20.162857691074073	20.63764573660848	29.276833057191382	7.99853324674773E-6
37.0	29.90121859050226	20.25257198655899	20.542950887348454	29.303250962607418	7.572982873979877E-6
38.0	29.943342791258555	20.1431004936362	20.534622791150305	29.378909362207196	2.4561747749305455E-5
39.0	29.989443298189272	20.171035509624012	20.53092221668748	29.308576143712685	2.283178655291578E-5
40.0	29.924135971691516	20.205621376011322	20.60215750385788	29.26808021131227	4.937127011555539E-6
41.0	29.983535021730894	20.13859410499247	20.53756075727011	29.340303816016757	6.299989771966605E-6
42.0	29.907225838167122	20.217179570194027	20.609473799709015	29.266114475606177	6.316323654198965E-6
43.0	29.921723220879283	20.16290206009903	20.56917315863366	29.346110641337553	9.091905047219554E-5
44.0	29.906101378685975	20.160337846194587	20.59416724604155	29.33938808641838	5.442659502590722E-6
45.0	29.946046712103758	20.13530266410248	20.60719689939888	29.311008039178972	4.456852159155682E-4
46.0	29.949628186456923	20.09537720185831	20.62625718158525	29.328733781765838	3.6483336865224367E-6
47.0	29.88669307012483	20.148742755315425	20.595280892665247	29.369209655424644	7.362646985186299E-5
48.0	29.93554783141769	20.127654475448963	20.624753564017094	29.312037708750786	6.420365457933047E-6
49.0	30.01618938494548	20.13945920565182	20.562283005422753	29.28201781646343	5.058751651854872E-5
50.0	29.97922714328553	20.143297706338284	20.53499941104909	29.34247435573059	1.3835965041497287E-6
51.0	29.975925718477136	20.098846734138817	20.56539697693785	29.359828257750674	2.3126955184590867E-6
52.0	29.918558837826886	20.105715790109322	20.651841686366833	29.323866521467178	1.716422977669045E-5
53.0	29.95750269183678	20.123819024647783	20.572355114868166	29.34595000198611	3.731666611583483E-4
54.0	29.983487143554434	20.087021308672526	20.595672895026834	29.33381351942848	5.133317721203037E-6
55.0	29.930910655359416	20.162043998093974	20.512383046818325	29.39443599189638	2.2630783190635782E-4
56.0	29.924606249733156	20.168668828883902	20.490289772309254	29.41643044952092	4.699552774109581E-6
57.0	29.96301255727737	20.152968101548662	20.522345655018373	29.361670386235012	3.2999205845826287E-6
58.0	29.972680586061784	20.193031518697843	20.44736489464889	29.386912592564908	1.0408026575476585E-5
59.0	30.006926813973795	20.15576350524074	20.46142266693751	29.375814881780403	7.213206755158635E-5
60.0	30.025161332183643	20.161811808252665	20.478313109999416	29.33470994094164	3.8086226349994735E-6
61.0	29.97210582269938	20.19958797728865	20.45089585115184	29.37740700583792	3.3430222076487677E-6
62.0	29.966787449161526	20.169911940379087	20.458332588277006	29.40496514736697	2.874815415289223E-6
63.0	30.04829994225008	20.17489790508577	20.435210469175704	29.34083457383947	7.571096489745476E-4
64.0	30.011152848473632	20.1280701500723	20.473053103989088	29.387571014334625	1.5288313035742638E-4
65.0	30.000495010123757	20.175833596080643	20.42695857070109	29.396711371451918	1.451642591658165E-6
66.0	29.966354127870222	20.157971222956476	20.469324461123954	29.40634970256275	4.854866013757098E-7
67.0	29.992733782694568	20.139908341967402	20.46962417993237	29.397733208302363	4.871032972294968E-7
68.0	29.965684915529167	20.193728033839445	20.437499475513206	29.40308122140515	6.3537130324297274E-6
69.0	29.99245459429413	20.14605472178764	20.47087802273177	29.39061168034649	9.808399680046078E-7
70.0	29.994210391680358	20.136568458347533	20.42380334467189	29.445406978727245	1.0826572971010784E-5
71.0	29.9088146926344	20.185281839544846	20.455585942487872	29.450316537673494	9.876593885338503E-7
72.0	30.001626835657753	20.128745512065134	20.479045959262066	29.38647024824057	0.004111444774480068
73.0	29.940466741088112	20.202972323007305	20.4565381294667	29.400014847811796	7.958626087456099E-6
74.0	29.987799056388603	20.17816480902074	20.394978004263827	29.43881150945463	2.466208721993766E-4
75.0	29.993759763585352	20.155191456692638	20.439853387916326	29.411194890726765	5.010789181156975E-7
76.0	29.945813901409863	20.197452144793182	20.447991572068382	29.408742381728576	0.0
77.0	29.99167957475148	20.18833398876375	20.43300596844239	29.386979963263286	5.047790945091892E-7
78.0	29.978863013143908	20.17652164233939	20.456903222213203	29.387711615613306	5.066901954677007E-7
79.0	29.995215555984146	20.15934089036209	20.450748934521442	29.39435029743927	3.4432169305448264E-4
80.0	30.029808532772662	20.127796890768636	20.43356072466964	29.40883385178907	0.0
81.0	29.98362865626839	20.155835284790633	20.471196086455887	29.38931793727157	2.203521352157774E-5
82.0	29.93251401620772	20.151483993126195	20.50228749732654	29.413703175487747	1.131785179476796E-5
83.0	29.97368140979262	20.184006719664666	20.411827351833058	29.43048400227002	5.164396370478756E-7
84.0	29.998228789513337	20.180637131937022	20.45913552267489	29.3619959635812	2.5922935436891754E-6
85.0	29.99353559966604	20.166629547545586	20.41716878106861	29.421843708392252	8.223633275089538E-4
86.0	29.956705765317672	20.16064286241481	20.445081153670966	29.437015775306847	5.544432897113448E-4
87.0	30.002143374744506	20.12477567062993	20.46273588147051	29.410340875706286	4.1974487665043885E-6
88.0	30.01534737464004	20.14644834826757	20.42729885605775	29.41088803639042	1.7384644219621074E-5
89.0	29.98377863196491	20.17549144492468	20.41931257108871	29.4214173520217	0.0
90.0	29.992112478084948	20.165647520076156	20.434990736548663	29.405091923525323	0.0021573417649033465
91.0	29.93582962004979	20.194623751755444	20.43115970138047	29.438386393501514	5.333127773256441E-7
92.0	29.980910373870334	20.166482066295824	20.425242307032125	29.422976445191907	0.0043888076098142995
93.0	29.94345575247533	20.199969938147337	20.43824104281824	29.418333266559095	0.0
94.0	29.96832045317256	20.16968967836374	20.41013842703163	29.451138607076306	7.128343557646105E-4
95.0	29.96763383291211	20.229569228525797	20.438220998847623	29.36457593971447	0.0
96.0	29.98311535785004	20.178240344381177	20.43863909374746	29.39999322322715	1.1980794177002924E-5
97.0	29.970658589397285	20.15685340894753	20.409157053415544	29.46333094823964	0.0
98.0	29.952145905878343	20.199862638381283	20.407617829500758	29.44037362623962	0.0
99.0	29.954885332164157	20.200213509997823	20.43249655180206	29.411298459533487	0.001106146502478408
100.0	29.931644546543833	20.23110512134608	20.427410064975682	29.409840267134406	0.0
101.0	30.00263920025124	20.219666649186298	20.389230519967093	29.388463630595375	0.0
102.0	29.954327795055352	20.208525767909475	20.42123741509535	29.41590734441199	1.6775278299210898E-6
103.0	29.947260527339452	20.197906334884845	20.378544436796126	29.475266915370067	0.0010217856095051429
104.0	29.934766783304735	20.232415477257298	20.385313757180434	29.44636668220864	0.0011373000488937425
105.0	29.98067007134267	20.200075697059635	20.430021945819078	29.389231718733967	5.670446584469725E-7
106.0	30.003113947669718	20.189524073462138	20.404268713375416	29.403093265492725	0.0
107.0	29.94549452349714	20.22213318788192	20.409130866633653	29.423241421987285	0.0
108.0	29.96236756932945	20.195803364898865	20.415993124939384	29.425658263645495	1.7767718680639593E-4
109.0	29.956289581506628	20.22590683069587	20.4022791120298	29.41551292052566	1.1555242038728561E-5
110.0	29.89697296085637	20.23159342682609	20.40115097804467	29.470281473198117	1.1610747507007055E-6
111.0	29.993066706043827	20.197444149277153	20.390756450387993	29.418732694291027	0.0
112.0	29.914686731151015	20.222951802908888	20.39335745253634	29.468330445481705	6.735679220528676E-4
113.0	29.91032205097045	20.231544685930963	20.38404924857978	29.47408401451881	0.0
114.0	29.968094741821496	20.232415547914172	20.375481882081406	29.423964024151577	4.380403134775125E-5
115.0	29.97760846061583	20.19985914290336	20.3603771237067	29.46215527277411	0.0
116.0	29.911296320271774	20.23755194285227	20.3904743544624	29.460677382413554	0.0
117.0	29.953825729049672	20.206333849973003	20.418624216533615	29.421216204443716	0.0
118.0	29.956773203139235	20.22157661691516	20.409741223352494	29.41190895659311	0.0
119.0	29.93548092083065	20.235888947390844	20.3677101950325	29.460901723605414	1.8213140589089947E-5
120.0	29.924667145265758	20.254129503896127	20.371800778281315	29.449402572556792	0.0
121.0	29.919617367125255	20.273884837148774	20.386164870890752	29.420332924835225	0.0
122.0	29.928779659875264	20.257899229656843	20.362389609656713	29.450925951241558	5.549569625325986E-6
123.0	29.936323017868606	20.261068200656414	20.381844937128296	29.420763844346688	0.0
124.0	29.880101226902184	20.28078016278178	20.361662396031573	29.477456214284466	0.0
125.0	29.905217940945743	20.270308928079068	20.399262520383267	29.425209983937407	6.266545128277213E-7
126.0	29.897568165269718	20.25537771055631	20.41923476396408	29.425583868693217	0.0022354915166752382
127.0	29.911581886196547	20.226222291321104	20.411044756208987	29.451151066273358	0.0
128.0	29.917397932213053	20.267905525534726	20.386629500390555	29.428067041861667	0.0
129.0	29.931664103153967	20.259760166033274	20.403372459529837	29.40520070595311	2.5653298113065243E-6
130.0	29.915776827629433	20.24210891769563	20.39157595237386	29.449673107759374	8.651945417024834E-4
131.0	29.93194774258383	20.244400589896607	20.368241649898977	29.455403527509223	6.490111364534816E-6
132.0	29.95048648135146	20.28350727536285	20.395301568013522	29.367977762233128	0.0027269130390370332
133.0	29.945556277506498	20.32289039821247	20.3708489120058	29.360703098469333	1.313805903360852E-6
134.0	29.8883630454935	20.2808598959294	20.401343320561487	29.42941787702032	1.5860995294637482E-5
135.0	29.882882305147028	20.267868634779667	20.421660433825334	29.427588626247974	0.0
136.0	29.91491718873272	20.272829693015833	20.404343128387698	29.407891919775174	1.8070088573015413E-5
137.0	29.92395083338808	20.305185615257944	20.38999865196618	29.38086018433421	4.715053583855986E-6
138.0	29.90542114433149	20.295750731502814	20.390363692316292	29.408336961327457	1.2747052195022387E-4
139.0	29.87143140641078	20.320160623415934	20.37605953705662	29.43234570257757	2.730539091220205E-6
140.0	29.869231293803622	20.3268508355431	20.32964610780915	29.47426763900995	4.123834176613894E-6
141.0	29.910105928223096	20.275561593384147	20.367071971418977	29.447260506973784	0.0
142.0	29.85399234653668	20.305860253015677	20.376356422517823	29.463790977929825	0.0
143.0	29.781453340848437	20.400289203992962	20.35680573548945	29.461451719669153	0.0
144.0	30.05978408062043	20.29917655552697	20.321063372873688	29.319975990978907	0.0
145.0	29.98571328401516	20.23233268731709	20.517475917035863	29.264478111631888	0.0
146.0	30.18620452324237	20.176397547866813	20.439882519730503	29.197515409160314	0.0
147.0	30.140405550677897	20.12931419166587	20.40092318123734	29.329357076418894	0.0
148.0	30.035946599059134	20.35455443949184	20.35872775310826	29.250513343872615	2.578644681595018E-4
149.0	29.993278609778407	20.2687540094497	20.584677387441747	29.153289993330144	0.0
150.0	29.704981605235226	20.239781808820904	20.857678906215117	29.197557679728753	0.0
