# Position (bp)	A	C	G	T	N
0.0	25.949757589033567	24.21044932240885	24.394807089232792	25.385419221364593	0.059566777960198596
1.0	28.881666592010458	18.668232788011206	19.09362386211496	33.35087829635438	0.0055984615089935096
2.0	29.959439147963636	19.850462071219578	19.1131022075823	31.072305319315085	0.004691253919396047
3.0	32.76580180607826	19.127068319202554	19.717012942735142	28.38638999108217	0.0037269409018816347
4.0	32.825451354775794	18.74282232240087	20.32967775808249	28.10106259693016	9.85967810690595E-4
5.0	33.45359226538576	18.90188725527457	19.839806865436643	27.802751130598097	0.001962483304932666
6.0	28.397993079819262	19.103166535224805	18.075130571494793	34.418839816665795	0.004869996795342969
7.0	28.581090062749464	21.37573036601678	18.945885856980595	31.074271532964538	0.023022181288624984
8.0	28.31226446450727	20.989672693932548	19.094716617474056	31.602651053096597	6.951709895333633E-4
9.0	32.45456437112114	18.950326082046644	19.465277278964358	29.12747449510414	0.002357772763725844
10.0	29.942826727757087	21.316363424667628	21.398277780052602	27.33089618617008	0.011635881352604096
11.0	28.874797516557095	21.289547621974425	20.271731415936163	29.54808699543169	0.015836450100635488
12.0	29.839193820637032	20.042440965633308	19.749035559265785	30.367397468913804	0.0019321855500697945
13.0	29.999635610581016	19.98868796935086	19.739025066504762	30.271209163486606	0.00144219007675111
14.0	29.996477178680216	20.093145693925862	19.909371429923528	29.996714977612115	0.004290719858280108
15.0	30.17164199950169	20.102790139559243	19.86146891330123	29.86351577509772	5.831725401147412E-4
16.0	30.204979333754146	20.026795689311335	19.936146932367784	29.828712975682002	0.0033650688847311596
17.0	30.179985321996796	20.06084756918312	19.986730159705356	29.770499692303716	0.0019372568110105947
18.0	30.161352676243723	20.03657069698049	20.002690366673082	29.79453504519713	0.004851214905575357
19.0	30.093200834986035	20.07268601300019	19.90286926114572	29.930499417442157	7.444734258955066E-4
20.0	29.992358278100834	20.158713550431095	19.883012733436836	29.96534146197825	5.739760529794098E-4
21.0	29.9478650811557	20.143200890714567	19.899311725546404	30.008177645892065	0.001444656691265293
22.0	29.933842214715035	20.040260174080625	19.89199523685792	30.133299828206084	6.025461403417226E-4
23.0	29.993030041845614	19.95742004876176	19.95897940000386	30.087841273087058	0.002729236301708808
24.0	30.013745879683434	19.992314887564426	19.971757420277754	30.01969794029516	0.0024838721792228738
25.0	30.013827946971084	19.98241047790592	20.021297243216704	29.977530947440002	0.0049333844662894765
26.0	30.016537106100436	19.998495336012407	19.98879452756637	29.99516872539462	0.0010043049261649814
27.0	29.947015074953136	20.032196321199432	20.00195930476393	30.017908488729063	9.208103544360757E-4
28.0	29.956506020386286	20.036140512023636	20.03110970523177	29.97465082353512	0.0015929388231844957
29.0	29.92422554651219	20.041330153927344	20.00500663722064	30.027805651287597	0.0016320110522313116
30.0	29.916770454064878	20.02085164349445	20.019061776986398	30.04221779827888	0.0010983271753940362
31.0	29.95108889895237	20.00338302222744	20.006903479732866	30.03756287380791	0.0010617252794146042
32.0	29.949985585094748	20.0417415325054	20.019230874914882	29.987786957707414	0.0012550497775602157
33.0	29.99869881904586	20.021392610885837	20.015843657697523	29.961304095672332	0.002760816698451473
34.0	29.89934473893229	20.071982235368225	20.020891314572374	30.006003008214183	0.001778702912929571
35.0	29.896088512259784	20.069580842422933	19.991626403986864	30.040300104604356	0.0024041367260624713
36.0	29.92728528361186	20.046540476941253	20.018962407638547	30.005433341479016	0.0017784903293250269
37.0	29.951135265205064	20.047362487417526	19.970583850282715	30.03056429592716	3.5410116753133267E-4
38.0	29.9565074261044	19.981518360244905	20.00462348283711	30.056467272541838	8.834582717460489E-4
39.0	29.959434014614096	20.03863235029872	19.98082043451391	30.020423221665226	6.899789080532414E-4
40.0	29.902330873776073	20.05233497583429	20.04798589867697	29.99514823930614	0.0022000124065261043
41.0	29.92153186663175	20.022439805643835	19.984528412946897	30.070901020623964	5.988941535519422E-4
42.0	29.891628512739633	20.089128529183952	20.01329538852842	30.003969596994995	0.001977972553001287
43.0	29.89010634564758	20.043511993581674	20.012789247153833	30.051177206064267	0.002415207552641727
44.0	29.88350021042158	20.059010330767514	20.04466212915963	30.012222472825563	6.048568257126258E-4
45.0	29.883314629858692	20.060629631703627	20.049259739889624	30.002961765414682	0.003834233133374065
46.0	29.908419218896636	20.013539728051548	20.07730749972766	30.000107120084056	6.264332401012743E-4
47.0	29.923275090537597	20.062006947895057	20.01131192135736	30.002429656667438	9.763835425436525E-4
48.0	29.894719510111734	20.03913646625111	20.02305658668389	30.03753131064425	0.00555612630901966
49.0	29.909284157797263	20.048465658745815	20.035497757228168	29.998034071808604	0.008718354420146538
50.0	29.92167028343105	20.067265571963308	20.030068858587423	29.980054497730922	9.407882872965041E-4
51.0	29.919130250834698	20.035868147518148	20.03129246562069	30.01005429624277	0.00365483978369498
52.0	29.90419271120303	20.050599133960777	20.0786756938717	29.966001815253186	5.306457113086511E-4
53.0	29.92822779220766	20.051194338152523	20.00065896319896	30.01747606074921	0.0024428456916482833
54.0	29.873802720327312	20.056322480998265	20.04655925791205	30.022410563242367	9.049775200072654E-4
55.0	29.85256725439574	20.083994019370536	20.03706590938144	30.023778680094253	0.0025941367580248767
56.0	29.860856827825682	20.07082914547877	20.03591904012288	30.0315865555352	8.084310374640417E-4
57.0	29.8820353417899	20.06566949537479	20.070464015845648	29.975385394954895	0.006445752034765065
58.0	29.893895450055325	20.075642733526085	20.021378240426703	30.006048194697705	0.0030353812941847063
59.0	29.91561842633676	20.06969287968165	20.020055614228273	29.993873556548365	7.595232049448775E-4
60.0	29.909719762103688	20.041084166254265	20.03836135461774	30.006775605804126	0.004059111220181953
61.0	29.9126091541277	20.0912161579624	20.041602379720803	29.953573765347237	9.985428418555257E-4
62.0	29.91683780152245	20.04512596191546	20.04066518301692	29.995416513064633	0.0019545404805350877
63.0	29.940894814360107	20.07965829124351	19.999078698885324	29.977420619175682	0.002947576335376051
64.0	29.898665027938904	20.0559234160712	20.037336337783827	30.006585832304072	0.0014893859019962168
65.0	29.86824101414689	20.059968774838623	20.028035067955642	30.03577663224125	0.007978510817592366
66.0	29.847956552050753	20.074503579113152	20.028491126284788	30.02736964049942	0.021679102051888655
67.0	29.88182400084393	20.05284148899928	20.049649420684872	30.0134774754391	0.0022076140328130137
68.0	29.861270895676125	20.128768775879017	20.005204611872106	30.000199124081707	0.004556592491049026
69.0	29.86423046164163	20.095913576719038	20.01707966188837	30.019399852950947	0.003376446800013056
70.0	29.88378691185976	20.04485612225036	19.994294757032847	30.076608149204137	4.540596528989041E-4
71.0	29.832199226360224	20.082198811139218	20.032558309485808	30.040704945614355	0.012338707400400939
72.0	29.85814922346521	20.05783744284972	20.064095357301532	30.013934677858455	0.005983298525071144
73.0	29.847403363248226	20.091933322234386	20.051386573364326	30.003863501620305	0.005413239532763194
74.0	29.892550501916066	20.067822632056746	20.033420671417478	30.00372371676583	0.0024824778438852432
75.0	29.843274110441847	20.10414691604046	20.04679428109664	30.000528470626115	0.005256221794932888
76.0	29.847766121271697	20.083681853779627	20.038208901403063	30.029500067738358	8.430558072547371E-4
77.0	29.852821492128978	20.109326988935024	20.03553096002113	30.001044731209443	0.001275827705426733
78.0	29.843895181344067	20.087379867149927	20.045425666924075	30.021416432309767	0.0018828522721699402
79.0	29.881276614857335	20.102157693211502	20.055220438695237	29.958965922024493	0.002379331211427608
80.0	29.907988986945544	20.069838551152127	20.011426178753965	30.010166566626012	5.797165223497416E-4
81.0	29.83637002411712	20.116583698826894	20.055360674361914	29.97440301944331	0.017282583250757405
82.0	29.835676025526748	20.079771677294637	20.05719340592551	30.023466144564082	0.00389274668902822
83.0	29.852830050388935	20.11380109987566	20.01659711743457	30.012338938481918	0.004432793818913664
84.0	29.859874026481865	20.107277986671292	20.041395512791844	29.987881594351418	0.0035708797035817375
85.0	29.857768750783297	20.10858555483562	20.040764177565634	29.991396176855005	0.0014853399604422752
86.0	29.82007832046279	20.1173245882853	20.035877881310068	30.02611060323206	6.086067097823832E-4
87.0	29.825012477711233	20.104516484186803	20.054500498479328	30.015737851013135	2.3268860950130332E-4
88.0	29.8366653888414	20.137498214396413	20.038962613210032	29.9828464570273	0.004027326524853632
89.0	29.795731784670494	20.12417001127189	20.054883016823663	30.02468350259638	5.316846375785523E-4
90.0	29.839973473659587	20.122583467105247	20.02280069569671	30.0144444679566	1.9789558185441246E-4
91.0	29.80628587745673	20.12608018453339	20.051736447589526	30.01563995664384	2.575337765118407E-4
92.0	29.79796139470212	20.141472044169102	20.068085728097103	29.992121506612417	3.5932641925344916E-4
93.0	29.80749870706521	20.16703073985243	20.0656712962882	29.95907717150977	7.220852843914534E-4
94.0	29.82817699559906	20.13593244340026	20.05692991582067	29.97857854168096	3.8210349904268176E-4
95.0	29.85996731664696	20.146063584089546	20.035506148417646	29.958176559929594	2.863909162564322E-4
96.0	29.822794154141295	20.134317527279812	20.058104504342534	29.984575986155694	2.078280806664617E-4
97.0	29.799283879045753	20.17384574272329	20.015062945350373	30.011101362833458	7.060700471264688E-4
98.0	29.79962772546075	20.179094438662023	20.050080859315266	29.970066287403913	0.0011306891580499248
99.0	29.80326629123118	20.169397042886345	20.031799328030463	29.9952641751783	2.7316267371128367E-4
100.0	29.789959284207185	20.146474077777867	20.05237504049708	30.00931744057731	0.0018741569405508172
101.0	29.800291903795873	20.159007468631998	20.061063952725885	29.976865075289655	0.0027715995565868482
102.0	29.776010060789776	20.140642576770894	20.08305862074597	29.999802740823352	4.8600087001302803E-4
103.0	29.81283113770709	20.14274533713308	20.087041054309015	29.957133479137386	2.4899171343038557E-4
104.0	29.76204384100419	20.187137105053658	20.06839977243897	29.982250462353445	1.6881914973804207E-4
105.0	29.80433504223814	20.171310980083252	20.073992301618617	29.950176214546488	1.8546151350387594E-4
106.0	29.792357582291938	20.157916711527214	20.07580295326466	29.97345699752702	4.657553891689559E-4
107.0	29.7878138153165	20.14129578596516	20.099497931688486	29.9709273627456	4.651042842529172E-4
108.0	29.752605874555982	20.183443946280107	20.1079010963401	29.955833194275712	2.158885480994424E-4
109.0	29.812356023243204	20.149202882976535	20.068953871124005	29.96920347085207	2.83751804188555E-4
110.0	29.73403169497555	20.17955041099752	20.09600338580129	29.989996827817617	4.176804080237829E-4
111.0	29.783132021501878	20.157270813847454	20.05996883527207	29.999315555381262	3.1277399733801894E-4
112.0	29.782491449244613	20.141534234105205	20.032913829328187	30.042607527892308	4.5295942968923494E-4
113.0	29.76426538914333	20.13503439302011	20.108112839558206	29.992168108183453	4.19270094898476E-4
114.0	29.773016945572767	20.196092020050568	20.08846426768024	29.942104130486474	3.226362099559377E-4
115.0	29.798313679036227	20.151513888292452	20.12944507964006	29.911036894415428	0.009690458615835375
116.0	29.741625486632966	20.22237032839954	20.108904503718712	29.926832763897295	2.6691735148885384E-4
117.0	29.716648161711866	20.17587241388207	20.10105578989217	30.00314285584701	0.003280778666886352
118.0	29.70948431645699	20.206334102718547	20.111175638135858	29.972094541693995	9.114009946124646E-4
119.0	29.74764433661834	20.208041504452286	20.061487122128035	29.982580312251972	2.467245493674235E-4
120.0	29.72354993371954	20.207405069994593	20.121129047110077	29.947497988776433	4.1796039935797534E-4
121.0	29.745619491058534	20.211161404642507	20.132386584390034	29.91050733811257	3.25181796360633E-4
122.0	29.712270700249693	20.226963510929	20.119923498411243	29.94063491794177	2.0737246828850787E-4
123.0	29.711215546642233	20.190727405490907	20.14549924919105	29.952287424262074	2.703744137318438E-4
124.0	29.677035261815842	20.167784953608784	20.12706555055815	30.027791831776124	3.224022410976302E-4
125.0	29.66772026399417	20.215294027377908	20.10303491798485	30.01329458270101	6.562079420638001E-4
126.0	29.683355688477715	20.217664943133556	20.146888809125247	29.95168419459305	4.063646704342458E-4
127.0	29.747345765639725	20.177485731705254	20.122619929599317	29.944853850504423	0.007694722551287545
128.0	29.786061317530297	20.128826529192118	20.19616683179886	29.887670693173966	0.0012746283047570242
129.0	29.700523761706236	20.140710381303435	20.256441524073654	29.90026368921241	0.0020606437042655057
130.0	29.654032236343745	20.11338299680887	20.293636287721604	29.938480906034542	4.675730912381556E-4
131.0	29.572057264084815	20.14535502476913	20.248964606837283	30.0325279270681	0.0010951772406739987
132.0	29.467726352188144	20.23639104649212	20.22164665104938	30.072028763666886	0.0022071866034702146
133.0	29.44412077422835	20.226968918613437	20.27242755126748	30.056147195836807	3.3556005392450065E-4
134.0	29.450557357087526	20.208587775244258	20.228827974997667	30.111424051405294	6.028412652596887E-4
135.0	29.497986557041898	20.145815960251284	20.279143430849615	30.07407882512676	0.0029752267304424354
136.0	29.607606499024687	20.173965973827478	20.313256519831953	29.903966930979486	0.0012040763363902354
137.0	29.890957641040483	20.051557709705257	20.217925722243297	29.839032896541497	5.260304694645936E-4
138.0	29.970718221035774	20.020380908818336	20.33040704740931	29.677364593056982	0.0011292296796012221
139.0	29.18545970483311	20.603288621405316	21.47721930292037	28.727881043691372	0.00615132714982858
140.0	27.1493064916851	21.584205428086857	21.439610760561113	29.808974951341373	0.017902368325561475
141.0	28.90816993939771	19.701210088099955	19.250471220062153	32.13967088133587	4.7787110430892157E-4
142.0	31.197750255866293	19.392045797556175	21.191864897596417	28.217498225903633	8.408230774761806E-4
143.0	30.782130919870117	19.228308561964667	21.523852509996278	28.456022809523652	0.009685198645287142
144.0	33.78900564464917	18.480672875063473	19.32908948591692	28.397021954847162	0.004210039523272877
145.0	27.5322451018052	20.227567045782617	19.118491423866356	33.12145888123654	2.3754730928729294E-4
146.0	27.86063869815508	20.582014100108147	18.95454914063158	32.60253407284146	2.639882637417647E-4
147.0	28.00021282302768	19.994613384375416	19.38672826627899	32.61521829188172	0.003227234436194668
148.0	30.481985018526863	19.485150013922468	20.15915841591923	29.873426324743857	2.8022688758165136E-4
149.0	32.62048446466809	19.628121254693255	19.229789933869824	28.519689140566157	0.001915206202675202
150.0	24.601942731328403	24.968078142692306	24.407303189572247	25.974241800536884	0.048434135870156485
