# Position (bp)	A	C	G	T	N
0.0	27.631522495558936	23.858214111978626	26.642288617737968	21.865150345136943	0.0028244295875243597
1.0	28.31614233442715	18.646660596004573	19.5357809234666	33.48951631710379	0.011899828997889739
2.0	29.659640639612377	20.06238124357979	18.307923627044598	31.96740531624594	0.0026491735172991878
3.0	31.560326191449146	19.64575778473892	19.515157031254162	29.27865410458363	1.0488797414545271E-4
4.0	33.01048152670571	18.85228932736775	19.936125325915878	28.19416436506111	0.0069394549495540225
5.0	33.53492196237433	18.69042504666121	19.797169926563637	27.97533040653582	0.0021526578650050117
6.0	29.49074533722913	18.270237988527256	18.136733634562248	34.0995698088827	0.002713230798666618
7.0	28.59831787959024	21.049688828010353	18.453100385380235	31.89863557022175	2.5733679742083026E-4
8.0	28.31715922439374	20.626918171686786	18.812850325755946	32.2420826685802	9.89609583332478E-4
9.0	31.981297509449096	18.997442851158457	19.181059691573445	29.839423266317723	7.766815012833412E-4
10.0	29.97762340681238	21.13109772485132	21.067919634699365	27.82055265023124	0.002806583405691082
11.0	29.035952122819857	21.14207473878545	20.188727066445878	29.63291179448954	3.34277459271784E-4
12.0	29.982568019376377	20.013584626040874	19.78503631126775	30.21538821868081	0.003422824634188525
13.0	30.165956481727168	19.914130345837865	19.676470499856322	30.24329325840423	1.4941417441471854E-4
14.0	30.203422449422156	20.01488415274497	19.75680845731997	30.022713560793846	0.0021713797190579674
15.0	30.366037103191985	20.057973685678267	19.670516136854495	29.903741007444655	0.0017320668305969853
16.0	30.505841275500174	19.949764184308503	19.84332442658276	29.700833256907018	2.3685670154649372E-4
17.0	30.443867834951117	20.001756852739508	19.937732861817935	29.61651003272324	1.3241776819352685E-4
18.0	30.56090753182693	19.828747749698508	20.05465910515854	29.555533438789176	1.5217452684763074E-4
19.0	30.371389582716084	19.94254234055305	19.80740856907053	29.878568522969417	9.098469091590649E-5
20.0	30.155372599249976	20.1783396580155	19.783523641825724	29.882640017245976	1.2408366283060644E-4
21.0	29.97413339338869	20.249520420338975	19.753314117604038	30.022378453672676	6.536149956158153E-4
22.0	29.937463039785463	20.090656969173615	19.720238473829195	30.251495873423234	1.4564378849350848E-4
23.0	30.036561776009048	19.97346514952237	19.854194895157626	30.134677319895676	0.0011008594152863847
24.0	30.05093897323519	20.015298367429512	19.918928455872535	30.01347300909717	0.0013611943655892846
25.0	30.05956829954118	19.99282319224091	19.967030814619033	29.980274546193304	3.0314740557504976E-4
26.0	30.083283449723634	19.984372214399084	19.93598779208509	29.995662189134187	6.943546579978503E-4
27.0	30.01742250243964	20.01604902670138	19.925220587083377	30.029199414503125	0.012108469272479766
28.0	30.035059512179846	20.004728489242215	19.98654058887768	29.973469082368766	2.0232733149205514E-4
29.0	29.979580003069305	20.02428566095804	19.965691816986524	30.03031808774062	1.244312455152905E-4
30.0	29.986884569700322	20.01662731937831	19.97077742551383	30.025383186165648	3.27499241889128E-4
31.0	29.980797457704533	19.99066141912448	19.941020120442406	30.087429385956412	9.16167721725415E-5
32.0	30.004491504447024	20.027862015508795	19.960866661737306	30.006255726000536	5.240923063416338E-4
33.0	30.070584533030004	20.008934014281678	19.95584304319373	29.963967747970955	6.706615236349399E-4
34.0	29.9648890261135	20.05443311131155	19.968541304723956	30.01154166961667	5.948882343256377E-4
35.0	29.937178589445374	20.049611328326968	19.95514635026111	30.057240778525372	8.229534411739361E-4
36.0	29.986529512695732	19.997223218552293	19.987823638287992	30.027819323638255	6.043068257314452E-4
37.0	30.01546125950259	20.034534560752697	19.917456157599066	30.032138061312093	4.099608335566607E-4
38.0	30.025540541625855	19.965980887920807	19.92877121597613	30.077226935122326	0.0024804193548796163
39.0	30.00271461281723	20.010077231149832	19.920016616772234	30.066484882450183	7.066568105270241E-4
40.0	29.949614143369267	20.02918311366875	19.98616955420634	30.032777541663314	0.002255647092326523
41.0	29.97950391356636	19.98685180490338	19.935674156303858	30.09725847329311	7.116519332867513E-4
42.0	29.946397178571814	20.066226031260097	19.959236776534954	30.027679250262224	4.6076337090932576E-4
43.0	29.945437765170603	20.018028269548697	19.947700707119324	30.08867417312	1.5908504137211773E-4
44.0	29.93065534803787	20.0431870016755	19.960129667319514	30.064218921965285	0.001809061001828489
45.0	29.931757066128633	20.030964261806147	19.978499446818745	30.058648591758974	1.3063348750262083E-4
46.0	29.97777608493627	19.981851023625666	20.007983426756187	30.032279186836668	1.1027784520329883E-4
47.0	29.967186219487	20.027540905290405	19.945610529595843	30.059228769318523	4.335763082297085E-4
48.0	29.990191911013298	19.990374257412473	19.940158864408275	30.079167602714403	1.0736445155735859E-4
49.0	29.979380466842787	19.995647149471406	19.972271887300437	30.051514807260766	0.001185689124602421
50.0	29.977432239720198	20.03403194858864	19.92910512533628	30.05658682971352	0.0028438566413607515
51.0	29.980392191418332	20.018172639763677	19.9441353776163	30.05494070519327	0.0023590860084196684
52.0	29.949009178711705	20.00955932481749	19.990029220457913	30.051278069867287	1.2420614560462528E-4
53.0	29.9597347561967	20.032826970683733	19.908416108749414	30.09845740984422	5.647545259375092E-4
54.0	29.95430064812202	19.997598935836546	19.95075233461022	30.097144094729174	2.03986702036554E-4
55.0	29.921906297082057	20.0010389914621	19.972943886170285	30.10222688151387	0.001883943771687183
56.0	29.946483413409624	20.006407494469276	19.945820343497804	30.100936785666637	3.519629566593346E-4
57.0	29.943521351053914	19.997132307307055	19.99633424811607	30.06094778041561	0.0020643131073507545
58.0	29.9430697495979	20.015582738088654	19.948462624961717	30.092795948843854	8.893850788007631E-5
59.0	29.96339069164426	20.006555639829216	19.95761397326942	30.072123988599387	3.1570665771653154E-4
60.0	29.9835000702842	19.980599449570686	19.96262372152553	30.07198000211881	0.001296756500770014
61.0	29.951762808038072	20.027087010969325	19.98089811502958	30.037676450299404	0.00257561566361742
62.0	29.97967392846359	19.99814516030828	19.932968554189696	30.089057667149483	1.5468988895262552E-4
63.0	29.98929326107144	20.002753707737774	19.91133984638907	30.096174857158402	4.383276433114034E-4
64.0	29.970348473146547	19.975284997104605	19.945541386449538	30.108702123682225	1.2301961708805438E-4
65.0	29.934817222608068	19.986200345009518	19.947945582259806	30.130441755876376	5.950942462369361E-4
66.0	29.928890230904997	19.992827282181374	19.96055387327399	30.116256512387608	0.0014721012520339425
67.0	29.922145214895483	19.987984718155793	19.984219791146376	30.105002409060543	6.478667418046089E-4
68.0	29.916498651057992	20.071159530374263	19.925459259798767	30.08499170247228	0.0018908562966969888
69.0	29.94082399574276	20.02012688837384	19.947371688332478	30.091552573201323	1.248543495977973E-4
70.0	29.935285204445627	19.982495487722247	19.909990370160838	30.171746405137224	4.825325340654617E-4
71.0	29.88488050982014	20.032862517346196	19.95286021040088	30.127128241571754	0.0022685208610351967
72.0	29.925551801928048	19.999358868109443	19.968806895243773	30.105467122487973	8.153122307674563E-4
73.0	29.888318579958646	20.04285402290839	19.955867196394138	30.112737157593923	2.2304314490834322E-4
74.0	29.947195525872832	19.993964606279317	19.943243282752977	30.11534113250598	2.5545258889451755E-4
75.0	29.901814135701933	20.01705751952038	19.980395861727693	30.09940062426391	0.0013318587860806765
76.0	29.90632119473141	20.00479736301531	19.948754945814624	30.135088195689175	0.005038300749475853
77.0	29.913349714447406	20.024695911169417	19.960326385402745	30.101528220450952	9.976852948190165E-5
78.0	29.896084406032514	20.01749441756421	19.961740403729387	30.122018086062752	0.002662686611133599
79.0	29.942190953558374	20.027303615641383	19.95831142319405	30.07123920325138	9.548043548096175E-4
80.0	29.955529124623375	19.97770061139923	19.935791383419396	30.13082874320037	1.50137357627737E-4
81.0	29.881582600234065	20.02817207589831	19.979441679187047	30.105934227520258	0.004869417160317972
82.0	29.852763742863907	20.002167919749404	20.010388952997094	30.134585659254853	9.372513474566145E-5
83.0	29.919717696600884	20.029086158359156	19.8995964053706	30.15016032489626	0.0014394147731053373
84.0	29.9263259225339	20.01467935629588	19.954821936500373	30.103250390380754	9.223942890891539E-4
85.0	29.910809742225336	19.992840634004637	19.945311193015247	30.150955344082586	8.308667219057779E-5
86.0	29.884129564644173	20.019495292460604	19.940275913861466	30.156015854501128	8.337453263242367E-5
87.0	29.896407330991494	19.994084043628174	19.95838866813773	30.151009047654	1.109095886048142E-4
88.0	29.916202894895	20.012436111109647	19.947506208048164	30.123589223971475	2.6556197571158454E-4
89.0	29.848919826939973	20.035799644041617	19.976966430401664	30.136209413004554	0.0021046856121947444
90.0	29.874938380440806	20.060757775373958	19.928623490199097	30.13274185112738	0.0029385028587561395
91.0	29.8500190652476	20.049490883767838	19.962023866488273	30.13838920104581	7.698345047286492E-5
92.0	29.872056208836018	20.056388879770257	19.970658098158278	30.100781908550573	1.1490468487994412E-4
93.0	29.862704023522273	20.0755817428467	19.965202779912268	30.09372777155227	0.002783682166487338
94.0	29.86916322080551	20.03225240219025	19.943486446756243	30.155018097569304	7.983267868873628E-5
95.0	29.912758351860575	20.064647585303856	19.910415412247797	30.111998362826874	1.8028776090092918E-4
96.0	29.871007378788867	20.04256179188478	19.945016057443517	30.14132830586385	8.646601898524324E-5
97.0	29.854241901085317	20.079925375315558	19.9117586360083	30.153977197582467	9.689000836322255E-5
98.0	29.856342388617545	20.077043955731984	19.94711151124132	30.11935421988446	1.4792452469266604E-4
99.0	29.836763432326897	20.07983872851057	19.950831138589116	30.13080708082379	0.001759619749630317
100.0	29.82773735066635	20.055429532927523	19.960013421445627	30.15308629630494	0.003733398655555762
101.0	29.83209331427254	20.087109249231386	19.95021250644417	30.130496759059888	8.817099201429173E-5
102.0	29.82514463568246	20.06418090990376	19.965185276125304	30.14543564821593	5.353007254621905E-5
103.0	29.84348218912622	20.06936294201479	19.964140780050187	30.12294380012346	7.028868534709762E-5
104.0	29.797767916205093	20.111352793891253	19.94048042266722	30.150330361347184	6.850588925408525E-5
105.0	29.83656369705759	20.061132922310403	19.965761777927757	30.13647698104624	6.462165801539009E-5
106.0	29.847354533050652	20.049114972206336	19.95960303269683	30.143866757536436	6.070450974640209E-5
107.0	29.81393803938252	20.05432002006415	19.97840677881091	30.153263690244547	7.147149787085357E-5
108.0	29.774460547569298	20.08254427796367	20.010799688701443	30.13204348451715	1.520012484369205E-4
109.0	29.828241823251116	20.0757766765824	19.95833330329251	30.136842395887225	8.058009867499599E-4
110.0	29.784666537583888	20.0750842625082	19.989349499251176	30.150795338272886	1.0436238385238746E-4
111.0	29.824560577759023	20.06340965352413	19.9563198576124	30.155564429012312	1.454820921386013E-4
112.0	29.835347414428114	20.039094984612042	19.91933158936911	30.20616153600783	6.447558290332776E-5
113.0	29.782395025283716	20.065945010157442	20.002151704354524	30.149426216490216	8.204371409993771E-5
114.0	29.799027861351373	20.131933722078887	19.957601253958206	30.1113655797496	7.158286193488042E-5
115.0	29.837811158046275	20.06210281046371	20.01957523684376	30.0804388765398	7.191810645989354E-5
116.0	29.785641051067852	20.102632312492585	20.007217029122685	30.10370805586367	8.015514532084046E-4
117.0	29.740105464895507	20.089397252353365	20.018816073170818	30.15163279848313	4.841109717898414E-5
118.0	29.738203772017652	20.111907220271856	20.00098568423002	30.148797193280735	1.0613019973305601E-4
119.0	29.804181436813025	20.09966953458111	19.95035742189648	30.145738282541878	5.3324167501430586E-5
120.0	29.74152654756303	20.109058378455575	20.01283341845925	30.136083716920968	4.979386011783772E-4
121.0	29.76058079961791	20.147561732435367	20.01328045717305	30.078518660786095	5.834998757930745E-5
122.0	29.711214891720527	20.15557844081889	19.990946637941303	30.142097637374732	1.6239214455066094E-4
123.0	29.698836035340047	20.103624906596625	20.05235915500859	30.14001660912435	0.005163293930389323
124.0	29.699488541303502	20.09316472390095	20.00247096023688	30.204816540770945	5.923378771799714E-5
125.0	29.70389461854788	20.121011900173723	20.00929648831543	30.165767222949146	2.9770013819240417E-5
126.0	29.71544600620883	20.119468655863322	20.055390879614933	30.107744545383326	0.001949912929596379
127.0	29.832586572449937	20.059611570778916	20.029077200553022	30.07869456853428	3.0087683842691592E-5
128.0	29.92896676027719	19.95067103161533	20.109452008514893	30.01087994584486	3.0253747723725475E-5
129.0	29.73613784876982	19.963449721617792	20.253406278208306	30.04680725933586	1.9889206822409761E-4
130.0	29.58489886247059	20.01008301119204	20.207053735988357	30.19793144855943	3.2941789575424806E-5
131.0	29.478332012436116	20.07968783488566	19.99972170879414	30.44222531397862	3.3129905459318574E-5
132.0	29.22399478899797	20.304387632294983	19.904830672182612	30.566744068546477	4.283797796176425E-5
133.0	29.317566318072362	20.193836937445706	20.062850184616522	30.425732198595114	1.4361270296484116E-5
134.0	29.382112077650746	20.121939799160412	20.00023255241782	30.495679460147134	3.611062388517476E-5
135.0	29.528416593859497	19.981065896999496	20.119032006698863	30.371444330818836	4.117162330628721E-5
136.0	29.615154261259907	20.034742617005026	20.13592091195422	30.214074985498524	1.0722428232290003E-4
137.0	29.800520211468633	20.03523332884579	20.0544439286633	30.109753486856288	4.904416598801802E-5
138.0	29.81190629695328	20.078012991833724	20.183942973216638	29.92610318971002	3.4548286338368776E-5
139.0	29.289560757721844	20.517147264060434	21.147958666610496	29.04526127763819	7.203396903393803E-5
140.0	27.69674465424104	21.24434577416384	21.12964590723269	29.929236158399142	2.7505963292841885E-5
141.0	29.455329132390634	19.557670925651525	19.31860774871599	31.668351903675706	4.0289566148102174E-5
142.0	31.49735962884398	19.312780130923613	20.738102705849705	28.451732170830425	2.5363552281154773E-5
143.0	31.40329450970138	18.908795546663928	21.055830253701988	28.632046483835772	3.3206096935697953E-5
144.0	33.219391239951655	18.72836901857024	18.509595161307196	29.54260345388331	4.112628759659184E-5
145.0	27.75302509213396	20.24709271179786	18.990770196516213	33.008801444371436	3.1055518053141996E-4
146.0	27.986117055348714	20.32665764397707	19.16879683068223	32.51791713149119	5.11338500791518E-4
147.0	28.96451130395875	20.06757344445324	19.92165465593899	31.04624481495812	1.5780690899162464E-5
148.0	31.434148310984423	18.67207907555468	20.041831995194208	29.851927364859176	1.3253407510711338E-5
149.0	32.494038396518185	20.051589871822152	19.070736719006966	28.383450635229657	1.8437742304333533E-4
150.0	21.45666881369274	27.016485797583496	23.487101291630598	28.0377270464939	0.0020170505992690353
