# Position (bp)	A	C	G	T	N
0.0	22.489851019369777	30.495756100567668	27.190119201424178	19.82120390658708	0.003069772051296616
1.0	26.928522930340137	18.130790113018318	17.81709340103265	37.11677721466422	0.006816340944672341
2.0	29.481539162062386	20.95490728981642	18.817509304077	30.741845555338116	0.00419868870608238
3.0	34.70382105350756	19.137651694604273	19.864494764400742	26.290648349124574	0.0033841383628453884
4.0	34.17196761875609	18.354605471263046	21.563430301612343	25.907495866261275	0.002500742107243123
5.0	35.57342262682268	18.49274276397414	20.659059487939246	25.273287109776486	0.0014880114874486832
6.0	26.420400281298846	19.079100011570905	17.104804202935654	37.39328539901929	0.00241010517531117
7.0	26.538922543070065	23.115792147144745	18.616247092572262	31.726845853467438	0.0021923637454917275
8.0	25.744846757178053	22.437443933144248	18.806358636827547	33.009195981836434	0.0021546910137174814
9.0	33.78513524812085	18.54915271591298	19.45805539776618	28.204319437781006	0.0033372004189801303
10.0	29.23864299169081	23.114619488827056	23.299687807769907	24.345149307248786	0.001900404463440521
11.0	27.360865474261374	23.12885250304282	21.163242670836212	28.343921270475995	0.003118081383596646
12.0	29.070623163258862	20.849330716037535	20.143740312162556	29.934622135382366	0.0016836731586795084
13.0	29.303277465642363	20.687794907098965	20.145608645762493	29.861779323853977	0.0015396576422040927
14.0	29.3036991968123	20.901490952581206	20.500356408948697	29.28894177858504	0.005511663072752163
15.0	29.557995764746174	20.957661533148528	20.375069671332568	29.108259412755032	0.0010136180176922851
16.0	29.60193109742534	20.84553342525175	20.500279069279514	29.050015270728196	0.002241137315198559
17.0	29.55213596336881	20.946754616288572	20.505632070476643	28.993820876074427	0.0016564737915457628
18.0	29.458145168198097	20.921405656253793	20.608813365640533	28.995421849485126	0.016213960422449318
19.0	29.426339586651224	20.941008499360915	20.420285084219465	29.21105674386963	0.00131008589875942
20.0	29.26190606596767	21.010149238092744	20.428770780100635	29.298018969692784	0.0011549461461709367
21.0	29.327534475605933	20.903088564318452	20.44810401279447	29.31910641086459	0.002166536416560671
22.0	29.329401691783332	20.737627909069207	20.459714519596993	29.472256148287755	9.997312627153321E-4
23.0	29.404589450446828	20.626753207624763	20.552287621363554	29.41509649945109	0.0012732211137662331
24.0	29.353906985752676	20.674598132557843	20.589380201648726	29.38035392982792	0.0017607502128366304
25.0	29.455174286632918	20.652742672798276	20.59162640522512	29.299397984542985	0.0010586508007028013
26.0	29.392639227577494	20.6490579250279	20.552735837477677	29.40380683348065	0.001760176436280186
27.0	29.340892621310783	20.723689608599106	20.54626982029944	29.388077723185653	0.0010702266050247851
28.0	29.329041117878386	20.713970210122376	20.62514156285391	29.330574901240404	0.001272207904929211
29.0	29.31252385819196	20.724537699420605	20.536109250933315	29.422906075491927	0.003923115962195903
30.0	29.297373468882483	20.680694645662303	20.580838377627234	29.439924761349122	0.0011687464788530829
31.0	29.311295741398702	20.635190294603163	20.5331512606349	29.519429528940726	9.331744225026158E-4
32.0	29.34324598256265	20.656664004277424	20.63820530561568	29.360252468910954	0.0016322386332881867
33.0	29.447397274855007	20.574553288574897	20.584017437151914	29.389986256515034	0.004045742903152862
34.0	29.270533082246363	20.699272940627612	20.643825709177943	29.384278426762723	0.0020898411853579203
35.0	29.26957065494975	20.76064664166117	20.543615530756966	29.424894227338573	0.0012729452935393661
36.0	29.33827521499765	20.674780755815384	20.58245204516368	29.400622646913742	0.003869337109546774
37.0	29.275623060986923	20.70119793211018	20.47984940728666	29.542047304713815	0.0012822949024259066
38.0	29.347815693993915	20.55444835268398	20.517182919584872	29.578885895940694	0.001667137796539071
39.0	29.385906351220026	20.614272084601716	20.50513089128939	29.493521610608493	0.0011690622803778065
40.0	29.276381669895677	20.60827711445202	20.652693768114922	29.46162197264058	0.0010254748968069555
41.0	29.3015406376345	20.61855005071943	20.51276930083105	29.56591187732857	0.0012281334864489115
42.0	29.246928962091705	20.71885220028247	20.56494840018526	29.46772579387828	0.0015446435622868797
43.0	29.283192738372538	20.578088651568045	20.52964127551321	29.604724200834077	0.00435313371213102
44.0	29.303816288696083	20.611629808049262	20.565361027767423	29.517798405052453	0.0013944704347770374
45.0	29.29718434620655	20.600253880766893	20.604140325906183	29.494295253741964	0.004126193378406002
46.0	29.313863620923396	20.567652125770756	20.66034311255142	29.457076455551423	0.0010646852030050486
47.0	29.320323571767815	20.638943464071847	20.509092020337196	29.530202111391095	0.001438832432047
48.0	29.31627032629796	20.59330670452798	20.506913621501326	29.57736856878146	0.006140778891277255
49.0	29.315007249304475	20.58307571811434	20.596727214437884	29.503968639093642	0.0012211790496578965
50.0	29.30426065421925	20.57150202239295	20.546659725119916	29.57642785076019	0.0011497475076962032
51.0	29.343943686108737	20.51697232341539	20.566813025313728	29.567012959361456	0.00525800580068393
52.0	29.271590771785068	20.58633712061802	20.63481231162854	29.506346400713806	9.133952545723914E-4
53.0	29.36788429978172	20.582414738817153	20.514607911941884	29.53393889070392	0.0011541587553237213
54.0	29.281708221390318	20.550139922175212	20.613481999985233	29.55275799106987	0.0019118653793615582
55.0	29.261639392595235	20.62387499592354	20.562363504808104	29.550120331854497	0.0020017748186272706
56.0	29.297123587034214	20.592755793496313	20.55895045625208	29.550050428072076	0.0011197351453136285
57.0	29.310968890509503	20.54636662707488	20.60496336195918	29.53615945390149	0.001541666554951699
58.0	29.33085321406468	20.56541595483468	20.5886215651719	29.513140631931513	0.001968633997230429
59.0	29.36251295936929	20.58223170782651	20.568478907761843	29.485745643183463	0.0010307818588903036
60.0	29.340548644338988	20.596450185960897	20.572150222076566	29.488326807635563	0.002524139987985094
61.0	29.312434212079662	20.606245466570538	20.58150893397899	29.49896029690428	8.510904665238665E-4
62.0	29.35658469517395	20.55007062316622	20.573386074874094	29.51893648390281	0.0010221228829279787
63.0	29.43066705955611	20.54979039718899	20.506980273984787	29.509434906373706	0.003127362896410621
64.0	29.347297705430158	20.502259681757465	20.58491953568915	29.56504745772338	4.7561939984385696E-4
65.0	29.320518830495196	20.56590550104465	20.58933739148141	29.523083580454816	0.0011546965239269313
66.0	29.270163526834985	20.582282910385207	20.58845047066283	29.52031126471566	0.03879182740132187
67.0	29.291004396637334	20.563602193121966	20.611057779889453	29.531294703762356	0.003040926588891281
68.0	29.30582604456598	20.56887966011613	20.54935701046417	29.573335223302166	0.0026020615515503615
69.0	29.268139775933765	20.589688679137378	20.563265432587638	29.578312494199555	5.936181416653769E-4
70.0	29.336231813463957	20.48217809523129	20.599854716259923	29.581152023348068	5.833516967586209E-4
71.0	29.205990778060887	20.569764258836713	20.67316247037238	29.5308054525255	0.020277040204521868
72.0	29.286368466917782	20.454184071489294	20.643558214449524	29.615134178634996	7.550685084021358E-4
73.0	29.25058608810659	20.521931751173966	20.635090921244558	29.58569181076158	0.006699428713303842
74.0	29.3159875621797	20.49844527246271	20.596819858401357	29.588551791038604	1.9551591762763992E-4
75.0	29.239888728548973	20.527395984789344	20.613636818573063	29.618441556708465	6.369113801505659E-4
76.0	29.23415992116433	20.56089058370081	20.62595998392457	29.57850015261871	4.893585915770375E-4
77.0	29.29930862962813	20.549400597944445	20.561323702097617	29.589658581218476	3.084891113369594E-4
78.0	29.2578451804709	20.517282055495798	20.65478902732959	29.569865866897732	2.1786980598382532E-4
79.0	29.2940435835199	20.49722203073079	20.66945439807316	29.539060143297707	2.198443784457662E-4
80.0	29.341548568565585	20.491985295504534	20.58887722494413	29.577240207820747	3.487031650042771E-4
81.0	29.266792123913948	20.48319499212398	20.677510748105256	29.54380531100924	0.02869682484757713
82.0	29.24342150987909	20.491486374611153	20.64912575041547	29.603488399532818	0.012477965561461576
83.0	29.313254247561716	20.50601373223705	20.539521331211837	29.640900433443328	3.1025554606282446E-4
84.0	29.26567214612113	20.49895197843768	20.63071363140791	29.604233267952978	4.289760802937628E-4
85.0	29.267452039718865	20.508808350633217	20.669434648124525	29.55382139849762	4.835630257705744E-4
86.0	29.271501699954673	20.495642691425484	20.613659277804572	29.61892661714836	2.697136669140728E-4
87.0	29.31290398257428	20.504617625677028	20.657464377244537	29.524638930451232	3.750840529264058E-4
88.0	29.27613986331419	20.497145609692286	20.650657153929426	29.569003533990625	0.007053839073473927
89.0	29.20858689069881	20.55565929568788	20.627088739697005	29.60840329975062	2.6177416568210496E-4
90.0	29.267342889789315	20.511508508562805	20.625771122461007	29.595183124964997	1.9435422187725327E-4
91.0	29.203745501292243	20.510779453955507	20.705318651197285	29.57983433841375	3.2205514120776046E-4
92.0	29.205632125943374	20.510299932676386	20.70485683490561	29.57892107475604	2.9003171859382475E-4
93.0	29.26771695344947	20.468707147217295	20.707254495632906	29.555972381705885	3.4902199444761115E-4
94.0	29.205186720561993	20.431433295220696	20.747869364611645	29.615287121498973	2.234981066916637E-4
95.0	29.23878047103396	20.508769265294926	20.658852873860255	29.593276254336274	3.211354745891166E-4
96.0	29.172505384462198	20.517326209378865	20.757142498447962	29.552795904876195	2.3000283478493872E-4
97.0	29.21024351677631	20.489329118829403	20.639319080590717	29.660544119226262	5.641645773123356E-4
98.0	29.110281982359652	20.529767438736293	20.725310294388997	29.63248690289592	0.002153381619129615
99.0	29.22371395724484	20.47596989091236	20.71687711343252	29.58329854432067	1.4049408961435577E-4
100.0	29.17772743771029	20.449404457687105	20.738978861048153	29.63003314813874	0.0038560954157146297
101.0	29.217192924134714	20.506247212872136	20.710167961222066	29.56581087185821	5.810299128724895E-4
102.0	29.173691518962613	20.432462684597066	20.787100248681355	29.606449875659322	2.9567209964149755E-4
103.0	29.192011527731992	20.443618126889778	20.750584203213908	29.613614112139064	1.7203002526045884E-4
104.0	29.16870433861989	20.454041514169926	20.783246042096113	29.593964284211854	4.3820902219791624E-5
105.0	29.219355399261005	20.474099758351223	20.78302334136447	29.523365151874216	1.5634914909209166E-4
106.0	29.19509685388675	20.391540625758495	20.810566582987583	29.602454080010578	3.418573565993853E-4
107.0	29.1569434209449	20.4009280349553	20.842149386272453	29.599793067000142	1.8609082721094512E-4
108.0	29.1305388094742	20.41573102317798	20.839274288338732	29.614289559988777	1.6631902031444273E-4
109.0	29.19503591839372	20.424403762923298	20.809810204452944	29.570458618118963	2.9149611107750806E-4
110.0	29.126375516502222	20.39361048474653	20.848545044561366	29.631195541079574	2.734131103077737E-4
111.0	29.165567869997506	20.40686870949513	20.849068610730704	29.5780111695439	4.836402327582257E-4
112.0	29.13051736679681	20.384447999799622	20.79833204443011	29.686598224340127	1.0436463333051549E-4
113.0	29.09986774965599	20.434204115288033	20.869238141641723	29.59652936546606	1.6062794819213244E-4
114.0	29.139550108704526	20.398067267302608	20.91182573840579	29.550254432111984	3.0245347509419364E-4
115.0	29.163266177260034	20.380378014751173	20.888253534082583	29.551989113157074	0.01611316074913194
116.0	29.080252151811237	20.4490941403417	20.913187758494445	29.557378675432073	8.727392054524091E-5
117.0	29.10759403355913	20.369550958052884	20.922264551863403	29.593665423158512	0.006925033366069855
118.0	29.13582239637253	20.389345909756003	20.88600823503365	29.58848332152129	3.401373165268393E-4
119.0	29.161045298193166	20.390240910315065	20.87925604016908	29.569170226911073	2.875244116212256E-4
120.0	29.035573062431435	20.406128082328298	20.99227494594842	29.56572642314892	2.974861429301922E-4
121.0	28.972609732716542	20.41812761111343	21.00734760553575	29.601640962952253	2.7408768201991657E-4
122.0	29.0572891281223	20.386540630347618	20.92762635947389	29.62825926861461	2.846134415813123E-4
123.0	29.03726323089112	20.379045200710934	21.027069212235634	29.556252310472775	3.700456895412876E-4
124.0	28.935722178191476	20.394695483987913	20.983151971645484	29.68608326246633	3.471037088031286E-4
125.0	29.003252505444344	20.404335492270768	21.02269019341813	29.56960095778511	1.2085108165746453E-4
126.0	29.055446804903017	20.38140477723972	21.00682999088519	29.555980997668783	3.374293032886282E-4
127.0	29.100530037604287	20.301489604470895	21.0787688746475	29.507876621803934	0.01133486147338145
128.0	29.045562681612267	20.38435019111683	21.096743484801795	29.473157164282153	1.864781869471796E-4
129.0	29.08322358513409	20.30430271998362	21.09247196253403	29.519804874591767	1.9685775649089235E-4
130.0	28.996137485688354	20.3225629777612	21.144670851709183	29.536367880363766	2.6080447749126957E-4
131.0	28.926937685687303	20.38150464249486	21.1242260889167	29.566998449262915	3.3313363822464197E-4
132.0	28.96584271263713	20.39131880134872	20.95217742318469	29.682469012679867	0.00819205014959396
133.0	29.378866879433485	20.10167606539292	20.750255211648504	29.769074157897325	1.2768562776958108E-4
134.0	29.418931855762814	20.180179060107115	21.04902533668743	29.35179467627032	6.907117231737927E-5
135.0	29.08613265204792	20.244543547799815	20.93952087339346	29.729577235919148	2.256908396601999E-4
136.0	28.863067560570947	20.522745430815878	20.599415422330072	30.014440755683257	3.308305998455021E-4
137.0	27.92107472403525	20.955410268515678	20.772903375137545	30.350519781836756	9.18504747751041E-5
138.0	28.298561035797842	20.864825859382837	21.21756282739563	29.618533370964123	5.169064595732627E-4
139.0	28.348713679600028	21.060037745309035	22.14072189086024	28.45005368537062	4.729988600727472E-4
140.0	27.9266068220638	21.768439773601266	22.615432837758163	27.668808313622172	0.020712252954602883
141.0	28.637212051970135	21.25767197172995	21.662858357467385	28.441925498844224	3.321199883093764E-4
142.0	27.897708194731496	22.007920899453794	24.099930968464474	25.99381427388627	6.256634639649129E-4
143.0	30.38850691624918	19.719809722366612	21.977460023995437	27.912537475309147	0.001685862079623266
144.0	32.982192480009076	19.037032836159472	19.88544206884818	28.091929904156977	0.003402710826291612
145.0	26.899727802758612	20.91539560191082	19.502889412357355	32.68198718297322	0.0
146.0	27.291177593005912	21.216449065026076	19.573161564881524	31.91921177708649	0.0
147.0	27.534970650935957	20.411762988055955	20.072423561019768	31.979090617060418	0.0017521829278976727
148.0	29.96749588536843	19.782676663697448	20.930054212851807	29.319773238082313	0.0
149.0	32.91612803297927	19.45485306470157	19.73156681341332	27.896856365011946	5.9572389388966E-4
150.0	23.270840746914388	24.94833904569263	26.380486830358535	25.386598742656652	0.013734634377789847
