# Position (bp)	A	C	G	T	N
0.0	22.44252393527375	29.302621142251517	29.813713051785545	18.388817015718132	0.05232485497105594
1.0	27.29429380030731	16.680072320061704	17.452408117801173	38.57256471232791	6.610495019017494E-4
2.0	30.180845281875374	20.368530106524	18.96775587195275	30.482628860653456	2.3987899442409462E-4
3.0	36.89610262763239	19.05635937166226	19.059438404815943	24.987231597498084	8.679983913246394E-4
4.0	35.81765003506253	18.47214114309581	20.44338833019591	25.266410557524015	4.099341217385729E-4
5.0	37.4841309293706	18.111590480896194	19.66807523111412	24.73534835590759	8.55002711496368E-4
6.0	25.078675325967186	18.89628586041941	15.545330030150645	40.47952904572426	1.7973773848902483E-4
7.0	26.089596246443296	23.46594826101964	17.912600071919716	32.51806998504415	0.013785435573201825
8.0	25.47343361900279	22.71629478305242	18.273157783388516	33.537094958779385	1.885577688762243E-5
9.0	35.77526310442899	17.789705668450477	18.7660083512344	27.669010690125067	1.2185761071123967E-5
10.0	29.841250381896245	23.571496163334448	23.307963205740457	23.279289142584325	1.1064445276429261E-6
11.0	27.22137763460557	23.57854472368705	20.53475452322012	28.656713828831542	0.008609289655714041
12.0	29.427477410366787	20.57076604716986	19.13629227293435	30.865460402926093	3.866602906752982E-6
13.0	29.81851403331948	20.371072595198054	19.169883240397866	30.6405168840667	1.3247017898945577E-5
14.0	29.881764368275256	20.58894514341807	19.677119294004264	29.852042127843692	1.2906645871890675E-4
15.0	30.253495698034456	20.512857073866215	19.560773271187344	29.672839233104764	3.472380722316701E-5
16.0	30.2630527356838	20.415634079858698	19.74842528652583	29.572859252454858	2.8645476814207842E-5
17.0	30.28007622921201	20.481279350506764	19.721587079728877	29.517055138223398	2.202328951854942E-6
18.0	30.207677519495192	20.455421653795888	19.784073358279265	29.548945722778814	0.003881745650844903
19.0	30.181731669215385	20.491398263983843	19.655363753681744	29.671442416658444	6.389646058886692E-5
20.0	30.05551881351861	20.538799816169302	19.57391142518631	29.831759468494234	1.0476631539752578E-5
21.0	30.099672309572323	20.438917646971795	19.68578086974744	29.77551379850206	1.1537520638154068E-4
22.0	30.108025514838864	20.249720487403536	19.66982984737185	29.972238448846095	1.8570153965643944E-4
23.0	30.15004495221247	20.131445137696545	19.824200994489434	29.893952553852916	3.563617486323497E-4
24.0	30.159359585551936	20.182994824380803	19.83667424969292	29.820968015611708	3.3247626309270052E-6
25.0	30.287410202953414	20.15678558687812	19.797866259154308	29.7556805374207	0.002257413593457669
26.0	30.25075714250751	20.19834340600415	19.727972867597654	29.82291658076015	1.0003130535273961E-5
27.0	30.199614287475796	20.229032081850555	19.78401478912526	29.78733494563094	3.895917448625998E-6
28.0	30.15671893336268	20.214897026698875	19.84653672918538	29.781656686443625	1.9062430943975035E-4
29.0	30.090239234213655	20.215729638076805	19.781997004053046	29.91107735515739	9.567684990993928E-4
30.0	30.121368140587624	20.212700452837996	19.790234387007654	29.87555096030356	1.4605926315989343E-4
31.0	30.193291039610504	20.16019013847934	19.769238332586035	29.877271513584425	8.975739691970228E-6
32.0	30.231623101659434	20.18136622175871	19.82376139433142	29.76300746661995	2.4181563048434685E-4
33.0	30.333258602382372	20.11681143920846	19.78701932684468	29.76285989006629	5.0741498198549954E-5
34.0	30.06491334407329	20.259448219733322	19.832635539168	29.84294185871007	6.103831532169888E-5
35.0	30.06049512235269	20.327791271316066	19.75626070743664	29.855203017389996	2.498815046039676E-4
36.0	30.17583231180707	20.18955805931316	19.799491475323023	29.83500055444855	1.1759910819653684E-4
37.0	30.166745904908502	20.252760954760024	19.687141381838238	29.893336950445736	1.4808047494921468E-5
38.0	30.28141900336684	20.048778796017956	19.736537334479856	29.933232890972562	3.1975162789836154E-5
39.0	30.249427968774157	20.145534258030683	19.746254301379146	29.858759428772785	2.4043043229878312E-5
40.0	30.15407629918212	20.152550407138037	19.867347427138082	29.824526776753846	0.0014990897879197157
41.0	30.21716467875475	20.11423458839701	19.73941255780496	29.929158256482523	2.9918560757048215E-5
42.0	30.081464219092922	20.24234746165682	19.853434395771995	29.82255780803943	1.9611543883087652E-4
43.0	30.194484452676658	20.094770502275765	19.78238349034642	29.928334951838032	2.6602863130831165E-5
44.0	30.15497689611274	20.129419851207455	19.860526893197985	29.852857390870724	0.002218968611097392
45.0	30.211879187323483	20.100814522106738	19.864491487555664	29.822813059258692	1.7437554200277844E-6
46.0	30.24523774763136	20.02792945057171	19.936423080543562	29.790379419780166	3.030147320285138E-5
47.0	30.20383344382954	20.128746751018646	19.802389142490917	29.865003789547185	2.687311371553775E-5
48.0	30.231225437789394	20.051408980729256	19.815724450121802	29.90104136108913	5.997702704150364E-4
49.0	30.29774937797981	20.064387623161384	19.833819631860443	29.799194885480883	0.0048484815174792365
50.0	30.291662484521154	20.03651638513101	19.841164615428543	29.830651216717357	5.29820193743471E-6
51.0	30.306781268721267	19.960958102124607	19.846867267894005	29.88433389324988	0.0010594680102428778
52.0	30.261260905463022	19.994592441444816	19.91867228868445	29.82540512929019	6.923511752388994E-5
53.0	30.35217570874415	19.95231478207641	19.839536329196985	29.85586816658781	1.0501339463647468E-4
54.0	30.26220292665877	19.99161929939682	19.883694921106386	29.862182441585734	3.0041125229666635E-4
55.0	30.249152210765857	20.046441868562024	19.831447271423137	29.872583974670707	3.746745782743788E-4
56.0	30.268120079365396	20.026343385826063	19.851458809078416	29.85407114538723	6.580342897002302E-6
57.0	30.266672690121087	20.032542728150062	19.930941318978416	29.767490900671216	0.002352362079217934
58.0	30.32011298061325	20.033477737763324	19.834201164187185	29.81218886982119	1.924761505809255E-5
59.0	30.345128201141165	20.03458965666403	19.854220696104157	29.766056620810804	4.825279843763229E-6
60.0	30.361058625987212	20.03338623553219	19.812607032188577	29.791930314382313	0.0010177919097045496
61.0	30.335377391813722	20.08101869608575	19.797362603644377	29.786115784568263	1.2552388789322102E-4
62.0	30.317711105588106	20.01758933811128	19.826421367076225	29.838214958027798	6.323119658947463E-5
63.0	30.43617240616005	19.988286304046245	19.78705370315786	29.78802610549438	4.614811414634228E-4
64.0	30.35779794374132	19.94091438478867	19.86748294939344	29.833732594439894	7.212763667465874E-5
65.0	30.307641902602082	19.997456142267147	19.867057536395823	29.823125330333124	0.004719088401820613
66.0	30.285587696494403	20.043556480334573	19.832592974420525	29.822865937018182	0.015396911732313976
67.0	30.28721342882254	20.008794759009472	19.870498779098387	29.83245515067658	0.00103788239302226
68.0	30.348682301662365	20.03626439805864	19.853343044050174	29.76154339834508	1.668578837414605E-4
69.0	30.342433489558456	19.991971857417255	19.874680318760028	29.7908771537407	3.718052356274782E-5
70.0	30.358086331006056	19.93599249271394	19.862900119463017	29.84290424323114	1.1681358584752207E-4
71.0	30.250585720523876	19.989171550721863	19.945248937648866	29.806816838154504	0.008176952950895752
72.0	30.370609207069638	19.93322101172131	19.887172591640446	29.80554801012839	0.003449179440211174
73.0	30.31602752840375	20.011318440596227	19.868709924313805	29.802574202629827	0.001369904056394325
74.0	30.375903036630596	19.96892562863811	19.827475294293162	29.827679702835596	1.6337602531101814E-5
75.0	30.29488668069165	19.995886555496025	19.897998146782083	29.80910988305206	0.002118733978177141
76.0	30.268586617693273	20.00271372703196	19.875316686010603	29.853381705360743	1.2639034194774304E-6
77.0	30.340404174460726	19.98067883978984	19.897125358678945	29.781648389996274	1.4323707421670553E-4
78.0	30.334047394396684	19.969655169923765	19.89791597832754	29.79837637208085	5.0852711617234595E-6
79.0	30.43805396975325	19.902124144664818	19.89254134829046	29.766949018821997	3.315184694740917E-4
80.0	30.467251301945588	19.910835580647753	19.872664231312747	29.748663690988998	5.851951049113801E-4
81.0	30.32370179851096	19.93262650462616	19.963064153564165	29.76898735340383	0.01162018989487888
82.0	30.301104603344243	19.92572100837408	19.988410800860283	29.781800725057778	0.0029628623636164053
83.0	30.392904617551842	19.99277618207352	19.80215615196608	29.80974387815995	0.0024191702486156996
84.0	30.427390394775948	19.975326308910706	19.846799425830163	29.750468331100322	1.5539382856517727E-5
85.0	30.43136361263818	19.943047064342526	19.879956601139025	29.745463216389545	1.6950549072122074E-4
86.0	30.327740486544602	19.941883776099104	19.93961871575391	29.790406546346208	3.504752561733089E-4
87.0	30.378741753433125	19.91823886049601	19.949714509873743	29.753282655938847	2.2220258270898057E-5
88.0	30.349430927505754	19.970580973327106	19.89920220099846	29.778044091038485	0.0027418071301933545
89.0	30.319865544332902	20.009966417722854	19.8854700642297	29.78465784861184	4.012510270299597E-5
90.0	30.45651681534638	19.950422100118615	19.835840574735	29.75717959065517	4.091914483897584E-5
91.0	30.387395101043747	19.920108590491626	19.942589255649704	29.74986732613659	3.972667833430381E-5
92.0	30.371655486205402	19.948731676827926	19.95214873247529	29.727438197576483	2.5906914900348155E-5
93.0	30.38641756108209	19.937665931310615	19.95990096353228	29.715918238316835	9.730575817887553E-5
94.0	30.406408079244063	19.94215820147601	19.954786501050627	29.696630499090958	1.671913834483085E-5
95.0	30.45620993035132	19.983701075516187	19.89926231133003	29.66081728946045	9.393342009918619E-6
96.0	30.394280022410697	19.946657218716048	19.96711411966379	29.691942580299123	6.058910340924719E-6
97.0	30.37906772022198	19.972423843280662	19.866264583734083	29.781953381174407	2.904715888658106E-4
98.0	30.308999754381244	20.00693722320735	19.92526066631793	29.75861593720061	1.86418892864703E-4
99.0	30.355421961525863	19.971565356115004	19.95052447328652	29.7224780062782	1.0202794414794443E-5
100.0	30.3474445062223	19.983175478764036	19.939430276503	29.729946325662727	3.4128479349836634E-6
101.0	30.431471719431297	19.981530371075777	19.90632107874228	29.679790468300695	8.863624499493764E-4
102.0	30.393581836327037	19.91494784346567	19.928908593114	29.762453792012057	1.0793508124228878E-4
103.0	30.36766067063778	19.94913000631828	19.93363462828726	29.74944980436956	1.2489038712273296E-4
104.0	30.39204386371608	19.96539514965184	19.95402922484538	29.68852483641209	6.925374607882692E-6
105.0	30.45058156356672	19.959970387968617	19.981407921650053	29.60803178563228	8.341182327979085E-6
106.0	30.469845482551346	19.922769463476406	19.93088043434001	29.67641042771253	9.419191970639807E-5
107.0	30.40364464776722	19.918869491406618	19.987181913063825	29.690130249558933	1.7369820340586316E-4
108.0	30.38224588653603	19.958988934177054	19.951696140535763	29.707038804454346	3.0234296815998075E-5
109.0	30.4675511396622	19.957576113396897	19.91754187142423	29.6573202868751	1.058864157406623E-5
110.0	30.348646008209297	19.932476885837666	20.005947918307278	29.712726448314136	2.0273933161889585E-4
111.0	30.413625524107413	19.941570995153356	19.96205520295746	29.682631530255104	1.1674752666805377E-4
112.0	30.351435169544942	19.963042771941915	19.918600209965017	29.766913986403036	7.8621450907987E-6
113.0	30.412069599038283	19.923341179521415	19.932358395104146	29.73222149620224	9.330133920364307E-6
114.0	30.443509130214867	19.984323995210314	19.942513676814045	29.629653197760774	0.0
115.0	30.499052295688493	19.93425239379838	19.92972621549017	29.629894363557025	0.007074731465929369
116.0	30.364748383371904	19.974065552782463	19.994986008809164	29.66619569479136	4.360245107690533E-6
117.0	30.387601443002843	19.95957189051833	20.01830633849762	29.63314656790096	0.0013737600802474432
118.0	30.435921597000824	19.96582186382764	19.98162349732599	29.61617107010189	4.6197174365229007E-4
119.0	30.427429573300145	19.98389633971451	19.927142959262973	29.661528181140305	2.9465820620452356E-6
120.0	30.39137064930177	19.99321781192829	19.973241161022138	29.64215631541713	1.406233067381108E-5
121.0	30.363015398679742	20.0089556278356	20.006164058577028	29.621862684031825	2.2308758059986975E-6
122.0	30.37343325553421	19.99107172774764	19.977897298998496	29.65759398135302	3.73636663333728E-6
123.0	30.385623449954664	19.962091497360255	19.999883336277954	29.65237769298946	2.4023417667190713E-5
124.0	30.326166226850564	19.974297930252657	19.98734330285372	29.71219254004306	0.0
125.0	30.371143758118947	20.012048319361337	19.98634788628379	29.63026824195923	1.9179427669807034E-4
126.0	30.420190655182207	19.942227761555138	20.027843659861812	29.609713545514595	2.4377886246505467E-5
127.0	30.467716688594244	19.933910955159003	20.0337513612199	29.55962564346837	0.004995351558491485
128.0	30.419780227782624	19.98792173238864	20.028345562697325	29.563952477131416	0.0
129.0	30.44491077123727	19.944872409401718	20.01083510968676	29.598180629005018	0.001201080669236577
130.0	30.426647431777194	19.92432559240114	20.02876738929198	29.62025025192352	9.3346061691152E-6
131.0	30.496076519806387	19.95054976837278	19.989839160634176	29.563528294415853	6.2567708036299655E-6
132.0	30.484006523714356	19.981774597755365	20.02456888542108	29.509637409329837	1.25837793621158E-5
133.0	30.45601127957682	20.039770821117823	20.013231105577894	29.4909860028664	7.908610626357216E-7
134.0	30.368711540406046	19.990263624471883	20.0417505237167	29.599264767810457	9.543594910916189E-6
135.0	30.336556254146927	20.00661852881349	20.060783873586388	29.596041343453187	0.0
136.0	30.38463535116754	19.946338823103314	20.08498043200499	29.583266295763455	7.790979607030393E-4
137.0	30.415868219951403	20.006861587137827	20.07999300317327	29.497276379919597	8.09817908394208E-7
138.0	30.449450287383257	20.017322641065988	20.041058335287545	29.492164662724697	4.073538515404428E-6
139.0	30.38423546325214	20.030026079028858	20.042339294906185	29.542633429832634	7.657329801866838E-4
140.0	30.3475614097805	20.027794887628563	20.016227021622562	29.5955214225502	0.012895258418182018
141.0	30.361854209061	20.022546014825778	20.082367228050025	29.533232548063193	0.0
142.0	30.335252376850104	19.961435498742016	20.107638725459644	29.595644122836973	2.9276111261167447E-5
143.0	30.377024632259346	20.02546939692118	20.015370704124383	29.582038382598014	9.688409707446169E-5
144.0	30.523794541858923	19.962029212254446	20.029983642356097	29.48113765230272	0.0030549512278139047
145.0	30.50556910894855	19.964219053890623	20.16548655545799	29.364724427575155	8.54127683923286E-7
146.0	30.658498957177088	19.846819685263352	20.112389449698178	29.382291046131094	8.617302906555949E-7
147.0	30.569422527140883	19.864481848404896	20.134052368843648	29.429994601705694	0.002048653904876888
148.0	30.51059172396431	20.043836471223255	20.109501297113564	29.33601087936491	5.96283339637422E-5
149.0	30.496740427583934	19.956634947705776	20.236165193359216	29.310415218112002	4.421323907259406E-5
150.0	30.218575589101192	19.93204370268699	20.433699148055535	29.41568156015628	0.0
