# Position (bp)	A	C	G	T	N
0.0	22.620579025435365	26.721507443827942	29.226709882986324	21.40633961434928	0.024864033401087733
1.0	27.648081860765195	19.78708351796401	20.22858202650705	32.305960894590704	0.030291700173037353
2.0	29.062545929973655	21.10018053907256	18.807619494709964	31.028601074459754	0.0010529617840682496
3.0	33.31936377645731	19.34300823678355	20.464897218656848	26.868318752882043	0.004412015220248238
4.0	33.55970778176466	18.553199944435562	21.363630451891677	26.523461821908107	0.0
5.0	34.69288863575646	18.876614923727374	20.752752369689315	25.677569530176932	1.7454064991738227E-4
6.0	27.59441985586935	18.992120937639488	17.963063182373833	35.45030882414654	8.719997078800978E-5
7.0	27.385583068593146	22.654575833238678	19.25164934651801	30.70811551780262	7.623384754515576E-5
8.0	26.696645621549152	22.190215652605396	19.198653286585753	31.91442014933981	6.528991988926829E-5
9.0	32.71507985049269	19.176535507985047	19.861670404349304	28.246648997621477	6.523955147808358E-5
10.0	29.029280747501083	22.77994350282486	22.79733811386354	25.39338331160365	5.432420686657975E-5
11.0	27.639009521525892	22.766359577420523	21.116061664580528	28.47854751716857	2.1719304487056272E-5
12.0	29.10699810568646	20.93621334407776	20.405193362825518	29.55158433298932	1.0854420940522549E-5
13.0	29.339227542648068	20.80083695862792	20.415523963831898	29.444324740468396	8.679442371865934E-5
14.0	29.272345845427104	20.958211627479507	20.642108065580455	29.12707419579248	2.6026572045618075E-4
15.0	29.55395012817525	20.973633294131037	20.50061513280907	28.97061995631744	0.001181488567201227
16.0	29.595287172230737	20.877892897547596	20.56032659875637	28.965463960700138	0.0010293707651551278
17.0	29.575697994622473	20.975155562743016	20.604222623887214	28.844880491786995	4.332696029853142E-5
18.0	29.57408917123242	20.893245581085417	20.674301694064788	28.858331069361142	3.248425623451381E-5
19.0	29.415661572704003	20.950302932684547	20.548157101319944	29.08568354995042	1.94843341082686E-4
20.0	29.290943930236818	21.037385793945866	20.46524226146411	29.20636308535253	6.49290006788327E-5
21.0	29.212563567238846	21.060367429080458	20.46473999395458	29.262101819662583	2.2719006352883294E-4
22.0	29.24465232327268	20.857250677271256	20.434182602519243	29.463871132912818	4.3264024006341644E-5
23.0	29.327920630025346	20.657762185070595	20.59880652638709	29.415489031349445	2.1627167528797653E-5
24.0	29.304883309350494	20.76294613753788	20.592594114168396	29.33954400535371	3.243358952265324E-5
25.0	29.39749162106402	20.70303831616868	20.58548946746102	29.313958977127207	2.1618179072673077E-5
26.0	29.32139068843303	20.71951985898803	20.582538961203873	29.376485648346527	6.484302853687649E-5
27.0	29.304256731897045	20.726911434108423	20.5948154627384	29.374016371256133	0.0
28.0	29.256821732569737	20.722818595376015	20.65942217424876	29.36089428279449	4.321501099335861E-5
29.0	29.25932879271092	20.74519728288556	20.594367703998547	29.401073814135785	3.240626918721188E-5
30.0	29.266564949099173	20.710152893564544	20.596638166909845	29.42652490010758	1.1909031885566762E-4
31.0	29.2393365774817	20.69920225806441	20.583093877656424	29.477987528521204	3.7975827626199376E-4
32.0	29.273229240928078	20.663261449647976	20.66040111085553	29.40296681300073	1.4138556768752487E-4
33.0	29.417721938479897	20.603312094356305	20.614649432604377	29.364120311397436	1.9622316198581764E-4
34.0	29.205126924724777	20.721657674045975	20.66353772491705	29.409491919753606	1.8575655859969276E-4
35.0	29.223212504397438	20.79111237420812	20.594300045894393	29.391199780618454	1.7529488159762004E-4
36.0	29.29462066143877	20.677446122952073	20.628468236940027	29.399300180936923	1.647977322074206E-4
37.0	29.275804268684652	20.735383305231277	20.521403740318288	29.46713326543304	2.754203327408124E-4
38.0	29.288188219434648	20.59331000019337	20.557310298533437	29.56041800758557	7.734742529758042E-4
39.0	29.31624506620564	20.62927580272071	20.537706973317693	29.512449736614933	0.004322421141028299
40.0	29.261574725630947	20.64428981980864	20.665600361423227	29.42790144635991	6.336467772724908E-4
41.0	29.286519283512767	20.622861510523805	20.592718301845593	29.49748828897869	4.126151391394008E-4
42.0	29.227138485967195	20.748638475002494	20.5759332415282	29.4480884050298	2.0139247230741624E-4
43.0	29.276340196493866	20.605544595576784	20.558590362764384	29.55917686973652	3.479754284447463E-4
44.0	29.209628495983132	20.64269646367248	20.63663649862879	29.51081326420468	2.2527751091779295E-4
45.0	29.300570932286885	20.623424194449502	20.628747756841822	29.44689543065416	3.616857676311357E-4
46.0	29.2656352887996	20.633629830365432	20.645563065502913	29.45500166464093	1.7015069112374888E-4
47.0	29.295535590166395	20.64214736333485	20.574496337429018	29.487479152224026	3.415568457043135E-4
48.0	29.255361399069578	20.636219165776648	20.562354746928936	29.545858969589645	2.0571863519400124E-4
49.0	29.31268254315204	20.626396593158894	20.588658817346985	29.47191782825927	3.442180828085442E-4
50.0	29.25390858421415	20.63778315930167	20.58704768500966	29.520949522926408	3.110485481117798E-4
51.0	29.33591096459648	20.560446232071033	20.57866672713172	29.524721567698336	2.5450850243495223E-4
52.0	29.24830706933827	20.60041050671334	20.670582594464236	29.480409382101076	2.9044738307488745E-4
53.0	29.309717979969957	20.58733617983307	20.55633458203149	29.546319560783086	2.9169738240103347E-4
54.0	29.26496688987777	20.58311649237932	20.61043722192133	29.54011980567706	0.001359590144518572
55.0	29.23091110139357	20.642065315949008	20.607263527737732	29.519018087861383	7.419670583114266E-4
56.0	29.234041314439317	20.612157280958733	20.616441047094447	29.536875179575002	4.8517793249825927E-4
57.0	29.274252796416857	20.593700626721784	20.635880850796646	29.49573762116855	4.2810489616434657E-4
58.0	29.23733943882818	20.619049081767407	20.585798102973094	29.556701823222163	0.0011115532091557083
59.0	29.26184938320254	20.626108289161955	20.599773656717492	29.509709694316427	0.0025589766015829615
60.0	29.274133113524474	20.653234780113035	20.629946122027736	29.442311529770105	3.7445456464945976E-4
61.0	29.258702858755914	20.686662102814932	20.598162571913463	29.455440012476902	0.0010324540387901485
62.0	29.282738230106204	20.64741332337284	20.587647921811758	29.481821876140145	3.786485690565214E-4
63.0	29.3471479065681	20.632060703732954	20.539939798945724	29.480360213744085	4.913770091331017E-4
64.0	29.277358301012214	20.59050064819365	20.61150778209275	29.52028726884893	3.4599985245577724E-4
65.0	29.241019899671848	20.667106486497172	20.551420693883532	29.54010484320199	3.4807674545259484E-4
66.0	29.199491562779013	20.65422391401097	20.58403986444009	29.561781851813212	4.628069567140406E-4
67.0	29.25716017792064	20.65133928886123	20.591836878554158	29.499248258103755	4.1539656021437484E-4
68.0	29.213926946396583	20.653886406539296	20.5680851519478	29.563670651421724	4.308436945961936E-4
69.0	29.258547970585397	20.624861973116857	20.607306803508532	29.50890050926577	3.8274352343736344E-4
70.0	29.285282499612954	20.571994986692637	20.566457479072138	29.575853897165526	4.111374567422367E-4
71.0	29.19012732709372	20.606356093780793	20.642625094085254	29.560244517500017	6.469675402151788E-4
72.0	29.232037171870108	20.554577545106007	20.650171440756683	29.56260122799183	6.12614275372463E-4
73.0	29.212749645225962	20.60248944607973	20.62141335463247	29.562901049626866	4.4650443497096275E-4
74.0	29.230455221956376	20.58595551395199	20.62487061391085	29.558228902324156	4.897478566251237E-4
75.0	29.195051958862045	20.620258498641217	20.6358438888324	29.548285220112945	5.604335513953594E-4
76.0	29.20828837007685	20.62778549644211	20.5827830001153	29.580416635667188	7.264976985494666E-4
77.0	29.211784689358115	20.63370811701761	20.597535455924103	29.55633403512276	6.377025774174321E-4
78.0	29.21455297648204	20.60564454552161	20.603824280663492	29.57559498367852	3.832136543404626E-4
79.0	29.22736723947826	20.560107101110784	20.65481767179376	29.557183198803262	5.247888139330878E-4
80.0	29.234696900106012	20.568891218302877	20.639758682623462	29.55597017265929	6.830263083612874E-4
81.0	29.205038453398892	20.576269097245675	20.68222419592322	29.536017979440487	4.50273991723964E-4
82.0	29.151306456233208	20.583548745720172	20.677059888053765	29.587402865496276	6.820444965829571E-4
83.0	29.24805745196438	20.621089980142795	20.57765189441588	29.552554700622448	6.459728544980596E-4
84.0	29.185271677642078	20.630413971164167	20.627498476980648	29.556105131849964	7.107423631458327E-4
85.0	29.187946850884565	20.57717034423726	20.654396907888266	29.579928833698578	5.570632913322271E-4
86.0	29.187952792561372	20.599535478424468	20.613645124902234	29.598244119708493	6.224844034309563E-4
87.0	29.243662564615402	20.589065833066538	20.612283011560326	29.554419027954143	5.695628035919628E-4
88.0	29.216668966552582	20.60433419819153	20.60624487264445	29.572069578878253	6.823837331849274E-4
89.0	29.161375371094067	20.63411141914657	20.598584605610167	29.6049157446704	0.00101285947879172
90.0	29.177410924431896	20.6564298672653	20.543424824999892	29.621973040381004	7.613429219036184E-4
91.0	29.157363367362223	20.612938487466035	20.651216267411435	29.57758511102916	8.967667311499633E-4
92.0	29.1743247363714	20.602854723302936	20.65044885280774	29.571064681952148	0.001307005565771628
93.0	29.21342796258989	20.628278595165895	20.64352956571892	29.513939936378897	8.23940146402855E-4
94.0	29.126839153804944	20.620278733885648	20.668214278108067	29.583783172756362	8.84661444979792E-4
95.0	29.2338545480776	20.643152113175145	20.624038283504966	29.498124019169676	8.310360726165968E-4
96.0	29.16525313433047	20.615990260164736	20.650437993994757	29.567357044013303	9.615674967243444E-4
97.0	29.089063513825543	20.589321477291335	20.672140425307415	29.6486866473588	7.879362169058224E-4
98.0	29.0445494117125	20.616886195972864	20.718212768401003	29.61949897029024	8.526536233863747E-4
99.0	29.130027961043766	20.622308742906064	20.653168284596774	29.593239408324436	0.0012556031289629973
100.0	29.105031773993257	20.621775728751622	20.679595674025	29.592499772946564	0.0010970502835695138
101.0	29.140362668105123	20.657125285927613	20.661224016290987	29.540446326119508	8.417035567647624E-4
102.0	29.03037880494248	20.620069599192636	20.724418086251355	29.62392253806223	0.001210971551297407
103.0	29.060635760302333	20.606961144101316	20.69914350308907	29.63236756638572	8.920261215615241E-4
104.0	29.043850825950713	20.65559596115904	20.711768346937987	29.587334132848465	0.0014507331037951177
105.0	29.109259745153317	20.607998137674024	20.69300621630206	29.588493035019226	0.0012428658513729722
106.0	29.081424356525577	20.577190357627156	20.731355266166986	29.609003327288598	0.0010266923916859658
107.0	29.04487822989441	20.604961918767025	20.735651258262653	29.613110626254187	0.0013979668217244867
108.0	29.054066262086053	20.58390369732003	20.736535327131705	29.624024071468156	0.0014706419940560852
109.0	29.10321278106865	20.608452447595276	20.703779672908993	29.583136794353432	0.0014183040736486625
110.0	28.985706166074536	20.592675883840382	20.75293821607744	29.667206006824014	0.0014737271836237676
111.0	29.041229990413512	20.59529942323354	20.751784000804058	29.610289401820577	0.0013971837283081592
112.0	28.983082726746318	20.59663114872662	20.743889572587797	29.67491772891603	0.00147882302324109
113.0	28.98808860125875	20.61390793990449	20.769199746636648	29.626953305703758	0.0018504064963501918
114.0	29.04236284122101	20.63105470749699	20.76795752502328	29.55699164834308	0.0016332779156448523
115.0	29.019130672963545	20.599868714756596	20.777206634294345	29.602138489627738	0.0016554883577781238
116.0	28.97374394665306	20.648306096070375	20.790502276688713	29.58561372439823	0.0018339561896279703
117.0	28.976805066989293	20.574601870660505	20.812150289996595	29.63471136988031	0.0017314024732951148
118.0	28.969942087130097	20.642917585023422	20.8188129347179	29.5664017324344	0.0019256606941841746
119.0	28.9640942555303	20.6286868788003	20.77301185518465	29.632386592966302	0.0018204175184466603
120.0	28.887406216032307	20.648851026726405	20.83522595050622	29.626808296291056	0.0017085104440065161
121.0	28.834513501776897	20.687332627809475	20.868857824515253	29.607126300281177	0.0021697456171902527
122.0	28.88165075933138	20.64957696005122	20.816118868493184	29.650716139733866	0.001937272390343237
123.0	28.870096210939632	20.643225621848167	20.804850738245708	29.679611120575444	0.0022163083910428064
124.0	28.73063440321309	20.7156831477025	20.807014346522855	29.74425193328059	0.0024161692809618286
125.0	28.808169613491447	20.730762482336743	20.793328505195543	29.665681543637	0.00205785533926814
126.0	28.81217688241729	20.69539125887538	20.876732807673825	29.613464941328115	0.0022341097053890893
127.0	28.901683698761865	20.718314429798106	20.85365538029055	29.52399723663961	0.0023492545098718464
128.0	28.8463775565699	20.77219214595856	20.822167599191825	29.556994904603577	0.002267793676131346
129.0	28.946857309714357	20.67485363326828	20.844009264004118	29.531435347304598	0.002844445708642537
130.0	28.751560926675644	20.794424303793644	20.892236078234305	29.55870879011889	0.003069901177519633
131.0	28.712477862897206	20.82022252074534	20.85784046763243	29.605878888364458	0.003580260360567517
132.0	28.759275649917658	20.800340621125002	20.72303001317905	29.713458429723627	0.0038952860546595195
133.0	29.051840814262675	20.720619198372596	20.5139239057703	29.710054383049584	0.003561698544841785
134.0	29.05690653359087	20.707128090321262	20.71055569766726	29.519760473720723	0.005649204699884413
135.0	28.824198968555333	20.866903030711796	20.561585952215896	29.740497866396137	0.0068141821208377
136.0	28.571076926863864	21.115695677123476	20.25962797323721	30.048214865378377	0.005384557397074186
137.0	27.727344405026464	21.48691465811631	20.51095349664842	30.26875554180666	0.0060318984021501135
138.0	28.035422247147828	21.68043893466572	20.91528388389723	29.362285817374627	0.006569116914593636
139.0	28.185667156050524	21.903661508613876	21.61526240792779	28.287789550536367	0.007619376871438367
140.0	27.909308160423112	22.469206717352076	22.073215669486338	27.540276475720315	0.00799297701815896
141.0	27.90170715274542	22.580136961046886	21.457398276422655	28.05086933058026	0.009888279204781233
142.0	27.428761542580034	23.21229093360772	23.17042808072039	26.180587534123735	0.007931908968124743
143.0	30.034015895458026	20.119712868652474	21.424243298612115	28.42074552840055	0.0012824088768342455
144.0	32.082041343669246	19.58656330749354	19.491279069767444	28.839147286821703	9.689922480620156E-4
145.0	27.210634093298996	20.87328226381433	19.6846625407357	32.22979330192764	0.0016278002233341908
146.0	27.543952416767116	21.100444368540153	19.568308936307176	31.78433839009186	0.002955888293697061
147.0	28.27167896220571	20.52399866167999	20.200019213505108	30.96090714245489	0.04339602015430432
148.0	30.244766344209985	19.773444940103253	20.873139191017994	29.107312916645782	0.001336608022989658
149.0	30.64624864325538	20.869597459769572	20.29521414654864	28.156580127146352	0.03235962328005232
150.0	23.730156494302253	26.438522107813444	23.90904737086755	25.897271561984986	0.025002465031763694
