# Position (bp)	A	C	G	T	N
0.0	26.385102136253884	23.79460911798153	25.48414141047835	24.27627299213622	0.05987434315001302
1.0	28.709347721078238	18.620918637431018	19.255418092905416	33.40873421381116	0.0055813347741713775
2.0	29.905432868210585	19.818435671749448	18.9562330238855	31.315047696101793	0.004850740052670799
3.0	32.358289672018884	19.22934150109712	19.746572916479618	28.661673971803065	0.0041219386013067825
4.0	32.839961365947985	18.74869608251124	20.175180350046308	28.235135933206916	0.0010262682875506325
5.0	33.34845363757097	18.88156653289845	19.770257364559647	27.99761253436845	0.0021099306024879587
6.0	28.54783749624258	18.871326401515773	18.034618984473745	34.54080109581027	0.005416021957638033
7.0	28.466553089713408	21.410393724320468	18.781041209484584	31.317545941271103	0.024466035210440662
8.0	28.40542621210232	20.919118010614383	19.050022497463466	31.624720672954943	7.126068648879053E-4
9.0	32.420000082800996	18.972425707676706	19.421948704937606	29.1831956435739	0.002429861010789421
10.0	29.911467941267645	21.318962081547827	21.304115228792618	27.453023956122387	0.012430792269529058
11.0	28.860680399680287	21.284305087733905	20.214112877184125	29.62401466087644	0.016886974525239767
12.0	29.838515039662	20.010438628857578	19.720230743327058	30.428721530011803	0.0020940581415564772
13.0	30.023963516733748	19.95151158893555	19.698703858369836	30.324394437072183	0.001426598888683325
14.0	30.03038268580988	20.07967475399449	19.850625265143755	30.03488534828872	0.004431946763152046
15.0	30.19535084150521	20.12105134362658	19.779140978463918	29.903906808642027	5.500277622657668E-4
16.0	30.287399355141183	20.012659675728962	19.873760110218363	29.822711099591782	0.0034697593197144405
17.0	30.256145142283476	20.041902539618327	19.966928807199174	29.732977862164034	0.002045648734990983
18.0	30.28415150882416	19.95594474225307	20.012138956729043	29.74280466690281	0.0049601252909163545
19.0	30.182130199422772	19.998938669054496	19.85185475358281	29.966333523390997	7.428545489250947E-4
20.0	30.04813745257595	20.160165983903156	19.826325356286432	29.964850049732583	5.211575018782259E-4
21.0	29.94547330783347	20.18483268475521	19.8314261693976	30.036862035994332	0.0014058020193940118
22.0	29.924808562728966	20.04634202526627	19.8086706634557	30.21950262573713	6.761228119281947E-4
23.0	29.98864092913871	19.957085887171058	19.911260424530415	30.13999959221463	0.003013166945186488
24.0	30.005406449256377	20.00505019480312	19.937298439790546	30.049615388184	0.0026295279659551704
25.0	30.035319188446408	19.979878298791775	19.99040222821136	29.989143504042353	0.005256780508106717
26.0	30.039755295908677	19.98933636700603	19.964300519220924	30.005514844160057	0.0010929737043118008
27.0	29.98288420993674	20.029498299563173	19.952578264961833	30.034177234379243	8.619911590130303E-4
28.0	29.993288052701256	20.023618449918448	20.01000704529845	29.97140407049101	0.0016823815908389376
29.0	29.97188137408963	20.029833088789236	19.958046069502224	30.038442183596786	0.0017972840221202621
30.0	29.94723850453216	20.01217427152924	19.976122886068197	30.063421075410368	0.0010432624600345828
31.0	29.97023819585012	19.997970089241388	19.96063582171933	30.07003690029745	0.0011189928917221335
32.0	29.966802150627586	20.047141090564356	19.981899722783282	30.002897646497768	0.0012593895270138725
33.0	30.026717901602208	20.025579031565048	19.98326893031171	29.961418473951536	0.0030156625694987807
34.0	29.91854244260528	20.095538905446645	19.981209916709876	30.00288672252765	0.0018220127105506541
35.0	29.89045422526429	20.080507321014988	19.966207587201254	30.060147606541353	0.002683259978110206
36.0	29.93298917863148	20.037631993145624	20.002131388291293	30.025313549684707	0.0019338902468904499
37.0	29.980069735004193	20.035835287336234	19.93285151311595	30.050864852610694	3.786119329314866E-4
38.0	29.977736010497257	19.969699416970197	19.967954010086295	30.08368527046737	9.252919788794849E-4
39.0	29.96501735361935	20.044369724988886	19.949632952550193	30.040296787001143	6.831818404288973E-4
40.0	29.899275696441975	20.043107454547442	20.017681845063677	30.037376662323595	0.002558341623314166
41.0	29.93107665298938	20.01241325508222	19.95696400484398	30.098948316530016	5.97770554404177E-4
42.0	29.895261288887415	20.08688501033212	19.97939472965416	30.036243798440026	0.0022151726862786603
43.0	29.895181036616087	20.034971070170755	19.984784474320485	30.082512014489282	0.0025514044033874035
44.0	29.878909196801175	20.04302213539845	20.012192186785878	30.065234190418412	6.422905960951944E-4
45.0	29.874881171200872	20.054428674162672	20.016574643308072	30.050173932477115	0.003941578851264637
46.0	29.913070999628083	20.005447206315452	20.048879319758058	30.03184362173444	7.588525639717455E-4
47.0	29.930275137658462	20.055773642855844	19.976141825764167	30.036932095192594	8.772985289360488E-4
48.0	29.913015033102354	20.019796476358415	19.9678757773014	30.09361800055126	0.005694712686569043
49.0	29.92479818125389	20.018014048671624	20.016255642230398	30.031951841108157	0.008980286735930966
50.0	29.92038385453519	20.050979467094194	19.99775292444524	30.029959549085376	9.242048399951231E-4
51.0	29.941925071443382	20.01599347392164	20.002216154751455	30.036012309181732	0.0038529907017962224
52.0	29.917810696308255	20.04137953404368	20.044316931108618	29.9959023379607	5.905005787386311E-4
53.0	29.93934770303095	20.03861952397788	19.947229516591506	30.072145754001344	0.002657502398323662
54.0	29.90378570420329	20.032333696435206	19.998245746988033	30.064766000645847	8.688517276254647E-4
55.0	29.871112591815425	20.047591460032812	20.003061568312976	30.075553571963574	0.00268080787520979
56.0	29.883386912935904	20.05379703936441	19.992660261352	30.06934109115286	8.14695194816898E-4
57.0	29.906852359302366	20.034695173752198	20.03508258884372	30.01635058316386	0.007019294937859452
58.0	29.9027773756684	20.05954482084357	19.98023060168678	30.054234657176394	0.0032125446248616437
59.0	29.925712368413528	20.052378583989682	19.986594241062306	30.034558648625836	7.561579086513813E-4
60.0	29.940208469448304	20.032877169837075	19.975315488582996	30.047439488057137	0.004159384074491535
61.0	29.9436824733948	20.052798373042695	20.004871186718972	29.99764609752353	0.0010018693200052298
62.0	29.943395817066097	20.037936928171828	19.99131618434207	30.025262966622567	0.002088103797435115
63.0	29.956521162771395	20.07321676100985	19.93933981415177	30.02789527578772	0.0030269862792664613
64.0	29.933607102167176	20.02505483901369	19.98775067301705	30.051967059686707	0.0016203261153798266
65.0	29.878972434785727	20.03718306972196	19.987150679320813	30.08814239413616	0.008551422035345566
66.0	29.871976446611004	20.046537358269493	19.98166395961907	30.077227585935546	0.02259464956488835
67.0	29.9052665388982	20.026166845289875	20.015145715235857	30.051164159199907	0.002256741376160891
68.0	29.859910974940412	20.12251722297575	19.964664685345422	30.048070266842654	0.004836849895765956
69.0	29.882934211158457	20.080021727765224	19.983496954519982	30.049680585917688	0.0038665206386477363
70.0	29.899040319705584	20.019647555916965	19.964195559090246	30.116680981197575	4.3558408962989534E-4
71.0	29.844074077482286	20.075529966225442	19.983204813673623	30.084233678407273	0.012957464211373651
72.0	29.892212729134325	20.032600471816934	20.02124935657058	30.047329820060874	0.006607622417282511
73.0	29.875325187798268	20.065788041394978	20.00692929240529	30.046048467540714	0.00590901086075334
74.0	29.919412599997752	20.04777323349756	19.97724066603305	30.05294139812755	0.002632102344087281
75.0	29.87284246880938	20.091665963453785	20.008760916586333	30.02134688796843	0.005383763182066952
76.0	29.847814150515845	20.066093622746124	19.988658121132463	30.09662576862327	8.083369822975792E-4
77.0	29.864448190290716	20.076844687361895	19.992386361202605	30.064893439342143	0.0014273218026404902
78.0	29.868762029181582	20.06436011060323	20.010611231968998	30.054176853953287	0.0020897742929036653
79.0	29.91115804251231	20.076936158619212	20.006876706760416	30.002307517157384	0.0027215749506823692
80.0	29.929108909002167	20.050694982282515	19.96699778036065	30.052552181230062	6.46147124608102E-4
81.0	29.834682959779848	20.09515548717254	20.030024528514613	30.021707347338417	0.01842967719458566
82.0	29.84829380740541	20.045094057622613	20.033083877841694	30.06946187597748	0.0040663811528038225
83.0	29.886071834149586	20.07992419518492	19.96375650176839	30.065385249756503	0.004862219140598363
84.0	29.88410702967352	20.071483202667125	20.01471409205515	30.025677417794256	0.004018257809949736
85.0	29.879002405234843	20.069223220702433	20.00883317907221	30.041245342580993	0.0016958524095224028
86.0	29.847211180408234	20.096926444715344	19.980974959013224	30.074238626673782	6.487891894163832E-4
87.0	29.84883295557558	20.075150596352596	20.00990878041045	30.065910647509693	1.9702015168033377E-4
88.0	29.861734024558295	20.093132639243986	19.993972918038544	30.04678367226737	0.004376745891804881
89.0	29.804326289096807	20.095443687981554	20.01622000183883	30.08342227516267	5.877459201468157E-4
90.0	29.840209941953344	20.08852294088673	19.98140939505541	30.08966982976462	1.8789233989622886E-4
91.0	29.81458968087133	20.10090002680435	20.029056601263907	30.05524744628239	2.0624477802793677E-4
92.0	29.81675918932842	20.114038859652744	20.030086398073013	30.038769539445997	3.4601349982903785E-4
93.0	29.82324853402406	20.137428944333244	20.03743719629077	30.001076192168803	8.091331831267901E-4
94.0	29.84137794487322	20.106012148298625	20.0186928383255	30.03357250976151	3.4455874114907214E-4
95.0	29.8815377480191	20.126553464092126	19.974338243127992	30.017281007397003	2.8953736377889083E-4
96.0	29.825853292538245	20.11265074000936	20.017584656158746	30.043731456540417	1.7985475323089038E-4
97.0	29.827054987054858	20.151562625707477	19.944769284677815	30.075883090472548	7.300120873038721E-4
98.0	29.801058815128684	20.152489221675125	20.007052270534192	30.03818530193761	0.001214390724386496
99.0	29.80734846151047	20.147925670314436	19.992236379218156	30.052194328960134	2.951599968013177E-4
100.0	29.793533886559953	20.123221359039867	20.01072172978664	30.070590947862065	0.0019320767514820912
101.0	29.793113461747144	20.148863426212497	20.021572969825353	30.03352636670839	0.0029237755066170864
102.0	29.79875495820729	20.12504034659081	20.028583845768864	30.047164341257936	4.5650817509631483E-4
103.0	29.822918636933913	20.12566746473911	20.046452932382625	30.004707604739444	2.5336120490850023E-4
104.0	29.764085560874392	20.17596749830977	20.02183955128793	30.037930377814416	1.770117134961673E-4
105.0	29.810609077511085	20.146378529976307	20.04512497879622	29.997648258827432	2.391548889569906E-4
106.0	29.806011808003802	20.138543153265402	20.03311885635208	30.021879207115994	4.469752627186037E-4
107.0	29.78752703558303	20.127622803067727	20.05507059783321	30.029274189295265	5.053742207741856E-4
108.0	29.75667870351352	20.160840831028935	20.07527370905311	30.00701408315588	1.926732485609367E-4
109.0	29.81924634595046	20.13084756061841	20.026741086850837	30.022889312426415	2.756941538774303E-4
110.0	29.74458818849361	20.158170403613216	20.06932420703903	30.02750805923109	4.0914162306107085E-4
111.0	29.781407803151694	20.12784782526803	20.01921542364351	30.071192324176632	3.3662376013249263E-4
112.0	29.803632939875342	20.10923888282315	19.981406314576667	30.105265127251524	4.5673547331638364E-4
113.0	29.777076089879433	20.11512861736815	20.07954854679621	30.02779355678612	4.531891700817539E-4
114.0	29.769906785711303	20.187317268426224	20.044921644155394	29.997523053716545	3.3124799052744317E-4
115.0	29.804420553088462	20.130309548274234	20.11337454453079	29.9416527526268	0.010242601479716708
116.0	29.7509979137834	20.18873876789642	20.088723458120295	29.971240228048284	2.9963215159522496E-4
117.0	29.71493879706017	20.15257492134988	20.086482784715084	30.042481126148974	0.003522370725894801
118.0	29.719162887048924	20.178756638967627	20.078007555894395	30.023072183808242	0.0010007342808109154
119.0	29.758476183610245	20.175366401479376	20.028653859621397	30.037275070900865	2.2848438811713095E-4
120.0	29.71956982671652	20.167447485099967	20.08053390507455	30.03199544910326	4.533340056986808E-4
121.0	29.746108779995033	20.195040825679136	20.102484190657577	29.956040136005875	3.260676623809329E-4
122.0	29.717294985489495	20.196630953143167	20.089125556249503	29.99672783750166	2.2066761618170125E-4
123.0	29.70160960441047	20.162961612936144	20.12022310659986	30.014944021617694	2.6165443582926574E-4
124.0	29.671532519805233	20.134910448742968	20.102986371193555	30.0902094512018	3.612090564472731E-4
125.0	29.66676703006859	20.171102789129638	20.099274493936754	30.062119894324596	7.357925404182781E-4
126.0	29.685009690430732	20.183697923097498	20.13140152395014	29.99949503554787	3.958269737675854E-4
127.0	29.779576449130396	20.139477132203815	20.11126759118422	29.96132117101549	0.008357656466078337
128.0	29.832745993685162	20.049544678785367	20.202062818198748	29.91427676742746	0.0013697419032688268
129.0	29.705769287753032	20.06297375702314	20.28744897612548	29.94164518623857	0.0021627928597793182
130.0	29.625769941975022	20.054660833676376	20.292477184359914	30.02660407631336	4.879636753245985E-4
131.0	29.539890759989714	20.106843982634505	20.178693394363414	30.17336475453242	0.0012071084799453395
132.0	29.366174547825448	20.258878658791517	20.1290596553369	30.243614733237756	0.0022724048083820354
133.0	29.362623386596233	20.21635875898051	20.234944257313934	30.185782444821402	2.911522879195991E-4
134.0	29.420154697733274	20.154502471068234	20.17935918282267	30.245237646619806	7.460017560247152E-4
135.0	29.492722512756785	20.070149086732698	20.274141168340112	30.159786095780376	0.0032011363900245828
136.0	29.598402398928016	20.10836089014549	20.301523282130596	29.99048718222093	0.0012262465749715314
137.0	29.89755912376036	20.006050470870733	20.1990436379678	29.89675014715369	5.96620247420439E-4
138.0	29.981774224110836	19.99171025252529	20.310917954245227	29.71440027388974	0.001197295228905345
139.0	29.23181027957128	20.531202618638783	21.465991439955857	28.76426312675052	0.006732535083559382
140.0	27.213802920807765	21.507340601043783	21.448204255374236	29.81239025423076	0.018261968543456835
141.0	28.881255350043283	19.6672131561906	19.276412663676222	32.17463827319936	4.805568905308163E-4
142.0	31.14648691247874	19.377739277688768	21.12666473952527	28.348252194143893	8.568761633295949E-4
143.0	30.963269539612487	19.091215108349065	21.546703937444352	28.388486265154462	0.01032514943963993
144.0	33.84488161780225	18.46183778114435	19.10152914896989	28.58703227387378	0.004719178209726868
145.0	27.641852686665235	20.1722887156373	19.124941122866595	33.06064888033944	2.6859449141999317E-4
146.0	27.87828591654002	20.460695322616175	19.03241483665347	32.62837025651545	2.3366767488119228E-4
147.0	28.202244793399554	20.085848279477954	19.50406140349201	32.20453854913102	0.003306974499457826
148.0	30.74309975666169	19.323594906307605	20.045854607808756	29.887124624449367	3.261047725807686E-4
149.0	32.580322307976964	19.827851097927372	19.15613401462028	28.43357975963069	0.002112819844694469
150.0	23.523867888767857	26.088775752178268	23.889927954810762	26.447515910496726	0.04991249374638532
