# Position (bp)	A	C	G	T	N
0.0	23.01055868264234	29.378973270819834	27.910414257821596	19.69819024264217	0.001863546074059015
1.0	27.244243853840462	18.306112464467095	18.46758744352944	35.954974328455165	0.027081909707848153
2.0	29.260682837091608	21.206803219266213	18.787050210400437	30.743168433785506	0.0022952994562435588
3.0	34.1594228096672	19.360106606296302	19.76522162500811	26.714513460467675	7.354985607137182E-4
4.0	33.60732532589207	18.710533309453517	21.34761596635257	26.333333814781216	0.0011915835206165615
5.0	34.97288601820477	18.76540294124325	20.557168570149358	25.701347007671394	0.0031954627312340746
6.0	26.496863422083205	19.322921205408104	17.26930349989329	36.909075370295284	0.0018365023201145979
7.0	26.645074021390126	23.167100666284256	18.71570732423375	31.470678851516244	0.001439136575620091
8.0	25.979147658191852	22.436003902713995	18.83091858297258	32.75340259188717	5.272642343967534E-4
9.0	33.465767741181494	18.78718580954543	19.545965516283445	28.199656005816575	0.0014249271730498614
10.0	29.005999373021247	23.19781897544014	23.080631381961677	24.714892181192074	6.580883848596597E-4
11.0	27.42485844151418	23.05140834921487	21.06667735070207	28.456398072807314	6.57785761569405E-4
12.0	28.97348857908964	20.908221862463748	20.17281954467934	29.944597380977967	8.726327893085508E-4
13.0	29.234115885864576	20.75370271973079	20.155111746819127	29.856603659962378	4.6598762312976167E-4
14.0	29.222468363047792	20.915490198982326	20.520640397171604	29.34082775614955	5.732846487269975E-4
15.0	29.49529423759295	20.95518966191144	20.370780697885923	29.178293681501888	4.417211077983354E-4
16.0	29.501031682788064	20.874554796265773	20.47574963638388	29.14831778240653	3.461021557509826E-4
17.0	29.485452735663102	21.02859104959758	20.48862763653917	28.99670817744273	6.204007574138786E-4
18.0	29.39666652155478	20.93912039535634	20.597340158760353	29.06636006314156	5.128611869635456E-4
19.0	29.29546624682922	20.951196996973078	20.420335057563502	29.33133239645736	0.0016693021768415803
20.0	29.226255661687127	20.983690312016968	20.384898766405733	29.40469036887671	4.648910134540651E-4
21.0	29.20232096459609	20.978611115679502	20.446719423229236	29.371704949377868	6.435471173021933E-4
22.0	29.228069460534744	20.78856992659248	20.414877768718355	29.56792283613796	5.600080164551803E-4
23.0	29.269127151802714	20.661546992851797	20.59387104402153	29.474597098189687	8.577131342684392E-4
24.0	29.25267401525586	20.73741648987588	20.614310072858608	29.382700404050127	0.012899017959530195
25.0	29.342251202199886	20.67270559100649	20.60395912032145	29.374046296038287	0.0070377904338922844
26.0	29.334571761713583	20.72222790423937	20.51018613692857	29.432466500936975	5.476961814979419E-4
27.0	29.28217126946988	20.73193582972243	20.504484152787146	29.480420655840827	9.880921797146818E-4
28.0	29.24991974304443	20.746384330414166	20.616401986349235	29.386948748985404	3.451912067658429E-4
29.0	29.269275002061956	20.80062916727811	20.490318210062892	29.43881358931815	9.640312788874652E-4
30.0	29.18171409490249	20.762614550842702	20.55884652632366	29.496024660445347	8.001674858032972E-4
31.0	29.168136629885634	20.71625955076646	20.545160625437394	29.569891957703405	5.512362071114264E-4
32.0	29.255852515010254	20.706902950387683	20.601795674823585	29.432815164887337	0.0026336948911370034
33.0	29.4296067149559	20.61766318009456	20.577078891849812	29.374444424867658	0.0012067882320769621
34.0	29.16391102919048	20.775918079908543	20.671550013533455	29.388281784090836	3.390932766886088E-4
35.0	29.168913100521323	20.869194199616594	20.567193238057786	29.394225248433088	4.742133712120383E-4
36.0	29.245961795755736	20.77460765452113	20.570500112307975	29.408210201470748	7.20235944412434E-4
37.0	29.2488590105198	20.76026008039508	20.458974631767678	29.52913623088362	0.00277004643382261
38.0	29.29048155580856	20.572604022227242	20.521190355593554	29.612635308513998	0.0030887578566432413
39.0	29.280437066153652	20.69116139377484	20.485474190803238	29.542161242901315	7.661063669493805E-4
40.0	29.23328237682339	20.645526332769172	20.65699154750619	29.462586671563784	0.001613071337459487
41.0	29.199023688317926	20.644645824096923	20.549932924676018	29.605886678962772	5.108839463566872E-4
42.0	29.101791506179996	20.8773901234948	20.550002947235473	29.470277286676154	5.381364135761055E-4
43.0	29.18415589427458	20.677185239471108	20.531518321184997	29.605896065874433	0.0012444791948848133
44.0	29.19349115937619	20.704674046585154	20.600894731990774	29.4989829147353	0.0019571473125842044
45.0	29.25242412541979	20.686119709759467	20.60879529680854	29.444022756919747	0.008638111092450874
46.0	29.270518131116475	20.636205906734233	20.68506444063414	29.407638064544493	5.734569706562069E-4
47.0	29.262487081975806	20.744067951111745	20.546315917771206	29.446296867206296	8.321819349433449E-4
48.0	29.18852630765212	20.67656315057179	20.543434094235565	29.590730410316613	7.460372239131685E-4
49.0	29.233739598370118	20.649808670749564	20.632724086549832	29.477110921856763	0.006616722473723729
50.0	29.271905057520826	20.61832614268905	20.555337657243935	29.552677854806998	0.0017532877391939032
51.0	29.30809373071479	20.532678683913506	20.61498400546736	29.543238742460293	0.0010048374440537178
52.0	29.197683201109637	20.641296836611854	20.672458183007596	29.488247018196205	3.147610747044754E-4
53.0	29.31155823474118	20.636960256486137	20.511403638624195	29.539550598262455	5.272718860344E-4
54.0	29.197566243472632	20.59891852474841	20.64534241460932	29.55758986878097	5.829483886644096E-4
55.0	29.174365938107915	20.722360708841336	20.562405888852112	29.536458683666	0.00440878053263663
56.0	29.187006316444624	20.65055991811426	20.615249103270006	29.545711704403622	0.0014729577674887958
57.0	29.251847490844163	20.577071713380732	20.642353694786475	29.52835013759837	3.7696339025794663E-4
58.0	29.255803092500905	20.63528591588858	20.60098345454484	29.50737252486556	5.550122001157403E-4
59.0	29.24630458500642	20.681892789905394	20.60688365714522	29.46431987521443	5.990927285256233E-4
60.0	29.266994536701347	20.72861691416669	20.55970227425433	29.443412842524207	0.0012734323534248553
61.0	29.20975513277443	20.73223959572192	20.56710052286694	29.488604646454323	0.002300102182383779
62.0	29.25970712857219	20.637402248365536	20.58337618421904	29.519223454655723	2.909841875035594E-4
63.0	29.347301242492303	20.611257256792896	20.488730922691598	29.55227846012137	4.321179018361944E-4
64.0	29.248997500201956	20.570221548528394	20.596153587232628	29.58319682431401	0.00143053972300263
65.0	29.198489711391716	20.646100834373208	20.572982746615132	29.581706958058923	7.197495610233314E-4
66.0	29.13604916127172	20.69924438829963	20.61214418045493	29.551568137485685	9.941324880366807E-4
67.0	29.14589254927543	20.70388488978295	20.585779369225328	29.56362847373592	8.147179803684411E-4
68.0	29.19254461752053	20.665814972699362	20.55558785302897	29.585333058580964	7.194981701722536E-4
69.0	29.241093808770664	20.613973573377955	20.585111654477625	29.558748783655574	0.0010721797181848054
70.0	29.280402851488642	20.545942441741445	20.59305675910985	29.580203990840943	3.939568191226056E-4
71.0	29.141297964409645	20.65708000627837	20.64310358307874	29.557239846003625	0.0012786002296189653
72.0	29.184606473000397	20.58276632812892	20.654740201997594	29.57745769980559	4.2929706750133865E-4
73.0	29.213919859062965	20.587879975623572	20.608238409339645	29.589648549301266	3.132066725549521E-4
74.0	29.23014849138077	20.570808591657343	20.580140489391166	29.61854177451821	3.606530525148413E-4
75.0	29.202093648512157	20.608044730395587	20.619128003782848	29.56953747168428	0.0011961456251276582
76.0	29.1791039765208	20.64800978625529	20.55177705504036	29.620697148605558	4.120335779897157E-4
77.0	29.20867151398029	20.636690967836905	20.599267873219233	29.555031252821536	3.38392142042255E-4
78.0	29.159644224889153	20.639224564233803	20.64994142946232	29.550677977431306	5.118039834169306E-4
79.0	29.209849795975302	20.58083977200027	20.617355133707996	29.591548703282427	4.0659503400463737E-4
80.0	29.28991320285107	20.57551415047468	20.59616061021408	29.53812812792288	2.839085372874432E-4
81.0	29.17500135243072	20.537424144547796	20.724743754156734	29.5596326479957	0.0031981008690560673
82.0	29.158501347468306	20.577407065463344	20.685769620565704	29.576058393129394	0.0022635733732492827
83.0	29.26518679570377	20.559297581080894	20.545591371892712	29.62960022746475	3.2402385787665545E-4
84.0	29.229380152499008	20.60085584276771	20.610274004744728	29.55881960998672	6.703900018362145E-4
85.0	29.25079127467487	20.535767200082013	20.638959355563255	29.573788829329484	6.933403503778953E-4
86.0	29.20057273774343	20.64283126758652	20.588151450423826	29.565527175952482	0.0029173682937413113
87.0	29.27356522354106	20.54031754263959	20.637577394493437	29.547984164964564	5.556743613533533E-4
88.0	29.198282935287185	20.58681178210025	20.672433653257112	29.541893218145574	5.78411209881441E-4
89.0	29.157416442772703	20.60167221923697	20.609994626544868	29.626463191832347	0.004453519613111231
90.0	29.200490328663438	20.59710656026655	20.57037210605617	29.62949314395096	0.0025378610628840254
91.0	29.171174028035935	20.59065799331393	20.661217168625882	29.576247679228917	7.031307953358522E-4
92.0	29.164311948760393	20.60209529289964	20.67239006860898	29.560509166773063	6.935229579216504E-4
93.0	29.266665659210773	20.533192433430553	20.708507749134846	29.490950527439143	6.836307846858068E-4
94.0	29.197084014071823	20.554553810408464	20.684166540247055	29.563667495724346	5.281395483095619E-4
95.0	29.28913180727939	20.549841130290865	20.613086615706415	29.54390232389359	0.004038122829739465
96.0	29.162559736459272	20.587065364151965	20.719377302853346	29.530437348382844	5.602481525817169E-4
97.0	29.13915405410418	20.631460110291407	20.621393020327574	29.607462968436643	5.298468402015992E-4
98.0	29.090871779292655	20.614943560426475	20.70590893259625	29.5875661095589	7.096181257182486E-4
99.0	29.11556932152475	20.58739454488036	20.720598964855814	29.575659332710025	7.778360290537314E-4
100.0	29.118595436723698	20.53038406816096	20.716314173353688	29.633286104535483	0.0014202172261697905
101.0	29.217757461984604	20.58495074709906	20.63660525230854	29.557684533268226	0.0030020053395668307
102.0	29.115833065694513	20.524616778790573	20.75761998700301	29.601076974549834	8.531939620682153E-4
103.0	29.165982160178643	20.508385376464812	20.707194954327253	29.61775644227237	6.810667569252106E-4
104.0	29.138534752976437	20.56905973638096	20.776594974899666	29.5152022970449	6.082386980336063E-4
105.0	29.22450135306514	20.51644189495643	20.72485998142467	29.527757664455194	0.006439106098558408
106.0	29.199471962886435	20.49447300620656	20.708321096193245	29.596779546240338	9.543884734165936E-4
107.0	29.193634978128074	20.475946179344497	20.74309802543395	29.58668064162359	6.401754698887949E-4
108.0	29.115022728202344	20.53192938233138	20.773078013942122	29.579452967926105	5.169075980472579E-4
109.0	29.175680123275455	20.550085578690826	20.73626761474679	29.537371193935535	5.954893513907081E-4
110.0	29.085491762673634	20.500347187593643	20.823337919681833	29.581854409165658	0.008968720885231436
111.0	29.17213944434951	20.51129149926581	20.740832367478937	29.575069349656452	6.673392492957783E-4
112.0	29.082449931075764	20.50141315972294	20.791272111417577	29.62228546191404	0.0025793358696802717
113.0	29.127935773520502	20.476317878107338	20.787101593130185	29.606854497822848	0.0017902574191251213
114.0	29.13869913416942	20.546712197631635	20.78908476964819	29.524893836492183	6.100620585629073E-4
115.0	29.17603209562737	20.504678618527386	20.795634312279095	29.522718755745714	9.362178204381032E-4
116.0	29.12847506709611	20.538281806859093	20.806479795520673	29.526257246326626	5.060841974942972E-4
117.0	29.13492259882654	20.47305967201939	20.886790917140676	29.50457130964457	6.555023688216853E-4
118.0	29.102612633993353	20.507900553863948	20.85921062549052	29.52867906796637	0.0015971186858122904
119.0	29.156288253305835	20.521246814503638	20.777324447914474	29.544391971800653	7.485124753998496E-4
120.0	28.972820651591434	20.55205442383109	20.90833890428755	29.5652168764089	0.0015691438810198132
121.0	29.04753079344796	20.537845885224755	20.90235593348469	29.51010312848263	0.002164259359964494
122.0	29.075807191658132	20.504710844055037	20.867090715960302	29.551825569920993	5.656784055411342E-4
123.0	29.006092168296714	20.469529750012818	20.942745037987645	29.580173103489	0.001459940213826088
124.0	29.001315396173776	20.5014272769756	20.902822717405197	29.5936630177087	7.715917367221643E-4
125.0	29.013375312534084	20.5159912549507	20.86682140244525	29.600824763467536	0.002987266602428856
126.0	29.0384304298938	20.527309206997018	20.949410207883663	29.46870972774197	0.01614042748354523
127.0	29.140394557272824	20.48831293733793	20.956566941259833	29.413714378165572	0.00101118596383999
128.0	29.123229745156625	20.540123956353572	20.886267256949875	29.449403989988948	9.750515509755E-4
129.0	29.092399515486207	20.473109158873637	20.910938029122924	29.5224136471385	0.0011396493787282815
130.0	28.972444907698357	20.507203428078977	21.043011082328057	29.475680020982676	0.0016605609119289585
131.0	28.94406807604136	20.53455383626954	21.035223346586527	29.48351869781249	0.002636043290085841
132.0	28.916444848406154	20.549074291004857	20.881401797315977	29.650350439919947	0.002728623353064103
133.0	29.289405947923253	20.392013859045715	20.718766596599725	29.598273481657976	0.0015401147733273982
134.0	29.25754298705712	20.41797619016257	20.903024571183195	29.420455174121617	0.00100107747549336
135.0	29.018643522802584	20.581836383909657	20.812923362511945	29.583959264045774	0.00263746673004069
136.0	28.94130403684261	20.655023723858378	20.656406163034056	29.74606395524263	0.0012021210223318022
137.0	28.31345080442158	20.935295919510565	20.861080475833678	29.888618550104816	0.0015542501293589431
138.0	28.605002234897576	21.011480907790094	21.049713117864844	29.332046744499202	0.0017569949482881245
139.0	28.369198054539574	21.364956668103254	22.058282380615456	28.20587279528185	0.0016901014598635475
140.0	27.431030943401346	22.083161557502066	22.242467735833372	28.241219073988304	0.0021206892749108886
141.0	28.396045419878064	21.17017295366585	20.86870017101143	29.56280761924613	0.002273836198524849
142.0	29.13174299618487	21.22853920964737	22.907670361400193	26.728284975001156	0.0037624577664115717
143.0	30.3123990357134	19.933518900514454	22.06799711708129	27.68260556204488	0.003479384645972612
144.0	32.82927434297978	19.2590207557878	19.903230696566094	28.007597217193464	8.769874728603699E-4
145.0	26.95279978472427	20.95881082897581	19.653385855222016	32.43348750478496	0.0015160262929493407
146.0	27.372119817138135	21.303050292117113	19.794299537741736	31.527595784939543	0.002934568063478535
147.0	27.721239564900458	20.513454549201125	20.36109758830393	31.40304919983618	0.0011590977583049353
148.0	29.980946683227227	19.818310692617327	21.094947944777896	29.10332360075173	0.0024710786258201707
149.0	32.34024383835199	19.94600346839035	19.844185191024227	27.79402490934889	0.07554259288454464
150.0	22.353056808758932	25.903863804056364	26.158857429215736	25.582007029628816	0.002214928340146545
