# Position (bp)	A	C	G	T	N
0.0	22.674934033096772	28.5637828730896	27.021217723092832	21.736242521551315	0.0038228491694860182
1.0	27.58754944385547	18.660042219699445	18.85498463921089	34.889823514192656	0.0076001830415340895
2.0	29.46104231394723	20.975240971806226	19.09512590778295	30.46370674166773	0.0048840647958654
3.0	34.460925147998694	19.052531741862254	20.06093403619628	26.422389369715688	0.0032197042270861926
4.0	33.805954203587696	18.431353819883622	21.4445580205288	26.31607419485974	0.002059761140138905
5.0	35.04139632596453	18.74538418596413	20.536992141848412	25.674984789982013	0.0012425562409194555
6.0	26.684518016928987	19.354651565706536	17.469085763909348	36.48932925831342	0.002415395141714845
7.0	26.974266467106382	23.030424823422532	18.93842410529421	31.05480961028908	0.0020749938877897434
8.0	26.30927293251671	22.378608930538928	18.966662317166037	32.34322472878159	0.0022310909967365226
9.0	33.417217487177545	18.859454746244243	19.672219009477896	28.04795606406993	0.0031526930303865564
10.0	29.05506151625634	22.96639907683985	23.058863611098985	24.917312988285424	0.0023628075193986497
11.0	27.462600422552413	22.95101104650888	21.078900967848814	28.504136114690613	0.0033514483992785164
12.0	29.08938600614985	20.890593359444466	20.186015412628535	29.832498896673066	0.0015063251040769476
13.0	29.231637008796795	20.823431458803146	20.23297074213777	29.71045514352521	0.001505646737072506
14.0	29.268357331173338	20.91975509556794	20.54157600229477	29.264538701697422	0.005772869266524388
15.0	29.52366411528159	20.941512734098374	20.49110981882846	29.04274786193332	9.65469858255553E-4
16.0	29.544680683916074	20.926776986571944	20.512028012053264	29.014269761908768	0.0022445555499441667
17.0	29.528961971544348	20.960179182348153	20.572245449480544	28.937154914780905	0.0014584818460520804
18.0	29.36911519018916	20.98282941027633	20.581558731007554	29.04485061757417	0.021646050952785142
19.0	29.30002094470016	20.974883851097985	20.49656430673267	29.227521784506393	0.0010091129627960234
20.0	29.28154971531774	20.962510091160645	20.413793072526104	29.341003773718572	0.0011433472769391115
21.0	29.32750669270231	20.92224810246424	20.50154474562352	29.24675047561669	0.0019499835932414913
22.0	29.3402567694874	20.735529937766163	20.462523002677408	29.460704300974065	9.859890949606097E-4
23.0	29.38979253483891	20.652798315185734	20.554622037012145	29.401689295156157	0.0010978178070529193
24.0	29.317156084881272	20.700002598442904	20.58390148138126	29.39730460829369	0.0016352270008682384
25.0	29.407036422876974	20.656591853609722	20.594486534814365	29.34103412410672	8.510645922191197E-4
26.0	29.37949245389787	20.661206807558887	20.526401000697987	29.431130691542595	0.0017690463026596378
27.0	29.301247343202192	20.67601608732634	20.586614687129803	29.435226301072483	8.955812691864293E-4
28.0	29.228349439188506	20.71945679984079	20.61457677833199	29.4364305064082	0.0011864762305157659
29.0	29.327233971211648	20.714321048283285	20.535610961750802	29.419409338989798	0.003424679764462613
30.0	29.24832683228186	20.700760687070165	20.5979918616439	29.451909336007315	0.0010112829967596246
31.0	29.248041003845238	20.699226553238336	20.51444304952563	29.53738702003607	9.023733547195819E-4
32.0	29.32724809086917	20.66508571753402	20.621262731596556	29.385067255261077	0.0013362047391784967
33.0	29.436493287331672	20.594724724437953	20.56139216416536	29.403524520349915	0.00386530371510256
34.0	29.264114617392327	20.721631248166876	20.62469400401946	29.387049394170756	0.002510736250580608
35.0	29.22558939537579	20.792816316950493	20.5439380797914	29.436441385026413	0.001214822855906423
36.0	29.260014030875293	20.712020887959227	20.552240152608785	29.4706843089886	0.00504061956809946
37.0	29.262214201066627	20.759755885868344	20.480189129973	29.496939327657557	9.014554344703152E-4
38.0	29.26280578111435	20.610680111982393	20.52713437423105	29.597847635230814	0.001532097441397273
39.0	29.305363398844587	20.61240363214654	20.55148082295454	29.529889480941396	8.626651129368523E-4
40.0	29.215995143618763	20.673696428395775	20.644070067164012	29.465254718788454	9.836420329913539E-4
41.0	29.2783102587234	20.633323649485483	20.521516372955954	29.565885254636193	9.644641989713167E-4
42.0	29.20160268762312	20.79729857771752	20.57190438598336	29.427658483023134	0.001535865652869316
43.0	29.262499949566113	20.640702590308102	20.521488751344805	29.571250264332892	0.004058444448083596
44.0	29.278156070703538	20.625607289669187	20.606441013161795	29.488556016542116	0.0012396099233635005
45.0	29.343682138946868	20.598317165619527	20.599586379846603	29.453433248431683	0.004981067155322127
46.0	29.273835722815573	20.63980034776517	20.643048016420213	29.442353640804956	9.622721940864524E-4
47.0	29.26945983903373	20.681925456486393	20.55504144031968	29.49207482435023	0.00149843980996883
48.0	29.22925502050554	20.660179236467414	20.53868562514206	29.566100489762775	0.005779628122213394
49.0	29.27419679511032	20.673258629839513	20.592544697048258	29.458535900986355	0.0014639770155608555
50.0	29.26077804707316	20.64358735774645	20.549043837937305	29.54546290405034	0.001127853192743981
51.0	29.29838796514202	20.549372648556293	20.58308042236235	29.564132366091062	0.005026597848271158
52.0	29.22898676758225	20.63790658441482	20.638005631311298	29.49418483289922	9.161837924115716E-4
53.0	29.33803796468292	20.6345529127947	20.521407855954674	29.504981045030338	0.001020221537374323
54.0	29.23815952261208	20.640835413856824	20.609474382614085	29.509630012356848	0.0019006685601660384
55.0	29.19682780454904	20.69068932429582	20.547122517464445	29.563324123371427	0.0020362303192683444
56.0	29.240168753682894	20.597758575903278	20.63290717031326	29.528457979868016	7.07520232551793E-4
57.0	29.251767039380894	20.609455845354077	20.65378424845448	29.483011425296606	0.0019814415139432517
58.0	29.29138599656888	20.614306807636304	20.58151762826979	29.51054233404819	0.0022472334768328106
59.0	29.307043717402976	20.668987929552813	20.552214421630932	29.471035009200918	7.189222123598647E-4
60.0	29.279560568578166	20.666447584281105	20.58386574397358	29.467596243726657	0.002529859440493188
61.0	29.249127888868127	20.70923918686019	20.557683922008348	29.482988641790737	9.603604726011753E-4
62.0	29.290447499473395	20.619905390911775	20.614867716678067	29.47365700955827	0.0011223833784940382
63.0	29.348074883716045	20.577351140790206	20.508840730357726	29.56184836362491	0.0038848815111139114
64.0	29.29415236725596	20.579826981617984	20.61192608337108	29.51354022471483	5.543430401439392E-4
65.0	29.24028704845974	20.6599799153172	20.618716566464528	29.479237419325372	0.0017790504331589509
66.0	29.183734201121847	20.66351949078153	20.597965199059054	29.51631404299015	0.03846706604741814
67.0	29.231582514693326	20.639645118784212	20.63628572280898	29.488294117536395	0.004192526177085318
68.0	29.200025198866914	20.655094835070443	20.58358088336088	29.55759495741472	0.0037041252870359132
69.0	29.256582002541474	20.64990142332906	20.568042115240168	29.52487595281487	5.985060744285831E-4
70.0	29.31102499626993	20.53370821122197	20.615564459057502	29.539017916662676	6.844167879225076E-4
71.0	29.172763905631133	20.640909247459962	20.665128293438954	29.50130532116411	0.019893232305837782
72.0	29.237200358622623	20.56098428765905	20.661871165958914	29.539084513975105	8.596737843034104E-4
73.0	29.161835776440032	20.6423369401809	20.650795941800954	29.536265247490007	0.008766094088107064
74.0	29.246022823092922	20.617432120973636	20.605767609196697	29.53049637416381	2.810725729383327E-4
75.0	29.182291560519293	20.60017708213033	20.649684218630764	29.56730932534426	5.378133753620333E-4
76.0	29.1924821273194	20.623174671597692	20.59164303219192	29.592358053454397	3.421154365906144E-4
77.0	29.2189503802217	20.628197109959046	20.604592983888892	29.54780007822097	4.5944770939472935E-4
78.0	29.187581899610933	20.621529980935783	20.657580999782134	29.53290205204367	4.0506762748707906E-4
79.0	29.198493700965766	20.62598811881419	20.66336280647171	29.51186383952324	2.915342250976567E-4
80.0	29.296076534552334	20.55702418915949	20.63169333519835	29.51500024096301	2.0570012682882106E-4
81.0	29.155438966890646	20.612501329547296	20.707576923384597	29.495654935738795	0.028827844438670317
82.0	29.161906867255365	20.575298433448445	20.692013096418798	29.553604502491424	0.01717710038596198
83.0	29.232651521633553	20.606104610875644	20.584051077429592	29.576499851168776	6.929388924305765E-4
84.0	29.235984273812388	20.63355667501552	20.62747962593332	29.502462876066787	5.165491719868699E-4
85.0	29.226975322738607	20.581488912014933	20.698583674476563	29.49267621305729	2.7587771260592555E-4
86.0	29.181947459022528	20.592621549953268	20.678383676185963	29.546892677034	1.5463780424214795E-4
87.0	29.221784829350174	20.551196197346336	20.66671953680761	29.56014332387499	1.5611262089361362E-4
88.0	29.174398172054605	20.616937876211427	20.66255454612517	29.53917390638211	0.006935499226691836
89.0	29.155177486343533	20.62824217769904	20.63667995909109	29.579613810705858	2.8656616048469165E-4
90.0	29.158331363097567	20.627902076869752	20.671906689633985	29.54173120194032	1.2866845837494954E-4
91.0	29.15926190193691	20.587071744002913	20.717813856648522	29.535592443482965	2.6005392868346075E-4
92.0	29.152419838485745	20.59499026478151	20.730149601965117	29.522144541294576	2.957534730494648E-4
93.0	29.22594317429685	20.573267624128462	20.71192281826567	29.488534115889557	3.3226741945173216E-4
94.0	29.16644822714484	20.607517276885872	20.66495006808592	29.56078197316084	3.024547225280376E-4
95.0	29.225112300963524	20.593570648705313	20.656032799939883	29.525114239092332	1.7001129895092827E-4
96.0	29.106032254300924	20.638581331134358	20.777933071929798	29.477246844624354	2.0649801056374988E-4
97.0	29.126667893109897	20.62236419231745	20.658739383600782	29.591880109599426	3.4842137244572293E-4
98.0	29.099400814654896	20.60958294201169	20.70650012158765	29.58155143016369	0.002964691582075898
99.0	29.146097002282062	20.65698488947627	20.673326196079948	29.523484638814214	1.0727334750771832E-4
100.0	29.163136488035097	20.517960134993306	20.755383907605935	29.55822646725825	0.005293002107412415
101.0	29.09595691454237	20.612514725325795	20.729802588715952	29.56095365695469	7.721144611891152E-4
102.0	29.08318675189841	20.56014937316618	20.75910219415154	29.5972632328994	2.984478844708239E-4
103.0	29.080600537281377	20.573658065166008	20.79276646891622	29.55286132248167	1.136061547270385E-4
104.0	29.061086264389544	20.61343600091856	20.74798910804522	29.577257832294823	2.3079435184675872E-4
105.0	29.20113359190613	20.56455191335661	20.757914638136867	29.47628257229502	1.1728430536610883E-4
106.0	29.114786471690945	20.52253578680082	20.79883707803534	29.563721413886697	1.1924958620393587E-4
107.0	29.106403872349652	20.548803965534535	20.82787328149924	29.51667621164617	2.426689704040924E-4
108.0	29.097463559252247	20.50086469570946	20.864201597628263	29.53730544346537	1.647039446594746E-4
109.0	29.109043189385503	20.566136238309188	20.830525076232114	29.494085663662144	2.098324110499426E-4
110.0	29.078406778906952	20.54894669926985	20.824998588298104	29.547562375834403	8.55576906952589E-5
111.0	29.049122523745208	20.57852556060074	20.864842691407212	29.507029192477464	4.8003176937528225E-4
112.0	29.057909046224655	20.554193168596164	20.83431557397687	29.553225707981973	3.565032203381522E-4
113.0	28.9819718923114	20.569295240038496	20.88433053519564	29.5640379718413	3.6436061316425785E-4
114.0	29.028001861728026	20.601073521950546	20.82489087506342	29.545707612725163	3.261285328455693E-4
115.0	29.080064202088714	20.508179088530675	20.843976045847732	29.550704625078406	0.017076038454475424
116.0	28.99300404663578	20.589306304276313	20.90266518793468	29.51482894788936	1.9551326386421213E-4
117.0	28.92138719626871	20.53015371498784	20.9826224328594	29.556057072644748	0.009779583239298879
118.0	29.023677660749314	20.46803144933986	20.946653150702996	29.561174158136776	4.6358107105770656E-4
119.0	28.97115164563185	20.55847862755236	20.876596682460438	29.593561142237178	2.1190211817357325E-4
120.0	28.926790450639032	20.51227649535333	20.915120730551966	29.64564869866477	1.6362479090115264E-4
121.0	28.886287740171117	20.526400753270668	21.077685537619377	29.509288482079725	3.374868591054236E-4
122.0	28.95882860084169	20.58099381162522	20.95443422731297	29.5049881135798	7.552466403143685E-4
123.0	28.90946044536004	20.542162809900468	20.980203148794292	29.568053403781967	1.2019216323057304E-4
124.0	28.839261749772856	20.60422332337151	20.97400854528935	29.58244410719412	6.227437216534842E-5
125.0	28.846086703520513	20.576988976174313	20.99065722690977	29.586008469918855	2.586234765460835E-4
126.0	28.968213658890335	20.512351338933442	21.06101570178383	29.458352029136524	6.72712558668944E-5
127.0	28.984454126908865	20.46754051999136	21.078812330085377	29.45839143279587	0.010801590218528796
128.0	28.899991714430897	20.601957594017378	21.042192610885476	29.455711433425453	1.4664724079550262E-4
129.0	29.026714359717715	20.44918983812134	21.006334649657443	29.517607436180825	1.537163226751559E-4
130.0	28.84774806366279	20.585530919180446	21.092703406305198	29.473856013755146	1.6159709642337146E-4
131.0	28.857033795482124	20.590330320504954	21.039272422395815	29.512681826237507	6.816353796027429E-4
132.0	28.75952456821807	20.55456208876568	20.976211259684796	29.696522725816106	0.013179357515348083
133.0	29.12203141144071	20.399383908646403	20.764660016669804	29.713732614816152	1.92048426931335E-4
134.0	29.25809436087639	20.41038879424803	20.944656145614807	29.386758014780405	1.0268448037032131E-4
135.0	28.890210885427415	20.511855476100866	20.819900291047716	29.777371122812866	6.622246111361898E-4
136.0	28.734898727370496	20.696540598673597	20.66857859831511	29.899982075640796	0.0
137.0	28.019726730293147	21.02933067042464	20.689861957211818	30.260950277741205	1.3036432919078948E-4
138.0	28.308005158503345	21.16537368990961	21.03353888839423	29.49236420871833	7.180544744846523E-4
139.0	28.36090278545153	21.31856129578827	21.880520096152768	28.438894787667973	0.0011210349394561057
140.0	27.523505523096336	22.1070508421794	22.42770003458159	27.920560113123443	0.0211834870192299
141.0	28.248708042747477	21.318339939457793	21.20210559764521	29.23063736557791	2.090545716053719E-4
142.0	28.744796059971158	21.442830250753843	23.200110819495325	26.612015504834748	2.47364944924195E-4
143.0	30.16126931035632	19.817674486243785	21.980252613847405	28.03898578782012	0.0018178017323650512
144.0	32.78041267357716	19.09715431253667	20.046939174652845	28.07335468413847	0.002139155094856249
145.0	26.905815774224173	20.801225541568545	19.625001541174004	32.66795714303328	0.0
146.0	27.452274099479013	21.20947110925761	19.477520431727218	31.860734359536153	0.0
147.0	27.614368819811787	20.57099599190843	19.94056967671412	31.871238487730718	0.002827023834952066
148.0	29.726961375023787	20.071034439018202	20.792795078328155	29.40920910762986	0.0
149.0	32.14579459590933	19.980989992543215	19.95122684955531	27.92134849440101	6.400675911376241E-4
150.0	24.19069903088367	25.07031205478809	25.728680949204357	24.99891054027146	0.011397424852420108
