# Position (bp)	A	C	G	T	N
0.0	26.52403821654648	23.134387326343827	24.913779544745562	25.41533649862456	0.01245841373957231
1.0	28.848308408381296	19.472614223463374	19.871526058750284	31.788451831050402	0.019099478354641576
2.0	29.475387330070703	20.155977808104673	19.03175511517327	31.33609162272623	7.881239251256289E-4
3.0	31.91099118427437	19.307746940541374	19.86209867367117	28.917922536100665	0.0012406654124205443
4.0	32.371243420528316	18.901635211154954	20.210805166438643	28.516294720519287	2.148135879905456E-5
5.0	32.98351945797188	19.04502155668539	19.876396612315673	28.093078289881223	0.0019840831458355743
6.0	29.12928944572963	18.90474941953341	18.453225297289517	33.51261491431743	1.2092313001982144E-4
7.0	28.957221297779313	20.971236813771473	19.138520460205076	30.93294477774165	7.665050249514419E-5
8.0	28.578787720437298	20.739293946912046	19.164978164991425	31.51689478958292	4.537807630564602E-5
9.0	31.817896789401818	19.17843966472146	19.499104770067525	29.5045219397355	3.683607369164217E-5
10.0	29.9445855503775	21.03818308052226	21.067425018733072	27.9497497293231	5.6621044071669103E-5
11.0	29.095881907225916	21.041030403139967	20.220815628301565	29.6422564995787	1.556175384927055E-5
12.0	29.90143989349225	20.037846390906118	19.84769256067519	30.21298863477137	3.252015507306643E-5
13.0	30.044707028035816	19.988428785840046	19.800403621699587	30.166355988234052	1.0457619050277193E-4
14.0	30.024635807807364	20.073852618171138	19.91571263154814	29.985606841593725	1.9210087962992785E-4
15.0	30.190750183174035	20.101950607750105	19.838438645243613	29.868538667153764	3.2189667847947476E-4
16.0	30.219485854337876	20.043889578052145	19.908247740922185	29.82722096872555	0.0011558579622461226
17.0	30.19150844523559	20.077487550593876	19.965006395973393	29.76595387359877	4.3734598367407196E-5
18.0	30.194907548263267	20.016989073307453	20.004733947710466	29.78333417431606	3.525640275312454E-5
19.0	30.12057834518403	20.048099738935765	19.893144718064516	29.938043114610036	1.340832056578935E-4
20.0	30.02099809708851	20.154176756028576	19.868363555024555	29.956376831541544	8.476031682445812E-5
21.0	29.93368830129287	20.188393236326917	19.857446285190996	30.020368957315966	1.0321987324740963E-4
22.0	29.909622177006696	20.087791191539743	19.8438155835805	30.15872433989059	4.6707982472051114E-5
23.0	29.98210149326142	20.000143108706506	19.914443664194994	30.103266392464718	4.534137235865252E-5
24.0	29.981103110365222	20.0377075348514	19.941729412790693	30.039414550193655	4.539179902962547E-5
25.0	30.004509671151908	20.0033023296578	19.993353585785066	29.998784705191735	4.970821349689059E-5
26.0	30.01424753332274	20.006957251086373	19.966239855916676	30.012444444090526	1.1091558368501157E-4
27.0	29.9556697386273	20.045785393125485	19.96632551752928	30.032076969920208	1.4238079772828588E-4
28.0	29.951923556673183	20.03309683572183	20.013067954217256	30.001810439822833	1.0121356489856547E-4
29.0	29.927272012105792	20.05604235965925	19.979693229351415	30.03694244618589	4.995269764976553E-5
30.0	29.930391986753175	20.047301400229646	19.97586076189851	30.04636149717892	8.435393975218586E-5
31.0	29.939188018315022	20.019099499941483	19.97020923729056	30.07133280527744	1.7043917549318402E-4
32.0	29.926755381714205	20.06993798173207	19.993545996433653	30.009687462222807	7.317789726181939E-5
33.0	29.9845156392044	20.041857005000487	19.99163866077995	29.981928324334866	6.037068028916693E-5
34.0	29.896509890187872	20.07909063011741	20.00844308827301	30.015887273122242	6.911829946865452E-5
35.0	29.887792673587988	20.084274436438836	19.985156892448895	30.042614427329738	1.6157019454609423E-4
36.0	29.9200040379502	20.046574032115146	20.01748622076235	30.015879337444872	5.637172742789669E-5
37.0	29.952455252598703	20.063356022950575	19.957921937043583	30.02615528743303	1.1149997410883717E-4
38.0	29.953035831847274	19.999517474033727	19.97272611197971	30.074460894382334	2.5968775695396303E-4
39.0	29.96206575994037	20.044453726551122	19.96096273055716	30.030616659702908	0.001901123248439411
40.0	29.89355266211969	20.070924704816623	20.024709535696406	30.010488397218765	3.2470014851318854E-4
41.0	29.930459968146074	20.034900277856135	19.969868504885667	30.064011266300284	7.599828118436305E-4
42.0	29.885261558782766	20.10032835246298	20.000327903860107	30.013976975099453	1.0520979468703103E-4
43.0	29.887094611051822	20.056684171649305	19.99354352124367	30.062595731326702	8.196472849893558E-5
44.0	29.86691527554045	20.084193337125576	20.0147724793449	30.034064653469123	5.425451994772269E-5
45.0	29.872104967907852	20.0682591159625	20.034979862945352	30.02445188598787	2.041671964242363E-4
46.0	29.90285215133127	20.044580991639087	20.05503182286939	29.99744821368115	8.682047910277422E-5
47.0	29.915087462213712	20.068060646758212	20.00165113445468	30.015127045213813	7.371135958391412E-5
48.0	29.908099907051955	20.05425744957054	19.98417499668971	30.05339380573017	7.38409576238854E-5
49.0	29.919162768424783	20.046484492800897	20.022915436753795	30.01135001469978	8.7287320744391E-5
50.0	29.91919871422219	20.074294292037823	19.99865280553248	30.007794905722697	5.928248481942296E-5
51.0	29.92673790656322	20.06689762299354	20.01254124395134	29.993747494342436	7.57321494646138E-5
52.0	29.903805489107636	20.053929216048143	20.053625743153425	29.988533931222538	1.0562046825897407E-4
53.0	29.919560185469784	20.0639970509579	19.993810361696536	30.022540005868937	9.23960068412984E-5
54.0	29.87384035889186	20.06457576077523	20.01837385198328	30.042648593480976	5.614348686501473E-4
55.0	29.849756562930885	20.07216222116893	20.02378973666311	30.053932244274627	3.592349624469242E-4
56.0	29.87369939476171	20.050718357869155	20.022596474561894	30.05284181947475	1.439533324889071E-4
57.0	29.89137794525258	20.05467368779649	20.048186663332714	30.005658043431094	1.0366018712376422E-4
58.0	29.897993978987834	20.067595742432	19.9979818256824	30.035460463873285	9.6798902447978E-4
59.0	29.91635502926377	20.065843691418326	19.99690568619305	30.02022435901932	6.712341055346238E-4
60.0	29.922388488230204	20.032271640291192	20.014218199264835	30.03099624862582	1.2542358794573541E-4
61.0	29.919832275092755	20.06896907681791	20.02431074868394	29.98665322213184	2.346772735545617E-4
62.0	29.919975202361975	20.046132488157482	20.028534937394397	30.00527850690992	7.886517621998968E-5
63.0	29.935222462177297	20.075427069940698	19.982854086155125	30.00644016362325	5.621810363330311E-5
64.0	29.903226968176423	20.03478298353539	20.023881526828617	30.038032415227324	7.610623224498681E-5
65.0	29.88136354002671	20.055333161458318	20.007143904801698	30.05607856996002	8.082375325319419E-5
66.0	29.868992548060508	20.043921811938684	20.027727756087664	30.059273850223946	8.403368919767246E-5
67.0	29.87706725342838	20.056247880482424	20.03886693699846	30.02774138803259	7.654105814675698E-5
68.0	29.857358076047603	20.125742385195146	19.995023475058403	30.021813174559835	6.288913901041363E-5
69.0	29.867042063570366	20.08751628569137	20.013926014169435	30.031424968412136	9.066815669793335E-5
70.0	29.898511164717245	20.042388274226973	19.980072864363464	30.078938395336547	8.930135577010395E-5
71.0	29.832326661844842	20.104841826708626	20.01615004096131	30.046605880456838	7.55900283794277E-5
72.0	29.879475273432206	20.05519381339368	20.03172405399473	30.03351566345991	9.119571947695886E-5
73.0	29.869752917739184	20.09496674221772	20.023329615643398	30.011868635674706	8.208872499436104E-5
74.0	29.89874740580377	20.06986778055969	20.007545144178852	30.023766723027357	7.294643032995859E-5
75.0	29.867397641686477	20.085810719551787	20.039556379465363	30.007143506411154	9.175288522001758E-5
76.0	29.852550317186733	20.093089950648068	20.016240297189807	30.0379932271588	1.2620781659542418E-4
77.0	29.881496802529217	20.10743366935959	20.005808828742136	30.005127999292974	1.3270007608085657E-4
78.0	29.859988247725333	20.086073116518403	20.025525312348517	30.02833510839693	7.821501081213024E-5
79.0	29.87620518679955	20.10131131533556	20.026818761377914	29.995523675852066	1.4106063491391775E-4
80.0	29.894409718510357	20.066535089688582	20.007041037735323	30.03192777830729	8.637575845179337E-5
81.0	29.845732901277838	20.099161928767487	20.044786816171083	30.010217656216938	1.0069756665903568E-4
82.0	29.83654127270438	20.085859876764356	20.046920939090963	30.03059278522539	8.51262149047868E-5
83.0	29.861189794495345	20.107683572067213	20.006199579351716	30.024837017390084	9.003669564000144E-5
84.0	29.868632957984985	20.116008292601006	20.023129363433053	29.99215658444836	7.280153259254187E-5
85.0	29.86633592846342	20.096139026758582	20.024249391668018	30.013191606904925	8.404620505139576E-5
86.0	29.83956516213801	20.110566288402953	20.018840571558247	30.030935819995147	9.215790564358808E-5
87.0	29.842853819144864	20.10804785004873	20.029699077222027	30.01931487577852	8.437780586055124E-5
88.0	29.854093695407656	20.111581715542197	20.02053604619468	30.013680062094387	1.0848076108059983E-4
89.0	29.812046326822568	20.111825966483796	20.04730483781226	30.028554323900288	2.685449810925152E-4
90.0	29.835892337397635	20.126468481486658	20.00705882812753	30.030440996074525	1.39356913655065E-4
91.0	29.827412368413786	20.125251263298257	20.02641354263435	30.02066121008276	2.616155708451756E-4
92.0	29.832382542431347	20.13884612187051	20.046321392088416	29.98194813201357	5.018115961550874E-4
93.0	29.82301632299553	20.162324214576106	20.0409211093358	29.973644878068278	9.347502427933174E-5
94.0	29.83734601704906	20.14275155925468	20.018916589124792	30.000824328252417	1.6150631904778717E-4
95.0	29.877378321778973	20.15893165022652	19.98931409395489	29.97422217766704	1.5375637257447906E-4
96.0	29.83546198055184	20.15713013706561	20.00651887162902	30.00073657184285	1.52438910674139E-4
97.0	29.822880912123374	20.165408847773804	19.980469607604253	30.03111712732957	1.235051690000856E-4
98.0	29.813789839654913	20.176680991201668	20.018001025586805	29.99143531111068	9.283244593658216E-5
99.0	29.80428049609062	20.171824362468456	20.013498853552207	30.010285307107488	1.1098078122962464E-4
100.0	29.802701433421998	20.146589232968985	20.039253931568247	30.011335989739045	1.1941230172446086E-4
101.0	29.79921113425737	20.17350875879792	20.034273820798894	29.99291612294156	9.01632042520836E-5
102.0	29.782013509864758	20.162625235665498	20.047773656356878	30.007393714187852	1.9388392501312456E-4
103.0	29.806438461867746	20.16625398571759	20.05231975183044	29.974630386978628	3.5741360559619445E-4
104.0	29.780600734319655	20.19958538360057	20.032728772330614	29.98692661850393	1.5849124523252967E-4
105.0	29.791715519233193	20.182938096592533	20.053063008968177	29.972122866032606	1.6050917348812727E-4
106.0	29.79873489653608	20.170790791643956	20.045122808425557	29.98516578552936	1.8571786504711845E-4
107.0	29.801036153591156	20.156247133942863	20.056925377641658	29.98532611975274	4.6521507158596605E-4
108.0	29.768045798404852	20.191520614220256	20.07850435883928	29.961834329644056	9.489889155763811E-5
109.0	29.809172736473872	20.16685559904467	20.030632406780473	29.992186308570567	0.0011529491304160663
110.0	29.759416103673065	20.191851678945916	20.06605006804116	29.982448040720723	2.3410861914191465E-4
111.0	29.7982762823766	20.16118838917495	20.02791469156029	30.01199216919195	6.284676962073634E-4
112.0	29.7899872446998	20.151839214524095	20.010356070977885	30.047721735765503	9.573403271802943E-5
113.0	29.75983232551555	20.16258237020832	20.088419303371836	29.988812498758534	3.5350214575802474E-4
114.0	29.77308533332492	20.20575723406976	20.05489950147815	29.96613646757435	1.2146355281128152E-4
115.0	29.80323890295517	20.159599734107537	20.110269952545533	29.92673076562114	1.6064477061533203E-4
116.0	29.750316467216447	20.21479129772608	20.09454629688445	29.94024594585379	9.999231923405477E-5
117.0	29.732893898160874	20.181191762890354	20.081148888100536	30.00458880168648	1.7664916175386662E-4
118.0	29.724659629223147	20.20801433918381	20.10047590957148	29.966775198962015	7.49230595519298E-5
119.0	29.77401814264781	20.192978062402247	20.05743121196626	29.9754855287534	8.705423027912727E-5
120.0	29.719335768340372	20.209207053695277	20.104079532070955	29.96728181405965	9.58318337505241E-5
121.0	29.755864654444125	20.209848692804957	20.103427699308895	29.930692525873436	1.6642756858604494E-4
122.0	29.691147472814983	20.233883127282386	20.11420595768598	29.960649903043567	1.135391730876653E-4
123.0	29.715453269923337	20.196223101067847	20.120114753966593	29.967962223628387	2.466514138352263E-4
124.0	29.682201095645055	20.169612666622193	20.11737206352388	30.030658541826256	1.556323826166099E-4
125.0	29.674964311224844	20.209221825560853	20.12817448421945	29.98753189834883	1.0748064602941184E-4
126.0	29.688339776542826	20.21842517542175	20.1367681428493	29.95636436027697	1.02544909151902E-4
127.0	29.76970424072126	20.166029205581196	20.116838426054674	29.94733577186282	9.235578004554395E-5
128.0	29.783869426618313	20.126077259911984	20.197813771533557	29.89209625762882	1.4328430732617732E-4
129.0	29.684651349711032	20.137051541375193	20.27452391834521	29.90364354096816	1.2964960040503937E-4
130.0	29.610070287300122	20.14339994487415	20.287750807977403	29.95863488132876	1.4407851956017888E-4
131.0	29.558630130638065	20.196354884383915	20.187465303985324	30.057426336963378	1.2334402931640887E-4
132.0	29.399744396577145	20.307779063968695	20.157704869776573	30.13464974002743	1.2192965016139155E-4
133.0	29.405337528548557	20.28650073666038	20.241789992208407	30.066228188979494	1.435536031635386E-4
134.0	29.44092759198706	20.23401410482727	20.187326048593405	30.137252290566096	4.799640261629457E-4
135.0	29.473637308014993	20.18562795905884	20.250964527435492	30.089338717401297	4.3148808937751564E-4
136.0	29.552846068659626	20.225161901215095	20.283284849252087	29.938422799276797	2.843815963898633E-4
137.0	29.760773604047614	20.169358230179935	20.19494608094852	29.874800058464984	1.2202635894968681E-4
138.0	29.7928375429535	20.175324781823846	20.286917323240143	29.74479432991429	1.2602206822845576E-4
139.0	29.222423482974495	20.595720986835307	21.21133860441386	28.970397686910538	1.1923886579990852E-4
140.0	27.653827432009187	21.355285373151787	21.161892583365933	29.828860460736355	1.341507367349984E-4
141.0	29.15848256302419	19.80856556938455	19.455431481154193	31.57737847345221	1.419129848525355E-4
142.0	31.008205502216818	19.543937352735004	20.938927870662276	28.508785031193778	1.442431921230217E-4
143.0	30.541662458241305	19.486888256814755	21.12567291438868	28.84561878365488	1.5758690038001166E-4
144.0	32.81361541065313	18.919321121802536	19.159635900855637	29.10720281504019	2.2475164850728615E-4
145.0	27.7126494879271	20.32999295936484	19.1901873929909	32.76562995706393	0.0015402026532298225
146.0	28.12337631842291	20.587748558840858	19.09163389656177	32.197084434391186	1.5679178327433356E-4
147.0	28.449494552828597	20.21587542159761	19.57409246801246	31.759054359600047	0.001483197961285187
148.0	30.764799976734952	19.316195064466502	20.25154157914269	29.666630321342208	8.330583136464929E-4
149.0	31.238083214321527	20.23300793750674	19.806332238197896	28.70930743904753	0.013269170926304965
150.0	24.735603662222445	25.405884746149198	23.443176726082992	26.402494473099818	0.01284039244554221
