# Position (bp)	A	C	G	T	N
0.0	27.01461299691909	24.217914368499834	25.001172326446998	23.754782432152926	0.011517875981152453
1.0	28.72260254156936	19.002570041371	19.372929381679292	32.88132629555792	0.020571739822435143
2.0	29.71193439197003	20.153067835879877	18.658206226650208	31.470316251377312	0.006475294122575896
3.0	31.979461095556577	19.34966484986704	19.690021803375622	28.980436892296545	4.1535890421200627E-4
4.0	32.30212183329066	18.99339000598068	20.25830190606487	28.44553646385737	6.497908064187969E-4
5.0	33.07843363417848	18.972860378812243	19.798257271653778	28.148301191439067	0.0021475239164321074
6.0	28.95553932717728	18.893937922846625	18.218301443202865	33.921408935638624	0.010812371134603836
7.0	28.79798224307097	21.081114917726275	18.85368333344544	31.263835682186514	0.0033838235708051867
8.0	28.34643947628922	20.773534420564253	18.94144081285964	31.934478012059937	0.004107278226950663
9.0	31.97810101552036	19.082283592772416	19.37426523574689	29.563350028222363	0.002000127737967077
10.0	29.916048605805496	21.136586590298627	21.110776493393647	27.836165155674287	4.231548279439264E-4
11.0	29.05059928605252	21.067935310671437	20.17990703188897	29.701106707110682	4.5166427639479253E-4
12.0	29.907077138267272	19.9841303925097	19.802780786201062	30.30510708948248	9.045935394773621E-4
13.0	30.051725331871125	19.94829927836802	19.73793388393626	30.255210406587285	0.006831099237308767
14.0	30.052861757325307	20.038500649402547	19.856577625329898	30.05184385378421	2.161141580344093E-4
15.0	30.220446490801965	20.06582976801377	19.776553631505468	29.936225860929046	9.442487497528957E-4
16.0	30.274318649343613	19.990024297597202	19.849029649786544	29.88343461672312	0.003192786549520582
17.0	30.229440680409848	20.01937067829121	19.91438777001972	29.832305857448194	0.004495013831030031
18.0	30.270601990634933	19.943592232797375	19.962858116886082	29.8179420150571	0.005005644624517182
19.0	30.183385174537452	19.978099742191876	19.830317338639606	30.007736526383937	4.6121824712834573E-4
20.0	30.07019613923314	20.096698280838414	19.80715046124348	30.02542320948423	5.319092007327904E-4
21.0	29.98717351796425	20.12088494353149	19.805423705216956	30.08592680520615	5.910280811513451E-4
22.0	29.965201480981246	20.012281333099104	19.780694018570088	30.23844846529467	0.003374702054891882
23.0	30.026186555049854	19.928265389914575	19.872743700631045	30.172171583406016	6.327709985011788E-4
24.0	30.033420870416695	19.966091205756832	19.899578864975066	30.098508555975172	0.0024005028762359598
25.0	30.049357794612153	19.938432084022313	19.94821407967569	30.062382395206384	0.0016136464834591343
26.0	30.070563910485788	19.950360243881455	19.92535067424506	30.051088829947503	0.0026363414401923482
27.0	30.007880556626453	19.98629169125251	19.912134630301345	30.088134279296096	0.005558842523593835
28.0	30.018196650715822	19.975111731111426	19.957654719180606	30.048769766166878	2.671328252667937E-4
29.0	29.990488214327193	19.996057037057195	19.92891554264619	30.084075891847288	4.6331412212864405E-4
30.0	29.974859211143727	19.975897338111327	19.941752730368183	30.107269009843485	2.2171053328129417E-4
31.0	29.98829180029641	19.956133963324916	19.92425789749736	30.13113106470448	1.8527417683262217E-4
32.0	29.988937025372937	20.000083519289667	19.94976433699919	30.060679738276246	5.353800619634606E-4
33.0	30.03762421079456	19.97233476926881	19.946566753889268	30.029741297099687	0.013732968947679057
34.0	29.960033344678706	20.026615900825913	19.953249584151177	30.059977593704566	1.2357663963798803E-4
35.0	29.932249606767307	20.02502065827702	19.925559154963977	30.116862586688754	3.0799330294577714E-4
36.0	29.973801579245457	19.98736395625857	19.968558108762718	30.069882145868576	3.9420986467889675E-4
37.0	30.008986043744724	20.000530024030997	19.906360140742983	30.08350446992334	6.193215579581098E-4
38.0	30.028882580408844	19.931628732320917	19.92703742995378	30.11122121873545	0.001230038581007774
39.0	30.007213934364962	19.989100410513743	19.910801544856543	30.091824698979785	0.001059411284968259
40.0	29.95179835015689	20.004247980723225	19.975809234806448	30.055351856210024	0.012792578103411108
41.0	29.983379495289842	19.96653859123082	19.91949971209655	30.130307760065218	2.7444131757318E-4
42.0	29.943829001310284	20.042236977979414	19.945556311204854	30.068123978315636	2.537311898138566E-4
43.0	29.95415825393099	19.993666244893518	19.946184615901252	30.105168942032023	8.219432422168101E-4
44.0	29.94201236211452	20.00381491381316	19.96122936305535	30.091530587512526	0.001412773504443437
45.0	29.943162592147914	19.9992112138101	19.97095783966425	30.078247249152295	0.008421105225441278
46.0	29.961173825205044	19.96281979374918	20.016829318000976	30.058831942575075	3.451204697267641E-4
47.0	29.97746113280425	20.00066343960489	19.94096425858694	30.08063264897093	2.7852003298703317E-4
48.0	29.964467538172922	19.972732713997594	19.949432036973622	30.113221492775498	1.4621808036363495E-4
49.0	29.981442336431524	19.97870370573486	19.968715859411958	30.06983600189183	0.00130209652982635
50.0	29.97453484500538	20.014485980034905	19.94802597171806	30.057843255707716	0.005109947533943617
51.0	29.977102446982844	19.979748298453867	19.973946165179708	30.069037700610586	1.6538877299446532E-4
52.0	29.957551106690026	19.98852255898047	20.014996880843643	30.038829066986132	1.0038649972543676E-4
53.0	29.985253288728337	19.99452158019851	19.923303479984128	30.096777293826566	1.4435726245995496E-4
54.0	29.954818312721894	19.985886661928568	19.957856713195582	30.101317211110185	1.2110104376989624E-4
55.0	29.928912365733705	19.996984976716874	19.964030099860683	30.108433729270644	0.0016388284180945875
56.0	29.946094987492494	19.986998083225327	19.95632118002618	30.110311023315123	2.747259408741776E-4
57.0	29.96428179675452	19.973178752126834	19.998824638593916	30.063581884007185	1.329285175468221E-4
58.0	29.961618125939015	19.995876506041885	19.96071211723816	30.081633941606256	1.5930917468195619E-4
59.0	29.98302835877484	19.995229311031235	19.95253199385992	30.069003993812494	2.0634252151645994E-4
60.0	29.98822477307218	19.967650203762332	19.96147190754936	30.079247716167362	0.003405399448766106
61.0	29.989127194808816	19.989277987957323	19.969529776990445	30.051471499397568	5.935408458454903E-4
62.0	29.992589288083288	19.978612090847303	19.946767675638057	30.081648772351993	3.821730793586472E-4
63.0	30.007478615188553	19.997192264090177	19.914072136561337	30.081069985835878	1.8699832404948358E-4
64.0	29.99495872736549	19.959911049793693	19.944193959826663	30.099688625503777	0.0012476375103795112
65.0	29.946830512773065	19.97550265806516	19.947837464136995	30.12960587785117	2.2348717361468878E-4
66.0	29.942183280081185	19.982390431839487	19.962917791699812	30.112200738229816	3.077581496959479E-4
67.0	29.953447959479206	19.966967734273858	19.985620513319375	30.093805242094806	1.5855083275508603E-4
68.0	29.949911793750882	20.04721906474643	19.926317130674246	30.07633814605219	2.1386477625052666E-4
69.0	29.945365259703166	20.018411438481564	19.94916586508327	30.08659344581517	4.6399091683267706E-4
70.0	29.96832447706663	19.962710320090633	19.922288923202636	30.1465797706423	9.650899780053453E-5
71.0	29.90767182511227	20.023503104976932	19.951908062610663	30.11597311771944	9.438895806929549E-4
72.0	29.969018706121993	19.967952274843167	19.975029963915887	30.087872918085974	1.2613703297922803E-4
73.0	29.94607671934137	20.002720705127544	19.965867587101073	30.08523480767458	1.0018075543512821E-4
74.0	29.97888894228293	19.9792425446376	19.949803806303073	30.09197713714048	8.756963591779709E-5
75.0	29.949900924004215	20.00539528707711	19.972967482412596	30.071454615081215	2.816914248674424E-4
76.0	29.94609745307614	19.98554170847993	19.94803169348099	30.11973405326262	5.950917003285181E-4
77.0	29.947045951190958	20.014981175549103	19.95591033471687	30.08189425835846	1.6828018460618858E-4
78.0	29.940693163231625	19.997762661693198	19.95948586565353	30.101480541606758	5.77767814893126E-4
79.0	29.97497886164762	20.012809701059634	19.972169135585155	30.039535800931223	5.065007763638746E-4
80.0	30.001328984084235	19.972332756441837	19.936763647733134	30.089476493623057	9.81181177402437E-5
81.0	29.935717881926323	20.014557511393892	19.98671773219092	30.06241522664377	5.91647845098602E-4
82.0	29.91288655939587	19.99491913013565	19.989177002383283	30.102609284119037	4.080239661619896E-4
83.0	29.958561509595285	20.016469397283828	19.918173926059946	30.10669202249784	1.0314456310574117E-4
84.0	29.965896394673454	20.013307139304796	19.94167295433677	30.078920143916026	2.0336776895441046E-4
85.0	29.953812448071076	19.995415206720924	19.95466351358479	30.095959784511983	1.4904711122746764E-4
86.0	29.925330932437678	20.017813727752035	19.942309132332518	30.11284711610372	0.0016990913740501739
87.0	29.93915311802265	19.999455928244707	19.961626939141457	30.099635344560216	1.2867003096343058E-4
88.0	29.94630573269786	20.01658413234734	19.955306496752947	30.081698301829153	1.0533637269987152E-4
89.0	29.90503738508332	20.01975411460982	19.967433277152388	30.107064110682447	7.111124720194447E-4
90.0	29.928030121452824	20.017527763108642	19.938082988710327	30.111524773767478	0.004834352960725376
91.0	29.9036620837082	20.03546522514858	19.963482765513255	30.093279630297847	0.0041102953321193285
92.0	29.914632821617737	20.046121456573122	19.970996162701297	30.068142163842886	1.0739526495858079E-4
93.0	29.90539156122068	20.066832161813434	19.972908031653976	30.052711960337874	0.002156284974041352
94.0	29.927402382082967	20.026774900046636	19.966566326097578	30.079068574776247	1.8781699656788246E-4
95.0	29.977117497697442	20.048101684463283	19.918000888561107	30.05607369147584	7.062378023257617E-4
96.0	29.9464989182482	20.02591985871023	19.94950652395446	30.07784174172042	2.329573666913416E-4
97.0	29.92490948214496	20.062429366913335	19.90975359780725	30.101999386142936	9.081669915125478E-4
98.0	29.907028966464395	20.079483819895646	19.95431376622111	30.057469855463143	0.0017035919557080476
99.0	29.90269396399722	20.073248699069513	19.948536756219827	30.075171604532823	3.4897618062078284E-4
100.0	29.896855026790387	20.03754800382122	19.963644832431008	30.097595650824367	0.004356486133021203
101.0	29.89705497174987	20.06254723511544	19.961914708469166	30.077633944148413	8.491405171121101E-4
102.0	29.90415567865799	20.040381401537104	19.972511684342305	30.08259899835306	3.522371095441577E-4
103.0	29.922165498701492	20.045341465304517	19.980772905919654	30.051592388698182	1.2774137615448368E-4
104.0	29.879551594507003	20.098330912176188	19.95347913151336	30.06844031581276	1.980459906845498E-4
105.0	29.91310723071544	20.059889995026374	19.968348761356133	30.052967442311473	0.005686570590574044
106.0	29.92083491527043	20.04095756417329	19.95957926056719	30.07846464338053	1.6361660855967048E-4
107.0	29.90592448353267	20.032308886393377	19.982461645051767	30.079183054471393	1.2193055079687712E-4
108.0	29.86534824618911	20.075234041890067	20.00422273768454	30.055103346746986	9.16274892974511E-5
109.0	29.930625430691784	20.041970998617074	19.96464157626397	30.062678344321203	8.365010597006249E-5
110.0	29.856429787297834	20.071618496243264	19.995010555380656	30.071240982951934	0.005700178126307498
111.0	29.903003814966635	20.044915187277006	19.961991343216933	30.08994420645701	1.4544808241965135E-4
112.0	29.904884228195005	20.02199213817531	19.929850742091652	30.14188591240643	0.0013869791316023072
113.0	29.883272655226396	20.030927320296822	20.002121750686193	30.083296402544562	3.818712460282562E-4
114.0	29.879822459145984	20.091311251313996	19.968531536487447	30.060249564264502	8.518878807551527E-5
115.0	29.923384661913683	20.033984113903152	20.027982139721693	30.01457130658504	7.777787643408122E-5
116.0	29.87421444159713	20.08874663846929	20.005349495289583	30.031629420248773	6.00043952184939E-5
117.0	29.846495770417153	20.059232173056305	20.00721578511194	30.086982310861405	7.396055320115997E-5
118.0	29.849298307647498	20.075837423061113	20.00759475522066	30.067095662400835	1.7385166989377385E-4
119.0	29.90008246893549	20.073934315216118	19.9616570296724	30.06425746495539	6.872122060271912E-5
120.0	29.861503167450355	20.07656333299169	20.01130708493744	30.050433005055616	1.9340956490166848E-4
121.0	29.883047166562843	20.088986277407137	20.0207439626083	30.00686494610607	3.576473156439112E-4
122.0	29.830028071678168	20.099185869486032	20.011601188281205	30.059078660721394	1.0620983320542269E-4
123.0	29.84485405352152	20.061959172865464	20.03246431036538	30.05962212298054	0.0011003402670949575
124.0	29.83162880181717	20.03749987118826	20.00779735738111	30.122952528569602	1.214410438549863E-4
125.0	29.82840024088511	20.071990476362927	19.999826383532255	30.099267958966912	5.149402527909234E-4
126.0	29.849535535575217	20.064767850681616	20.034140770771597	30.050034004869712	0.0015218381018580693
127.0	29.921339747929345	20.028208210610266	20.01885855450403	30.031529903077754	6.358387861278035E-5
128.0	29.97734144994922	19.95772662377365	20.0646081801028	30.000186373563174	1.3737261115579183E-4
129.0	29.858208835036752	19.981069403794034	20.156557225905203	30.00404813014013	1.1640512387247709E-4
130.0	29.79856992622778	19.972932850957225	20.15019633049898	30.07752109295028	7.797993657342483E-4
131.0	29.713614580514168	20.037099919129076	20.057651304429474	30.191383108230717	2.5108769656519804E-4
132.0	29.566797879124223	20.149845003751	20.028571023279408	30.242199661195695	0.012586432649676989
133.0	29.582320506022242	20.1044809255324	20.118900323161615	30.194186361372765	1.1188391097526301E-4
134.0	29.603014279704766	20.063167375207236	20.070153437147148	30.263590840583177	7.406735767484414E-5
135.0	29.673943204413	19.988872218835343	20.135757805228984	30.200263571233734	0.0011632002889409708
136.0	29.74973790635148	20.050285988794915	20.158185927008645	30.04163828352533	1.5189431962838143E-4
137.0	29.97336980007028	19.983399855266203	20.059715713434397	29.98314897329419	3.6565793492446676E-4
138.0	30.020096233238142	19.991441551286698	20.150957381378166	29.83609431673953	0.001410517357460507
139.0	29.41231847547193	20.44058127564074	21.16037644213148	28.98659604680789	1.2775994796446828E-4
140.0	27.68857753553245	21.261294892470257	21.16617954588465	29.883735603889573	2.124222230680045E-4
141.0	29.377459175000048	19.54559208365269	19.270635062151857	31.805320937846794	9.927413486118604E-4
142.0	31.598737960835834	19.15941536002828	20.866465384117525	28.365566831159477	0.009814463858878453
143.0	31.031731575505955	19.060939044966048	21.127056071908164	28.775594307911355	0.004678999708474853
144.0	33.40226523327495	18.543377693914437	19.016331529438943	29.037569972572037	4.555707996299814E-4
145.0	27.923058000102806	20.090481896486413	19.010125079320463	32.97550293905866	8.3208503165744E-4
146.0	28.23613904725328	20.422579302049552	19.011952448476293	32.32913934180708	1.8986041379829544E-4
147.0	28.67185973175792	19.815036600417127	19.49891916289396	32.01360279923121	5.817056997855814E-4
148.0	31.011754739853366	18.92728186709923	20.246999066622735	29.813570627584475	3.9369884020114536E-4
149.0	32.468695770190934	19.62702129994785	19.252097232693032	28.63675258290707	0.015433114261116713
150.0	23.226402182099015	25.38295278493973	24.498849031230254	26.888445300082754	0.003350701648254119
