# Position (bp)	A	C	G	T	N
0.0	24.544450106262662	25.272218838940603	32.461279377586656	17.69804004424504	0.024011632965038963
1.0	27.43420013390333	19.337249349156977	20.866026696401974	32.332534147276014	0.02998967326170197
2.0	29.181078702745523	20.650344523972247	18.01566550476993	32.15191861858866	9.926499236404046E-4
3.0	31.90012096843612	19.785590971124993	20.49802532992602	27.811940217540066	0.0043225129728027235
4.0	33.569049250832386	18.731693975760905	20.943420884900956	26.755823524269694	1.2364236051565293E-5
5.0	34.367053256494195	18.877223483869628	20.422027845426268	26.33359668731786	9.872689204535218E-5
6.0	28.22121073271638	18.225035672308966	17.907178506552214	35.646476443945524	9.864447692039834E-5
7.0	27.046229061755493	22.751630667174382	18.4804141926037	31.72171375922511	1.2319241312132249E-5
8.0	26.959740097494212	21.890336552574684	18.999308887777037	32.15051599558624	9.84665678308492E-5
9.0	32.49749470996126	19.288525913042793	19.70357582884857	28.510378953325542	2.4594821830806562E-5
10.0	28.86098196726186	22.757088959067126	22.44134832322149	25.940519315138815	6.14353107066265E-5
11.0	27.666349145104817	22.65346674232824	20.86531727575587	28.81482999661439	3.684019668244205E-5
12.0	29.21114389333247	20.751980710160364	20.291262243165534	29.74560087995288	1.2273388752592906E-5
13.0	29.49913908626851	20.58855929313315	20.247187003024116	29.665065548681003	4.906889321676527E-5
14.0	29.49481774278922	20.768963569401883	20.41954391035886	29.316331463868266	3.4331358176730234E-4
15.0	29.793406894002583	20.792699262489624	20.207083325265142	29.205633992000113	0.0011765262425403947
16.0	29.935636855538565	20.68541640276446	20.368770509335953	29.009367680925024	8.085514359996011E-4
17.0	29.939255193703595	20.746452185156116	20.525175668620875	28.789067967735193	4.898478422386243E-5
18.0	30.096298557847568	20.437429808825378	20.711253431058463	28.754956993483223	6.120878537041477E-5
19.0	29.804869804901625	20.591361248888074	20.387962192568647	29.21554976668644	2.569869552197783E-4
20.0	29.48161610348887	20.929243357986124	20.312581046417517	29.27652279184295	3.670026453550677E-5
21.0	29.303614145147726	21.01787815935153	20.244762946435724	29.43350014266668	2.446063983407859E-4
22.0	29.288475881885432	20.746567218927677	20.16637525218561	29.798544965458213	3.6681543070245156E-5
23.0	29.395630354988583	20.55786312279103	20.44360462280576	29.602865227166852	3.667224777530865E-5
24.0	29.434273973567045	20.622346780548565	20.51601024233145	29.427332339995342	3.6663557596982446E-5
25.0	29.497982232305493	20.59313133011383	20.47938905405623	29.429460727940793	3.665558364730877E-5
26.0	29.455988374195325	20.595477995897348	20.48180731616501	29.466604152882848	1.2216085946517E-4
27.0	29.38957953486191	20.631782286762853	20.444277034857024	29.534300074845767	6.106867245499972E-5
28.0	29.418802832234565	20.57697809906471	20.53321213025602	29.47098251547104	2.4422973665562297E-5
29.0	29.439580390380527	20.608536506452012	20.43090323265942	29.52096766119649	1.2209311553549431E-5
30.0	29.402289803762923	20.616542670912356	20.496291385250267	29.484729298166656	1.4684190779943451E-4
31.0	29.384145850871978	20.559387074681755	20.413791800843427	29.642466772241942	2.085013609006474E-4
32.0	29.387719926315032	20.566202381877353	20.517715077584604	29.52807985357424	2.8276064876603255E-4
33.0	29.52715296033741	20.489927473471102	20.490666886190088	29.492141768093553	1.1091190784748577E-4
34.0	29.34456843476092	20.649285786376186	20.51708050920897	29.488904676437404	1.6059321651782765E-4
35.0	29.331465485044927	20.669110527060987	20.457732665225357	29.541480737597748	2.1058507098017563E-4
36.0	29.436221604743196	20.523094841996258	20.510672382985405	29.529799988471954	2.111818031845222E-4
37.0	29.40714099572529	20.591389089445062	20.41864918315089	29.582447024518675	3.737071600797043E-4
38.0	29.43881176896274	20.463970645561748	20.423514336376595	29.67314100885391	5.622402450068068E-4
39.0	29.44908016271008	20.478720937781116	20.41638500197886	29.65227977330473	0.003534124225218458
40.0	29.323055908482193	20.530889660487716	20.545899256446738	29.59961462799521	5.405465881390753E-4
41.0	29.39641400197843	20.5002756791468	20.444748904976198	29.65803174673637	5.296671621997229E-4
42.0	29.335515448884657	20.629405799476064	20.484751023103897	29.550188552243934	1.3917629144527622E-4
43.0	29.38903143427171	20.468536722738563	20.403924799845846	29.738303940832232	2.0310231164704168E-4
44.0	29.38324262379149	20.510355332005332	20.48727512561326	29.61893585727873	1.910613111926391E-4
45.0	29.380796714856206	20.48676172328942	20.499568753300814	29.632463801607088	4.090069464717271E-4
46.0	29.359224347165707	20.48453928294703	20.560701145827455	29.59529148557325	2.437384865635952E-4
47.0	29.39805533731598	20.54437834167279	20.443666249758262	29.613719814376623	1.8025687634919054E-4
48.0	29.391229851856703	20.488944089488047	20.430055407838374	29.68948628931637	2.843615005032552E-4
49.0	29.430784802242293	20.519658984739955	20.487114606041732	29.56209124883214	3.503581438804111E-4
50.0	29.438977142258548	20.506092149130097	20.413715791432164	29.64098039328094	2.3452389824581336E-4
51.0	29.463602670505622	20.442553866278722	20.426984159589757	29.666636879244624	2.2242438127097742E-4
52.0	29.384456845205836	20.485222163227288	20.546923768953764	29.58308188220906	3.1534040405354323E-4
53.0	29.45052082577323	20.46985560343292	20.40622536505573	29.673002331173354	3.9587456476890563E-4
54.0	29.381891760279867	20.418391829600072	20.498156453710937	29.70027428533256	0.0012856710765626403
55.0	29.388402257166184	20.52953107998503	20.442882961112225	29.638278065080648	9.056366559100117E-4
56.0	29.396760902271335	20.482357369663912	20.45364068306105	29.666732548223223	5.084967804793974E-4
57.0	29.393153985958946	20.457712639124132	20.483978080661938	29.664698036184177	4.572580708066812E-4
58.0	29.416002571406402	20.531174382823263	20.423460244710732	29.628132786431884	0.0012300146277124187
59.0	29.409067230158552	20.49602558322742	20.447627673604064	29.644589230554764	0.002690282455200683
60.0	29.472080352893542	20.523165878652136	20.444045686446895	29.56031193463623	3.9614737119336523E-4
61.0	29.375205271093837	20.537617614928116	20.46960943856235	29.616235259114447	0.001332416301248062
62.0	29.406929333374958	20.523314872681173	20.420407810328335	29.648919779731926	4.28203883615842E-4
63.0	29.477807042402222	20.455069540526875	20.384403807364684	29.68230286663666	4.1674306956275315E-4
64.0	29.354571418989917	20.459140043372308	20.465777236244943	29.720189921527425	3.213798654117016E-4
65.0	29.357569780617297	20.507425372027647	20.411504389326737	29.723050652716704	4.498053116103606E-4
66.0	29.307855444944614	20.51487505137888	20.449443891719778	29.727514439126534	3.1117283019892715E-4
67.0	29.351069295032676	20.542091592528394	20.460497855602146	29.64607079608982	2.704607469641849E-4
68.0	29.337515925821318	20.52393605626008	20.433858708105113	29.70430240424553	3.8690556795802853E-4
69.0	29.386518308254768	20.466922746888848	20.472549086931572	29.673634768588634	3.7508933618131933E-4
70.0	29.416352938065803	20.450412285434773	20.407671394314793	29.72514207496421	4.213072204212549E-4
71.0	29.30921615764931	20.547772229058545	20.448378133591635	29.694194524472483	4.3895522802992506E-4
72.0	29.344416196897683	20.46978372204414	20.462178991194136	29.72292841089127	6.926789727718212E-4
73.0	29.353029795036072	20.49306685062807	20.437370615016512	29.715864562672444	6.681766468995267E-4
74.0	29.347370097298597	20.463131793192556	20.425146862344437	29.76391721919176	4.340279726538431E-4
75.0	29.33126184130937	20.4755278223337	20.471257897286726	29.721333828020995	6.186110492080949E-4
76.0	29.334633794330735	20.52806180150862	20.38177515055721	29.75493601461132	5.932389921082481E-4
77.0	29.35263660670496	20.507999556342984	20.41882326879801	29.720080343033395	4.602251206518506E-4
78.0	29.341679179349555	20.515765980439365	20.41901189210333	29.723140644206143	4.023039016051307E-4
79.0	29.384710792963713	20.458907910214403	20.422513660724405	29.7332431101517	6.245259457742857E-4
80.0	29.411947310963143	20.45719992738806	20.442954877227837	29.687299088064666	5.987963562926564E-4
81.0	29.35689098766237	20.486872680829677	20.48727030968926	29.668409341415273	5.566804034183358E-4
82.0	29.291753356304245	20.446174266848573	20.49472314053237	29.766738962679355	6.102736354562558E-4
83.0	29.346280549440156	20.5010584313478	20.414674081174685	29.73730559668388	6.813413534781098E-4
84.0	29.3743487613724	20.457996726885717	20.431889821978114	29.735191091727504	5.735980362625401E-4
85.0	29.34373465533131	20.424106976509254	20.477664786733428	29.75373178202269	7.617994033123369E-4
86.0	29.347816442743195	20.466016394362	20.431764515823918	29.753799974721247	6.026723496437118E-4
87.0	29.350655110239032	20.453820669538846	20.44165012895018	29.75321393677548	6.601544964646187E-4
88.0	29.37442431251848	20.470920279730816	20.438162067359993	29.715739884382174	7.53456008529122E-4
89.0	29.288953621142362	20.50773581616872	20.427392277802557	29.77501730063038	9.009842559931913E-4
90.0	29.28457875768824	20.520351959567584	20.44112808345219	29.753204559310394	7.366399815910161E-4
91.0	29.312414861401333	20.495647598521042	20.44894401056673	29.742318724818016	6.748046928759625E-4
92.0	29.319879941247844	20.494968020010994	20.41714749831128	29.76674530868717	0.0012592317427137702
93.0	29.246011353189417	20.487860101172053	20.510246363736297	29.755298826525973	5.833553762669522E-4
94.0	29.303698836020803	20.466367825705632	20.461082639067396	29.76794519520172	9.055040044528622E-4
95.0	29.341186368426797	20.52050633442922	20.42812650787384	29.70939346120291	7.87328067233318E-4
96.0	29.2939235106627	20.525806658990266	20.440635916186512	29.73873998273761	8.939314229067835E-4
97.0	29.331320927228084	20.48868417328701	20.400245643277852	29.778764675322872	9.845808841883838E-4
98.0	29.277033319282836	20.51552253144207	20.44194367384549	29.764304549420174	0.0011959260094301706
99.0	29.214205069448056	20.5046935238595	20.471561829658462	29.808802431702986	7.371453309912034E-4
100.0	29.221240002892706	20.527400394566815	20.424838951389766	29.825447027510897	0.0010736236398150693
101.0	29.29291409844497	20.575185497178598	20.418351568462924	29.712477312553474	0.0010715233600334974
102.0	29.222593717488337	20.53329613719502	20.445137094338357	29.7978403866161	0.0011326643621841126
103.0	29.225851544503158	20.47325401762217	20.46556397093504	29.83424104365896	0.0010894232806764508
104.0	29.174574459194048	20.49295002159045	20.530232724157624	29.801219860428183	0.0010229346296889582
105.0	29.295368177268983	20.45269459961392	20.46108473840413	29.78969828572595	0.00115419898701282
106.0	29.210977289833817	20.464963774055903	20.48439236515244	29.838647588907317	0.00101898205051796
107.0	29.209637564826252	20.46565318231251	20.48428726261199	29.839196672313918	0.0012253179353254075
108.0	29.205442342707528	20.470580565059514	20.534667320526374	29.788294021435636	0.0010157502709454793
109.0	29.204606323535202	20.514148742703107	20.485179825940058	29.794808741122985	0.001256366698647642
110.0	29.20642591775947	20.472577462987758	20.51994106632166	29.79947264399463	0.0015829089364855315
111.0	29.218485540706958	20.51088801195139	20.444919252870868	29.824060508856252	0.0016466856145291378
112.0	29.14232776893199	20.49463134899388	20.485746595931563	29.87599534563638	0.0012989405061867238
113.0	29.12366989680775	20.49098251169136	20.498742530315404	29.88492505715347	0.0016800040320096767
114.0	29.175513572653955	20.513834327831056	20.473062524163733	29.8360277522269	0.0015618231243531792
115.0	29.190298958774157	20.47192502023611	20.489546155674415	29.846594623946643	0.0016352413686744707
116.0	29.142116221733716	20.517338010622634	20.51333056490465	29.825443795573804	0.001771407165196786
117.0	29.10286685180516	20.532256200213087	20.569387707434867	29.794081836644125	0.001407403902760967
118.0	29.16267211616132	20.491023549189567	20.508434635134147	29.836292496347696	0.0015772031672713644
119.0	29.135672246035515	20.53237375097469	20.483215517754214	29.84704337374522	0.0016951114903612122
120.0	29.0363849636952	20.554786472665647	20.499829896311283	29.906679824443717	0.0023188428841502784
121.0	28.993857455003486	20.633973347927665	20.56374042075127	29.806297380583395	0.0021313957341833247
122.0	29.008333106980857	20.626834348583774	20.53641248951035	29.826275663010236	0.0021443919147847244
123.0	28.97591635355841	20.65781028246013	20.53204575475843	29.83247777713245	0.0017498320905802445
124.0	28.871660907091336	20.681494253186294	20.562480736095882	29.88265391592173	0.0017101877047609683
125.0	29.01991107517203	20.604836889119746	20.541179695917926	29.831347079761855	0.002725260028448461
126.0	29.002056813825476	20.601308540003703	20.611041905553908	29.78311670902957	0.0024760315873326223
127.0	29.08484108018758	20.645875631097617	20.612187146270912	29.65444598163753	0.002650160806367573
128.0	29.02260915746747	20.78653123933083	20.539717764879935	29.648107052084523	0.003034786237244414
129.0	29.114119875997275	20.698228561210776	20.55070911797738	29.6337780849495	0.003164359865067677
130.0	28.9717417962899	20.719920798769216	20.601300704878124	29.704363872350026	0.0026728277127330306
131.0	28.874908982004442	20.854466083008415	20.563780038796242	29.703587109222738	0.0032577869681662775
132.0	28.93537339087972	20.845201814886714	20.41778284166324	29.798507751616416	0.0031342009539032786
133.0	29.174407579156785	20.854583440276507	20.156006260996307	29.810614170757106	0.004388548813296505
134.0	29.21123566505863	20.856551262141835	20.30062595971064	29.626439656584903	0.005147456503992541
135.0	28.79292522341798	21.099360729283475	20.235177662425848	29.865841616117176	0.006694768755514218
136.0	28.543839559831817	21.324102894985003	19.993069194608506	30.133493338627453	0.005495011947219524
137.0	27.514031408807316	21.939277369976278	20.235356556403968	30.30554851685066	0.0057861479617795
138.0	27.830179516741072	22.064528218669697	20.558557467409674	29.540336135413963	0.0063986617655964525
139.0	27.84328845762512	22.437987983163577	21.221310070794374	28.489380843748997	0.00803264466793047
140.0	27.28174699359776	23.216438338455774	21.595841291694544	27.894500408825458	0.011472967426467974
141.0	26.637050889187858	24.017973619365126	20.96180503808472	28.372350350836722	0.010820102525575252
142.0	25.26936505019795	25.027145315136227	22.900344675898857	26.79423572713251	0.008909231634454225
143.0	30.520367338720266	19.780349654635067	21.69452055993767	28.003886996944683	8.754497623153895E-4
144.0	32.27527941098575	19.379557533061426	19.3252644031287	29.019015837703265	8.8281512085739E-4
145.0	27.373515648306046	20.802518333162652	19.666240710974964	32.154608558592656	0.0031167489636809696
146.0	27.306377619861472	21.142394530898624	19.701808041737877	31.84762076099667	0.0017990465053521634
147.0	28.22903703434556	20.935260294131005	20.411583565725287	30.371887688827925	0.05223141697021447
148.0	30.618616250710577	19.419892542130455	20.54214879064053	29.416133350448355	0.003209066070086003
149.0	30.523602846593068	21.299012576462857	20.074218713850765	28.072164280624474	0.03100158246883647
150.0	21.398275370099	28.725292476144876	22.86222789683173	26.984702735903348	0.029501521021042802
