# Position (bp)	A	C	G	T	N
0.0	23.905902496797946	27.60501128087503	31.039032899426044	17.446797678444153	0.0032556444568298867
1.0	27.003687853716297	18.45899001093521	19.676707893207386	34.85390198931881	0.0067122528222946475
2.0	29.61828852944839	20.614682576784162	18.590672943076132	31.17210248080287	0.00425346988844272
3.0	33.20823203982485	19.403388188588362	20.473813973117128	26.911321558031116	0.003244240438535863
4.0	34.02974818097234	18.476960093679274	21.2698521014196	26.220800696037223	0.0026389278915619216
5.0	34.778878240763284	18.758335614694467	20.54013852052334	25.92119766271559	0.0014499613033263177
6.0	26.87576118013541	18.528342317634763	17.383596509101466	37.209907546560665	0.0023924465676964687
7.0	26.262128509416648	23.453878135286907	18.362712643128695	31.91939512482721	0.0018855873405384015
8.0	26.433739306521876	22.265995840680773	19.045641072720162	32.2528460664504	0.001777713626785209
9.0	33.330929803997925	18.92792606390304	19.874898949043544	27.86297125798649	0.003273925069000953
10.0	28.76933127498579	23.23357799275623	23.130929894301993	24.864306788957975	0.001854048998012327
11.0	27.147553186532996	23.133825597302874	21.11832547659284	28.5968279733845	0.0034677661867913577
12.0	29.001141732965714	20.85646243214388	20.279524168136216	29.861548838616418	0.0013228281377714924
13.0	29.317465001459595	20.670371710094894	20.303106503868985	29.707734688006365	0.0013220965701641937
14.0	29.23324471602975	20.934698266207896	20.639669904398232	29.186705105231454	0.005682008132671454
15.0	29.551958145093536	20.933475670726224	20.441761875599354	29.071893018208243	9.112903726398405E-4
16.0	29.74081779753874	20.780780939355616	20.615935619632	28.86051184293556	0.001953800538087229
17.0	29.7462105637085	20.801929541847294	20.732202963986566	28.7182581762462	0.001398754211437798
18.0	29.84144119331575	20.585366728741583	20.93198905392076	28.625783224260342	0.015419799761566894
19.0	29.581473320239404	20.795363926153613	20.61960323705568	29.002438761969657	0.0011207545816447298
20.0	29.292319128927048	21.07717644670827	20.520985664228053	29.108292973540806	0.0012257865958258671
21.0	29.10849542090237	21.098042615789183	20.49512996104048	29.296368675369695	0.001963326898276871
22.0	29.15122584289378	20.844150472353526	20.4249363881092	29.578607119578766	0.0010801770647321134
23.0	29.293053137167576	20.667873673098445	20.654032782498373	29.383749819910392	0.0012905873252208944
24.0	29.306610460280847	20.72455996379886	20.74012213539853	29.227206520418243	0.001500920103521356
25.0	29.301063167441306	20.71853639081177	20.751075079865895	29.22829865567301	0.0010267062080185755
26.0	29.297793483348972	20.7653684785554	20.678288011439825	29.25662865017117	0.0019213764846416877
27.0	29.2411726936376	20.76409027035846	20.68238275431958	29.3112227444252	0.0011315372591536102
28.0	29.22165572903779	20.76995803197137	20.761170568997436	29.246163279218084	0.0010523907753212784
29.0	29.25726222176861	20.804344114792965	20.64372571554234	29.290485451092803	0.004182496803283497
30.0	29.21967244956355	20.753165172460978	20.70878961883867	29.317396312223913	9.764469128905111E-4
31.0	29.23518665607625	20.710299179242785	20.682128673550437	29.371233783426	0.0011517077045274026
32.0	29.270174486967303	20.712127516950563	20.742476425804355	29.273561345504596	0.001660224773183412
33.0	29.376615910372973	20.678362189672914	20.71566280827149	29.225347842594324	0.004011249088307049
34.0	29.186489951782303	20.750084004241863	20.70923514488776	29.352452649753857	0.0017382493342170773
35.0	29.134418127877204	20.830164957734564	20.69147666925863	29.342625028149673	0.0013152169799343519
36.0	29.24769683180507	20.70642165995148	20.702380423171373	29.339675380920244	0.0038257041518319603
37.0	29.191771755245753	20.77041596215121	20.640706243928097	29.396051378191107	0.0010546604838322577
38.0	29.26092439524051	20.651249899388294	20.629342676071843	29.456786373218456	0.0016966560808900468
39.0	29.282029583327372	20.675133257157185	20.65174895121524	29.390188811917824	8.993963823824601E-4
40.0	29.180178250973043	20.703658270430548	20.73726419580104	29.377736211273998	0.0011630715213728077
41.0	29.275082708744176	20.691660675071525	20.59285946582496	29.43933920388291	0.0010579464764268228
42.0	29.178363316216423	20.80149264563243	20.69991702311956	29.318488556944573	0.0017384580870172777
43.0	29.17376829941985	20.6831367738097	20.657794665742582	29.48165620721614	0.0036440538117287822
44.0	29.23100557811857	20.662903577281977	20.704580135463424	29.399952186759965	0.001558522376067553
45.0	29.20665701857058	20.666806067398202	20.736133703938005	29.38584659527225	0.004556614820962776
46.0	29.22885640249061	20.650776366882408	20.725573244986805	29.393600493123024	0.0011934925171529448
47.0	29.234761193585594	20.734831938397985	20.640359753240965	29.38856591730771	0.001481197467744809
48.0	29.22791131728289	20.67662682734685	20.67046113958352	29.41849485214681	0.006505863639932905
49.0	29.27274027256252	20.69400267879474	20.684032685625606	29.348070692378997	0.0011536706381422312
50.0	29.234014339257065	20.692210973276215	20.624963499136005	29.44752292254259	0.0012882657881266555
51.0	29.272298426340406	20.60310790037973	20.670134275740377	29.449006940732946	0.005452456806543523
52.0	29.18574857572515	20.680991353133404	20.756788802452355	29.375473553312702	9.977153763845107E-4
53.0	29.25402540429903	20.682904950505698	20.630423215559244	29.431352916922037	0.0012935127139946012
54.0	29.211016171545793	20.65048538015114	20.691542521171456	29.44504187536162	0.0019140517699864994
55.0	29.168525730595597	20.734269160527777	20.636983249399382	29.45800347038326	0.0022183890939878573
56.0	29.154558142777965	20.703374747538014	20.689828367213565	29.451485345091456	7.53397379004381E-4
57.0	29.19096496306362	20.658331747491136	20.730530277404284	29.418330909631656	0.0018421024093065392
58.0	29.21658556526541	20.697113459485756	20.65511345231393	29.42937962508083	0.0018078978540700711
59.0	29.253228523301516	20.72149274942379	20.632641479716302	29.39187077009644	7.664774619556658E-4
60.0	29.240643195550202	20.755940119112303	20.63919833072244	29.361451746576282	0.0027666080387651676
61.0	29.214602000412793	20.724946967508846	20.64634313462899	29.413225733690275	8.821637591005458E-4
62.0	29.216885217575754	20.700003657777145	20.649085563365784	29.43307668185435	9.488794269625313E-4
63.0	29.29884266000768	20.687026909729575	20.595852907380305	29.415474538350754	0.0028029845316836586
64.0	29.230666924396054	20.608657816338667	20.669018576512226	29.49099014123085	6.665415222041257E-4
65.0	29.226791294272775	20.6889836426267	20.66027143955028	29.422752080269333	0.0012015432809153576
66.0	29.189048114521782	20.701340011445136	20.633822490986404	29.437010411556763	0.038778971489913855
67.0	29.189465423730958	20.643333143475537	20.677238581635688	29.486719447134096	0.003243404023719567
68.0	29.16728135340478	20.68857128746469	20.634484164979266	29.507337208913302	0.002325985237959442
69.0	29.179897104646113	20.667001810127697	20.629053472176647	29.523373689077477	6.739239720693815E-4
70.0	29.270744143214767	20.62485846098987	20.632083921378587	29.47171539380295	5.980806138311477E-4
71.0	29.150842838216267	20.686696746801644	20.68133867186514	29.45985230279149	0.02126944032545827
72.0	29.1653436320807	20.65126941578895	20.701401144906953	29.481017633076767	9.681741466324359E-4
73.0	29.120199535893803	20.68458145262263	20.664469081364135	29.524927927913026	0.005822002206406518
74.0	29.23051324681076	20.65161357872294	20.640893288598214	29.476696456735713	2.834291323800778E-4
75.0	29.20081891424264	20.630714596484008	20.669078086008184	29.49869913811596	6.892651492074123E-4
76.0	29.152751049488597	20.716068174331497	20.659408251359828	29.471484308575164	2.882162449187052E-4
77.0	29.20175580372146	20.682208248993696	20.63731262490604	29.47834705429121	3.762680875917902E-4
78.0	29.170975531629946	20.657164612678486	20.73294655948926	29.438671677606237	2.4161859607169586E-4
79.0	29.226276985760407	20.63901193762393	20.676443293151088	29.457954258848712	3.1352461586267344E-4
80.0	29.243860075447653	20.622117830424596	20.65528047402535	29.47842511555054	3.1650455186296337E-4
81.0	29.17903515904326	20.610002768316747	20.707897125158993	29.4741920608085	0.028872886672499248
82.0	29.15295295948826	20.630557302340563	20.716346069339135	29.488897681604758	0.01124598722728481
83.0	29.188197244617562	20.63510644543779	20.62253058254151	29.55378518976506	3.805376380717397E-4
84.0	29.20471818012006	20.66190770943746	20.690036589519796	29.44295294639031	3.845745323756817E-4
85.0	29.189381821951688	20.654407517661173	20.66581137720117	29.489880925934152	5.18357251817953E-4
86.0	29.197753493389662	20.66867696424724	20.640523563404397	29.49289622682656	1.4975213214277894E-4
87.0	29.181750419845333	20.64794425393276	20.67123743209944	29.498783830974094	2.8406314837413615E-4
88.0	29.16596411305033	20.67356625412718	20.664273385838356	29.48862782848086	0.007568418503269557
89.0	29.128172367575633	20.708366860391486	20.641438803882565	29.52178924236703	2.3272578328225975E-4
90.0	29.137487346600544	20.686754357629496	20.66042154106869	29.515140387687396	1.9636701387627505E-4
91.0	29.134521246907457	20.659866086222458	20.65560942464655	29.54978444186216	2.1880036137863324E-4
92.0	29.104236770008896	20.684236169303087	20.67637458320995	29.534829950869117	3.2252660894918617E-4
93.0	29.16815157509277	20.618900295891844	20.722339834235175	29.490322211505454	2.860832747543771E-4
94.0	29.161117184140583	20.657275633221257	20.646085140995023	29.535252640904357	2.6940073877971827E-4
95.0	29.182509985390926	20.65499875103765	20.64215168038002	29.519961109751407	3.7847343999555924E-4
96.0	29.092485621915	20.646287691454372	20.712295954331587	29.54858927345454	3.41458844499002E-4
97.0	29.13912321467728	20.637221210574257	20.649225200925997	29.57406202032791	3.683534945479349E-4
98.0	29.07378725695122	20.688828675634387	20.679320547395267	29.556214717305963	0.0018488027131620007
99.0	29.13465663580074	20.68201776263137	20.66041057240265	29.522758455322993	1.5657384223709126E-4
100.0	29.094568978910896	20.649349497197605	20.696505348765633	29.555845562652568	0.0037306124733028044
101.0	29.195205875736757	20.65503559860364	20.668527983159283	29.480721395913314	5.091465870052831E-4
102.0	29.12252834425983	20.629970346963614	20.702818899722978	29.544541047049517	1.4136200406085917E-4
103.0	29.0432156240881	20.636178026754312	20.683813026984687	29.63652934987944	2.639722934680776E-4
104.0	29.108986952490234	20.668327066059593	20.70062167114795	29.521893051032816	1.7125926940795669E-4
105.0	29.126286021963608	20.63351349409242	20.75125589398144	29.48876993499342	1.7465496910852612E-4
106.0	29.13860304331009	20.594097071299746	20.716651426944694	29.550419289694002	2.2916875146572512E-4
107.0	29.085921059064745	20.60353624931213	20.73778140249516	29.57239719921232	3.6408991564556783E-4
108.0	29.03543377718691	20.592293219243853	20.763299859372687	29.608893408430248	7.973576630191097E-5
109.0	29.118542868260413	20.667199444417403	20.695288560605462	29.51877878420625	1.9034251047087746E-4
110.0	29.032205080464678	20.640978064755366	20.732206722970272	29.59441525826452	1.948735451645888E-4
111.0	29.109150793284027	20.65836098944703	20.722288117655584	29.509658102542424	5.419970709337241E-4
112.0	29.004998002086257	20.590124631205015	20.76847426669545	29.63619833579343	2.0476421985124758E-4
113.0	29.015530972614282	20.572120398292892	20.789277164038335	29.62283124739326	2.40217661222834E-4
114.0	29.081973778436954	20.621257219445535	20.74760426562438	29.54879448873876	3.7024775437023477E-4
115.0	29.125221311688748	20.59780976812185	20.70283958211529	29.556862423957337	0.017266914116781475
116.0	28.989129166447402	20.612583024973922	20.792973687281233	29.604987267406685	3.2685389075431666E-4
117.0	29.003131939173237	20.570894672198005	20.85577575153732	29.56392836582344	0.006269271267997189
118.0	29.003550546221824	20.618081758599043	20.81394636740568	29.564247349616764	1.739781566944707E-4
119.0	29.007162595486584	20.634311886800123	20.764655366873903	29.59361831414038	2.5183669901089335E-4
120.0	28.906853388841302	20.682853841886487	20.83240346057967	29.57744222463068	4.4708406186302164E-4
121.0	28.852994023663403	20.718134353364864	20.84358988332172	29.58504984403087	2.3189561914391092E-4
122.0	28.95448401085426	20.68905675991074	20.769158152044014	29.586778851464945	5.222257260444012E-4
123.0	28.84044565322436	20.727284441337428	20.828401921273954	29.603575132546734	2.9285161752407344E-4
124.0	28.879980300590635	20.6410690771665	20.821865296556446	29.656648725301515	4.3660038490689936E-4
125.0	28.86505372270157	20.650396632300083	20.854898036877813	29.62942336994578	2.2823817475192793E-4
126.0	28.874208945939156	20.67246473902693	20.928760273235156	29.524039669342393	5.263724563649197E-4
127.0	28.990494952675995	20.66701345114615	20.888164017655825	29.443109067072616	0.011218511449421617
128.0	28.986273559338933	20.727126930065264	20.867721915740592	29.418559386664317	3.182081908909723E-4
129.0	28.969227064826512	20.718508494591852	20.826329109377024	29.485654694518548	2.806366860624035E-4
130.0	28.854216030782343	20.743330442272672	20.90976016118408	29.492574146764543	1.1921899635487919E-4
131.0	28.734585371127665	20.836762339652882	20.837143929227853	29.591508359991604	0.0
132.0	28.808179790664234	20.82339280490973	20.688458441375143	29.67267337088404	0.007295592166852238
133.0	29.16230166203682	20.645245774283158	20.530921888977822	29.66116283723339	3.6783746880738265E-4
134.0	29.248259108276798	20.647930461790654	20.704888396797895	29.398362838821825	5.591943128340686E-4
135.0	29.04920313884805	20.79478093966161	20.538250558947794	29.61759055478737	1.7480775517125042E-4
136.0	28.64842566544038	21.138455652765327	20.27574040869323	29.93718505580116	1.9321729990416422E-4
137.0	27.6446016430275	21.53825723345609	20.526723219288783	30.290094006048257	3.2389817936833375E-4
138.0	27.746045425277448	21.95110306989088	20.862233168727705	29.44000626758167	6.12068522295208E-4
139.0	27.909323249962497	22.213228197588027	21.586602551221127	28.28985540061304	9.906006153044965E-4
140.0	27.22198469186724	22.95297737313783	21.946463452461792	27.858286595742896	0.02028788679023834
141.0	27.151229935955634	23.117114112611862	21.128465467301552	28.60277875563296	4.117284979938529E-4
142.0	26.36606403717254	23.620850802467487	23.583464630010415	26.42935348626058	2.6704408897909045E-4
143.0	30.664594887847958	19.6516538314676	22.204705357514168	27.47753367585735	0.001512247312925556
144.0	33.234325070342955	19.14168235145897	19.507045748689542	28.111983690361203	0.004963139147332695
145.0	27.07203628425754	20.784770485101394	19.653587158581644	32.48960607205942	0.0
146.0	27.32920465041956	21.143975149953814	19.472754979947695	32.05367547616913	3.897435097962031E-4
147.0	27.779922627817744	20.792395149662383	20.121494811651523	31.303429746531254	0.0027576643370968885
148.0	30.341240381704925	19.86506507782256	20.441366236000704	29.352328304471808	0.0
149.0	32.062536711753395	20.74968417834067	19.497662517400364	27.688909630750167	0.001206961755405177
150.0	21.9038427498546	27.385598327699995	24.56612075287216	26.127580306644525	0.01685786292871653
