# Position (bp)	A	C	G	T	N
0.0	26.319087558531628	24.437768653098566	24.84472759822177	24.33809082918318	0.06032536096486202
1.0	28.739486239285018	18.805585612359373	19.17200799642499	33.27716423859085	0.005755913339770002
2.0	29.858229615361846	20.070243746966177	18.76451501628485	31.30209929150716	0.004912329879960892
3.0	32.25161210442749	19.380004693870266	19.698380515382258	28.66581985075287	0.004182835567117594
4.0	32.66561830838128	18.869331851858384	20.344732969929254	28.119270071245587	0.001046798585484167
5.0	33.28469016083311	18.952742445035085	19.892323514772286	27.868102249589416	0.0021416297700994793
6.0	28.758615770217748	19.013770024619987	18.179966470608118	34.042297473981414	0.005350260572733776
7.0	28.55634637950118	21.355276642084977	18.83933401177686	31.224082823212758	0.024960143424229708
8.0	28.304510465665057	20.94389519461413	19.01075916456505	31.740092908876377	7.422662793877509E-4
9.0	32.17189128372534	19.088749038970768	19.413783403473257	29.323152891028204	0.002423382802426865
10.0	29.93844392706702	21.280986087277576	21.267603269325225	27.500758895569614	0.012207820760564569
11.0	28.947037933968424	21.260741645640923	20.271983754759102	29.50308921408861	0.017147451542938202
12.0	29.842235826188794	20.120837702862136	19.813934509856	30.220985216358898	0.0020067447341671468
13.0	30.006407356094435	20.052613682130946	19.7612002640446	30.178295184765403	0.001483512964616515
14.0	30.014708576352433	20.15367960990637	19.909149675877945	29.918135129442447	0.004327008420798923
15.0	30.17578595828498	20.18719258682474	19.856218766839124	29.78018949994717	6.131881039912059E-4
16.0	30.23236695767375	20.096976136920873	19.93840706413913	29.728719880815536	0.0035299604507071226
17.0	30.191535475793607	20.1306706864249	20.002694438825905	29.673085582759136	0.0020138161964563333
18.0	30.18754262315574	20.07489426210601	20.051027508602846	29.68158132147611	0.004954284659294419
19.0	30.104750675248383	20.11428394120463	19.901728458542408	29.878444948787507	7.919762170724067E-4
20.0	29.98286187664936	20.236847184149585	19.893506286241987	29.88618255225783	6.021007012387268E-4
21.0	29.898855709867522	20.25480620949781	19.905501922842276	29.939377063183848	0.0014590946085387669
22.0	29.875779916887975	20.135016992635734	19.88548660405972	30.103065319596826	6.511668197427847E-4
23.0	29.93362801002275	20.04085229929643	19.972614623350886	30.049946348717693	0.00295871861223977
24.0	29.955768038612877	20.085320806485264	19.99259961971714	29.963677148555384	0.0026343866293350327
25.0	29.97482280243662	20.05798204314597	20.04288764280797	29.919032218321163	0.005275293288280551
26.0	29.991582560158047	20.067633757601307	20.0029280646552	29.936852937475226	0.001002680110219611
27.0	29.929701465818205	20.11824962966852	20.002310093135847	29.948786858131516	9.519532459147345E-4
28.0	29.935431348404467	20.106061664881544	20.04605339067554	29.910873052363456	0.001580543674994241
29.0	29.906922229932192	20.10492156225443	20.019888516192836	29.966531711448134	0.0017359801724080165
30.0	29.884853116907784	20.0954069880671	20.0442990533987	29.974255185629552	0.0011856559968646987
31.0	29.913559308223242	20.081843159177996	20.00965474314975	29.99386890222775	0.0010738872212677144
32.0	29.917162856048552	20.118035699308663	20.03912312559428	29.924423869526624	0.0012544495218871703
33.0	29.96061155326548	20.097534708941776	20.038500988982012	29.900332517482504	0.003020231328233127
34.0	29.866587043882188	20.141831952345964	20.042696793013086	29.946924682182512	0.0019595285762511266
35.0	29.845213915672346	20.154444017984847	20.019329332869987	29.978355258062905	0.002657475409914822
36.0	29.8843610473652	20.110442703089625	20.04560539461523	29.95768302371864	0.001907831211307941
37.0	29.922962149667654	20.128321681119957	19.98103148892579	29.967304381463972	3.802988226253912E-4
38.0	29.932674770833813	20.0490161796037	20.004766184719948	30.012648956474486	8.939083680553211E-4
39.0	29.920365158356088	20.117019383043992	19.99201558982015	29.969857332747363	7.425360324047634E-4
40.0	29.868100062619558	20.121027162470533	20.0619273033753	29.946406799299247	0.0025386722353644086
41.0	29.893527034697843	20.09021647432195	20.00029219611223	30.015309319405443	6.54975462538663E-4
42.0	29.838284744249936	20.16975471575848	20.03266141654683	29.957102541230906	0.002196582213847474
43.0	29.836659243013415	20.11419663177377	20.03751126650146	30.00904261812786	0.0025902405834962038
44.0	29.836444331560248	20.129764893420642	20.053799271127275	29.979383220285687	6.082836061485306E-4
45.0	29.831079444053294	20.129132500972073	20.061130786910255	29.974819352029147	0.003837916035229954
46.0	29.867493399481432	20.089624230747326	20.09536577718517	29.946876045467185	6.405471188798412E-4
47.0	29.889535461459165	20.1390465803092	20.005584580148568	29.96493057355047	9.028045326035674E-4
48.0	29.86417735719445	20.111671698700416	20.013926673932666	30.004618220335132	0.0056060498373290595
49.0	29.873262238785657	20.11512964700757	20.053841063482768	29.948575332283443	0.009191718440561105
50.0	29.869906984710504	20.134483028842947	20.03685535505302	29.957864519385204	8.901120083296871E-4
51.0	29.88264110844081	20.120539631244146	20.04543603102195	29.947523154224488	0.003860075068608933
52.0	29.857745124159727	20.124694876146748	20.084835548876963	29.932214183181184	5.102676353747541E-4
53.0	29.890841035636257	20.128908215452544	19.986994167784196	29.990618808864696	0.00263777226231103
54.0	29.835057970219975	20.131932361557855	20.043686023289002	29.98844459303348	8.790518996843108E-4
55.0	29.811168118803437	20.12975349636218	20.055160829796076	30.001323885374443	0.0025936696638667765
56.0	29.843853977260558	20.11828852236082	20.0362999519627	30.00078411646986	7.734319460659272E-4
57.0	29.842157039290424	20.111514926324816	20.09440233031779	29.94485499100682	0.0070707130601552265
58.0	29.854285217445035	20.10797146442344	20.055979458815237	29.978600689154465	0.0031631701618254782
59.0	29.8760282678813	20.115353828198845	20.029063963285914	29.978829558066085	7.243825678603918E-4
60.0	29.880918864597906	20.087421460488425	20.04988958229608	29.977607395885496	0.0041626967320899004
61.0	29.885067448107307	20.121371454259737	20.05958638659544	29.93289214940177	0.0010825616357515995
62.0	29.878822620277717	20.10037717192717	20.044848507740316	29.97396610807933	0.0019855919754661034
63.0	29.896288349809165	20.127976314666846	20.008395847774416	29.96404823763766	0.0032912501119162782
64.0	29.884668862522222	20.082597281719295	20.04131130825769	29.98977903380623	0.0016435136945616197
65.0	29.822365210585332	20.09166913602736	20.03950087349125	30.03738595272688	0.009078827169176441
66.0	29.80049226875487	20.1089972403313	20.05126203613353	30.016825147434144	0.022423307346156714
67.0	29.829371759613977	20.092494492824294	20.071089800620843	30.00469471126561	0.0023492356752738987
68.0	29.819535588727703	20.17342765842109	20.01495778906618	29.98737250564476	0.004706458140264935
69.0	29.823991669525444	20.147478543393646	20.03814007984269	29.986612112574097	0.0037775946641253736
70.0	29.84852203534364	20.076128733911478	20.005952061114627	30.069048383916204	3.4878571405303377E-4
71.0	29.789272472840256	20.136343290998926	20.039427470225696	30.02212137985231	0.012835386082807678
72.0	29.83608831260368	20.086578800691658	20.061009881923702	30.009376096244473	0.00694690853649007
73.0	29.815466244394596	20.129385394128324	20.057234555048026	29.992224789675266	0.005689016753790084
74.0	29.852756397309093	20.109218825846522	20.038957851345767	29.996273011095457	0.00279391440315634
75.0	29.814534192366143	20.141502773561974	20.064233251763394	29.974151265693088	0.0055785166153997385
76.0	29.784288596190418	20.132848281942277	20.0478996886057	30.03405359113438	9.098421272268907E-4
77.0	29.814905700297256	20.15765628488511	20.03046219136408	29.995626549765237	0.0013492736883114324
78.0	29.819102127047874	20.116071824119004	20.05475289406756	30.00792587087299	0.002147283892570801
79.0	29.844125404768413	20.145932083663766	20.067935156138862	29.939457778443202	0.0025495769857602603
80.0	29.860750733785622	20.118742186493304	20.016646399426	30.00318487211801	6.758081770603974E-4
81.0	29.79002827865949	20.153298993015547	20.072497287248556	29.965910437798193	0.01826500327821512
82.0	29.7850393120742	20.11861015545131	20.08441965010906	30.008061023686693	0.0038698586787380596
83.0	29.833056399837478	20.14488030093271	19.995620507868786	30.0212882577321	0.00515453362893213
84.0	29.835146629663768	20.140150001157615	20.04618408042601	29.974667364456913	0.00385192429569447
85.0	29.82456617559893	20.131474597414996	20.056544579841336	29.98562278694002	0.001791860204711018
86.0	29.78794336330267	20.162662067968338	20.028188615400015	30.020549960332872	6.559929961076102E-4
87.0	29.784192496536903	20.141348187916968	20.056900615063494	30.017321291493964	2.3740898866640231E-4
88.0	29.798142162082808	20.161819939458876	20.043876839459752	29.992054388409763	0.004106670588802412
89.0	29.749925830314446	20.157383508985497	20.064421767778438	30.027594623052945	6.742698686741905E-4
90.0	29.778816933349393	20.172481819869112	20.025581953504794	30.022928429371294	1.9086390540358413E-4
91.0	29.74998610502533	20.176051267932596	20.061351591114626	30.01239905677896	2.1197914849010096E-4
92.0	29.759511545412575	20.17668463376503	20.076160040693495	29.987336312647166	3.074674817295654E-4
93.0	29.752485850636234	20.202099836769538	20.085317208058317	29.959273057999305	8.240465366085789E-4
94.0	29.778679912370126	20.1629273583064	20.05992842114396	29.998079083790643	3.8522438886840334E-4
95.0	29.82502580981529	20.18696708638296	20.01403493222557	29.97365041306749	3.2175850869070605E-4
96.0	29.789797153039427	20.17834267929629	20.046690476928426	29.98497445416649	1.952365693713358E-4
97.0	29.76482644022886	20.206270805790265	19.99430854200848	30.033780148306327	8.140636660675904E-4
98.0	29.756751214198786	20.222539958738533	20.040537962342466	29.978894401126006	0.0012764635942077059
99.0	29.743396581528597	20.208240744167938	20.0426530127604	30.00546746645102	2.421950920428224E-4
100.0	29.73045029136525	20.181215203864202	20.065481100433743	30.020841004435233	0.00201239990157535
101.0	29.726279238644164	20.208999834638416	20.06159547112016	30.00010173113779	0.00302372445946782
102.0	29.727660585325914	20.190506761940842	20.077614088516473	30.00373610934216	4.824548746082992E-4
103.0	29.755422040487538	20.191603700389464	20.088594063092017	29.964169390224544	2.1080580643513243E-4
104.0	29.72360292650606	20.242489744646832	20.046964318678633	29.986777855451795	1.6515471667219995E-4
105.0	29.74317885507871	20.207658240544987	20.07805431074548	29.970923452789112	1.8514084171186135E-4
106.0	29.732314305715278	20.1971896817422	20.07464432741586	29.99535023262756	5.014524991000623E-4
107.0	29.726316356602084	20.185070678583664	20.086149138379827	30.001948665977686	5.151604567412609E-4
108.0	29.68130846287541	20.22113257399335	20.115965221980012	29.981383965848007	2.0977530321809838E-4
109.0	29.76551319791462	20.186148309698506	20.05665492743834	29.99144631199267	2.3725295586627702E-4
110.0	29.699960196569265	20.213559966369633	20.102356158387956	29.983743448508115	3.8023016503214546E-4
111.0	29.72357518395299	20.203012737323593	20.058065844767935	30.015033657606903	3.1257634857994037E-4
112.0	29.74203577234995	20.169362272587485	20.024244704444943	30.06387183488794	4.854157296829926E-4
113.0	29.709293587893086	20.175578647854753	20.118381588158073	29.996363010091105	3.831660029844092E-4
114.0	29.71203286166132	20.238878489899086	20.086643881019377	29.962089797867414	3.549695528051705E-4
115.0	29.743820274096684	20.192756344477957	20.143906516390405	29.909758579430136	0.00975828560481688
116.0	29.684587915527484	20.257851582366296	20.115745633681748	29.941514812088897	3.000563355770046E-4
117.0	29.66457924119648	20.218518548684568	20.100855053440014	30.012714011924185	0.0033331447547528224
118.0	29.654344342348438	20.23515392505516	20.106636765029503	30.002895783179877	9.691843870169898E-4
119.0	29.708177250431657	20.220507181934046	20.07005207889628	30.001093843431693	1.696453063311112E-4
120.0	29.674992383938175	20.224544370568886	20.127515031219335	29.97249528991014	4.5292436346148606E-4
121.0	29.685620062745528	20.250390414775303	20.140245503035537	29.923419627663854	3.243917797788364E-4
122.0	29.640123781047027	20.253813230251854	20.1373391164243	29.968515686950237	2.0818532657771948E-4
123.0	29.652120218108475	20.213390939305253	20.154394745782454	29.979846197974723	2.478988290955463E-4
124.0	29.61995909051664	20.193313748715866	20.138640788219263	30.047701312208996	3.8506033923554195E-4
125.0	29.6150565487666	20.243543184760572	20.12041716682101	30.02028770540536	6.953942464579551E-4
126.0	29.637514632565757	20.245735937581504	20.1551590044733	29.961112972571367	4.7745280806632084E-4
127.0	29.71058098351691	20.19998866273575	20.14107786994484	29.940419792088445	0.00793269171405278
128.0	29.754855532929557	20.131612917131335	20.21593465032591	29.8963604052185	0.0012364943947005438
129.0	29.627682773399204	20.145753184866237	20.299445185588546	29.924807113628084	0.0023117425179287106
130.0	29.5613142084281	20.132879151898077	20.30802309296279	29.997309896806335	4.736499046974543E-4
131.0	29.49238251415603	20.17410676628381	20.222075650102777	30.11029790487538	0.0011371645820016725
132.0	29.327446811711372	20.31418395576565	20.19057879148822	30.165600909773204	0.002189531261549347
133.0	29.326703164272338	20.278092749736395	20.268563121548354	30.12637987873913	2.610857037819512E-4
134.0	29.35131080932206	20.23783396652111	20.207928377867532	30.202191241983716	7.356043055805812E-4
135.0	29.42547263874578	20.14204748840573	20.286185552480113	30.14281904257507	0.0034752777933071675
136.0	29.541183272088666	20.16018792207303	20.331362360602416	29.965975601265814	0.0012908439700685457
137.0	29.79593234495979	20.07994696882571	20.224070246081652	29.899492327783157	5.581123496883847E-4
138.0	29.85324135113746	20.085397748681793	20.325069649182677	29.735141984118147	0.0011492668799255915
139.0	29.13268355151104	20.60756442416912	21.403482992133714	28.849021659520275	0.007247372665855468
140.0	27.294539804299315	21.478012422326067	21.3515654912693	29.858370435616322	0.01751184648899172
141.0	29.046719860935767	19.67324119912119	19.32982711510641	31.94977967624098	4.3214859565618045E-4
142.0	31.293912354999225	19.33026513351781	21.101447144683956	28.273519419889908	8.559469091004197E-4
143.0	30.897755571777314	19.141069139579976	21.44410696906802	28.506320870716053	0.010747448858646596
144.0	33.43799097041701	18.603429326736556	19.171303474687186	28.78296152214823	0.004314706011021872
145.0	27.543339805943372	20.291023099649568	19.137820382462742	33.027554834223444	2.6187772087174905E-4
146.0	27.817134732521414	20.62047868766061	19.063955058790626	32.49817162224939	2.5989877795391564E-4
147.0	28.247044493608875	20.012228722035935	19.61525359763502	32.12183919128214	0.0036339954380261775
148.0	30.745655743721663	19.14555330760609	20.273965061201867	29.834564023809385	2.6186366099419117E-4
149.0	32.53164505449841	19.70922319606953	19.30083394084596	28.456387652685823	0.0019101559002805606
150.0	23.640870001833843	25.41526555290025	24.53076838023359	26.362386764791353	0.05070930024096222
