# Position (bp)	A	C	G	T	N
0.0	27.77326756284842	22.467556912116194	29.2354957326754	20.518497547182374	0.005182245177611521
1.0	28.116826849053094	19.5436566932656	20.59828745481492	31.72268410700528	0.01854489586110757
2.0	29.47719221664456	20.33173268629844	18.43878656958925	31.75198728436477	3.012431029824378E-4
3.0	30.615558506576274	20.05341241201725	20.363770533660965	28.967207072074242	5.1475671273199384E-5
4.0	32.263392983559626	19.331360690967493	20.500463484069385	27.904775336803926	7.504599569075887E-6
5.0	32.693364630431724	19.232173849690607	20.315408065246906	27.75845047569556	6.0297893520498E-4
6.0	29.295988658242138	18.5830542921058	18.84131260894038	33.279577350302816	6.709040886075453E-5
7.0	28.31074808673411	21.449553154655675	19.014597328815665	31.225012194826014	8.923496853686553E-5
8.0	28.225252697197188	20.98246247140405	19.37871694739595	31.41340823985333	1.5964414947815855E-4
9.0	31.444077291536626	19.533495749309537	19.72627450643087	29.29602639941784	1.260533051250753E-4
10.0	29.461593412660992	21.52554753101409	21.418078138582388	27.594655036344427	1.2588139810100753E-4
11.0	28.643444082773918	21.528482253703597	20.558871885800333	29.269147533923423	5.424379872873001E-5
12.0	29.587629848676976	20.452363378804804	20.21053329541485	29.749260419631103	2.1305747226545908E-4
13.0	29.805328456409914	20.309663573953213	20.142849495487223	29.742041592950002	1.1688119964796367E-4
14.0	29.801846733222693	20.42042214788758	20.205524535261617	29.572173396326274	3.3187301830323944E-5
15.0	29.99457672407781	20.423894042772766	20.085618082085848	29.49586939860533	4.175245824659004E-5
16.0	30.171797907870122	20.289610243614582	20.255512207109337	29.283013383976257	6.625742969712478E-5
17.0	30.146431044425963	20.329372077239345	20.342849387593372	29.18126289741699	8.459332433619986E-5
18.0	30.289791246266535	20.150431286634504	20.49552110601017	29.064235537199444	2.0823889342244014E-5
19.0	30.089983864954544	20.28700089464391	20.203328985684927	29.419653182815846	3.307190077430261E-5
20.0	29.82455886785811	20.572342168204237	20.18261016866527	29.42038100863065	1.0778664173202356E-4
21.0	29.61792232838179	20.65275647381481	20.120906342157994	29.60829604285805	1.1881278735240083E-4
22.0	29.57449648577486	20.48047757296412	20.103779988521453	29.84107078444295	1.7516829661583304E-4
23.0	29.715707636639422	20.33907175385329	20.25375578259738	29.69131536898949	1.494579204103987E-4
24.0	29.718156460939387	20.400614377257597	20.33765998223299	29.54348953544156	7.96441284688219E-5
25.0	29.727630123408165	20.395899618967825	20.34194826901122	29.534491349756102	3.063885668336533E-5
26.0	29.72827779784715	20.385491608845847	20.31656630689313	29.569497575147864	1.667112660163865E-4
27.0	29.66868195780708	20.41658123998261	20.316557071398872	29.598142946401108	3.6784410335296156E-5
28.0	29.69263612021692	20.39486710538064	20.361742794039586	29.550628881142003	1.250992208526174E-4
29.0	29.64981230218122	20.41196726942611	20.354449542409892	29.58328385308045	4.8703290232352724E-4
30.0	29.647149488724295	20.415353676080443	20.373601303827634	29.563524268039288	3.7126332833812046E-4
31.0	29.653001232880232	20.372231302814242	20.3385669794688	29.635460108713087	7.40376123636259E-4
32.0	29.670144185808518	20.409742320726316	20.356015134519495	29.56395022093858	1.481380070956871E-4
33.0	29.719239565642102	20.373484413308578	20.348726431763613	29.558467941017984	8.164826772437297E-5
34.0	29.623348140772364	20.41151357829308	20.363131646286135	29.601859109860225	1.4752478819345485E-4
35.0	29.618434323637654	20.4113536233333	20.315610955607404	29.654437075771828	1.640216498140013E-4
36.0	29.642958471488118	20.378702903137338	20.3691289043594	29.609096382405966	1.1333860918331686E-4
37.0	29.648026815558648	20.42695490610558	20.314902131358636	29.610013770068733	1.0237690840389194E-4
38.0	29.663319790600866	20.369676735912588	20.30187150521442	29.665021835927462	1.1013234466192593E-4
39.0	29.67167300885866	20.397185732802942	20.295225566418885	29.635845436858517	7.025506099895671E-5
40.0	29.64126344262844	20.415251508069417	20.35325548125848	29.590145301843666	8.42661999945818E-5
41.0	29.667465309279358	20.375744659571893	20.31282227014812	29.643887065406627	8.069559400291528E-5
42.0	29.614357148355964	20.429455158150432	20.342179435659467	29.613707402963875	3.0085487026518585E-4
43.0	29.61531105440887	20.412208022781105	20.328979130565962	29.643273681081535	2.2811116252342446E-4
44.0	29.609934570432237	20.41176220205215	20.322221721040954	29.65583246879564	2.490376790196555E-4
45.0	29.611758173390605	20.40223452584356	20.342539901359974	29.642813850472717	6.535489331386955E-4
46.0	29.64578851438865	20.36283900073192	20.363333351983275	29.627910116161303	1.2901673485009494E-4
47.0	29.62804629623949	20.397378664225695	20.323102505824828	29.651290656961997	1.8187674799404995E-4
48.0	29.626783939652245	20.400733704519915	20.34255941396524	29.62982661405336	9.632780923744133E-5
49.0	29.64540140813852	20.406090316699157	20.311886514561838	29.636460772491013	1.6098810946975077E-4
50.0	29.641841544790733	20.430790734533904	20.29458591929384	29.632661693592915	1.2010778860393796E-4
51.0	29.63683649758133	20.412552308896103	20.302083328611413	29.647407555534805	0.0011203093763483781
52.0	29.62979718341566	20.396757493937248	20.336692708811277	29.63665389997738	9.871385843728713E-5
53.0	29.63675118759655	20.419447885982393	20.2718676754241	29.67135617553463	5.770754623214664E-4
54.0	29.63804821791049	20.398828636024096	20.294053326428614	29.66896922739673	1.0059224007944958E-4
55.0	29.60948140537753	20.364784327985724	20.331961875224657	29.693398604189326	3.73787222764476E-4
56.0	29.634560569772876	20.35407395787313	20.295425463474963	29.71584267134599	9.73375330357339E-5
57.0	29.64639535523894	20.34151644391768	20.337347416396252	29.674649751884154	9.103256296785048E-5
58.0	29.653250391912273	20.330440036465554	20.299888797833717	29.71632015871128	1.006150771772583E-4
59.0	29.67201062776011	20.31777793086825	20.31358712346007	29.69645966007931	1.6465783226051673E-4
60.0	29.68373119509899	20.31801839384751	20.31050455201485	29.68727299716122	4.7286187743188365E-4
61.0	29.657289299017346	20.331360948010463	20.31516266607581	29.69601072816862	1.76358727760964E-4
62.0	29.662613968726603	20.320301277114524	20.293633405968446	29.723341443911693	1.0990427873440666E-4
63.0	29.677919787448094	20.344795587040704	20.274591029816257	29.70170941965909	9.841760358567059E-4
64.0	29.67773852348843	20.31199067478641	20.29898593805181	29.710445935416875	8.389282564740174E-4
65.0	29.65294690045699	20.32874505858458	20.276548097052306	29.7417004077617	5.953614442710905E-5
66.0	29.6169413145979	20.336585958202427	20.311116020615174	29.73528883742657	6.786915792808274E-5
67.0	29.66846704254885	20.30993993990068	20.308798806728753	29.712704336371417	8.987445029518038E-5
68.0	29.642444395581908	20.37270549571716	20.27680331624078	29.707936134522896	1.106579372581791E-4
69.0	29.629572163570522	20.337876791350894	20.29364980558123	29.738802552201506	9.868729585693326E-5
70.0	29.65133455910544	20.311297928960002	20.257165711693165	29.78010278795496	9.901228643462368E-5
71.0	29.59338992586675	20.362425400202625	20.27058999251113	29.773189019958473	4.0566146102286705E-4
72.0	29.646085023705925	20.320801600806814	20.3053799380284	29.72756590098946	1.6753646940096615E-4
73.0	29.599406850819676	20.36230275793777	20.302206678408357	29.735896134032863	1.8757880133338792E-4
74.0	29.639394407999532	20.345382121110173	20.26256872608989	29.752091454766088	5.632900343159357E-4
75.0	29.635813968117237	20.331502752558922	20.27929625064583	29.753270902300276	1.1612637773453834E-4
76.0	29.630864098987566	20.330810331006198	20.27984201943524	29.758317873020374	1.6567755062870767E-4
77.0	29.636982180607774	20.354119999248276	20.279863491998825	29.728921626180032	1.1270196509118618E-4
78.0	29.640906495313935	20.333136203651026	20.264078373871968	29.76168241482169	1.9651234137795954E-4
79.0	29.663001976132342	20.32964906449024	20.284650166124788	29.722182379890977	5.1641336165662E-4
80.0	29.67740665130601	20.29513417592718	20.25720260302109	29.770095685887966	1.6088385775799688E-4
81.0	29.618726527431317	20.340891964360605	20.27551319604311	29.764768303122718	1.0000904224611965E-4
82.0	29.596286926438697	20.330021346401452	20.304155568093847	29.769425737991007	1.1042107499505436E-4
83.0	29.623126905009016	20.3551640723527	20.233071060896222	29.78854008582365	9.787591840896477E-5
84.0	29.642958497214483	20.348524847563716	20.263520090848175	29.74490266519808	9.389917554356969E-5
85.0	29.6156272514373	20.33061265425406	20.25769669760415	29.795829956607832	2.3344009665405958E-4
86.0	29.60681214122094	20.335045063776906	20.25218850650477	29.80519460390504	7.596845923463349E-4
87.0	29.607624387968784	20.311279818811485	20.282587654299633	29.798138548898123	3.695900219692782E-4
88.0	29.644385584630783	20.327149484946492	20.256729830669368	29.771516623751037	2.184760023173119E-4
89.0	29.617301541639552	20.343627561261627	20.247739246658	29.79125364699236	7.80034484588682E-5
90.0	29.59944688328927	20.346857657394132	20.251400704544228	29.801417213837077	8.775409352902201E-4
91.0	29.575717464646505	20.371761212265817	20.250023684574735	29.80230928904572	1.8834946722016296E-4
92.0	29.624229749507442	20.336691411734364	20.252185358400208	29.786789262180864	1.0421817712105504E-4
93.0	29.58161569024969	20.378300926988103	20.25730275084591	29.782692452808448	8.817910784952035E-5
94.0	29.61944332437486	20.342102884278162	20.23092379796737	29.807414464714054	1.1552866555013963E-4
95.0	29.6148465774191	20.3817068649072	20.240550142910127	29.76261171222846	2.8470253510886885E-4
96.0	29.609310701548786	20.371562517655374	20.214873533991533	29.804111096472653	1.421503316578951E-4
97.0	29.60342899474262	20.36557985695608	20.212865097954623	29.817811766214874	3.1428413180329496E-4
98.0	29.590694148105566	20.39253803203451	20.216566630413375	29.80010819580972	9.299363682655343E-5
99.0	29.604434527542328	20.3692059923344	20.219998875271703	29.804808516538174	0.0015520883133964478
100.0	29.575656551690134	20.360017315122004	20.246977799891315	29.817211541127627	1.3679216892191357E-4
101.0	29.589029881773637	20.377947081463336	20.21831258579299	29.814597781233466	1.126697365722909E-4
102.0	29.59084985935274	20.387704169151416	20.220333527401525	29.800976052861273	1.3639123304432237E-4
103.0	29.590582447962305	20.383996943892697	20.21424813841225	29.81101371252896	1.587572037832215E-4
104.0	29.569034496678764	20.40535730329434	20.194626072207072	29.83088207441475	1.0005340506828965E-4
105.0	29.58923990930245	20.370945716630708	20.232248919224887	29.807394325017896	1.7112982406142788E-4
106.0	29.611598032045695	20.36911134355411	20.218494840615325	29.800669644592258	1.2613919261235545E-4
107.0	29.56339120257069	20.372929443167802	20.23571020500369	29.827787045370123	1.8210388770264482E-4
108.0	29.546766091673003	20.381474213460052	20.2591969275991	29.812246266918134	3.1650034970902963E-4
109.0	29.573827344021176	20.371440637589913	20.205683822901687	29.84893637034239	1.1182514483592759E-4
110.0	29.520414717132017	20.385586237508928	20.247338849300462	29.846525405095786	1.3479096280510775E-4
111.0	29.586553189319336	20.35663523243637	20.218979352762386	29.837696838938577	1.3538654332866608E-4
112.0	29.584688530765913	20.35527980818491	20.210299821571688	29.849615277860636	1.1656161685856566E-4
113.0	29.5504799385496	20.370588861020444	20.242186107136224	29.836654022897342	9.107039639186896E-5
114.0	29.56221190590996	20.417620660364978	20.193157800943222	29.82683483909923	1.7479368260345617E-4
115.0	29.587339805719452	20.371581529338716	20.23181314621975	29.80914736576589	1.1815295618942538E-4
116.0	29.550027380508855	20.39936520939911	20.233365980244063	29.817102948784445	1.384810635306113E-4
117.0	29.516741869195055	20.387877920552572	20.22691030612949	29.868347334063948	1.225700589338376E-4
118.0	29.520833421737997	20.39071781839428	20.229332924633383	29.85897938003912	1.3645519522786229E-4
119.0	29.551565471086054	20.397307059182587	20.211488403983527	29.839460146358064	1.7891938975846683E-4
120.0	29.502732286062706	20.421337046033177	20.242006439780784	29.833694071554874	2.3015656845762691E-4
121.0	29.520144835565702	20.41754248290771	20.259408998848883	29.802785523971824	1.1815870587858974E-4
122.0	29.483666432797605	20.44154272985844	20.228474152946024	29.846194571370383	1.2211302754693517E-4
123.0	29.517680501400385	20.393849589361032	20.259297341822798	29.829054975650156	1.1759176563149896E-4
124.0	29.498566273542444	20.398265741349196	20.21643277773033	29.886615321276	1.1988610203749341E-4
125.0	29.489045358049964	20.416593647539948	20.25337449061682	29.840859127338053	1.2737645520930028E-4
126.0	29.489625326888923	20.423082317832066	20.24633318386528	29.84085190182833	1.0726958540633969E-4
127.0	29.614841445538982	20.33572427278792	20.216949135564814	29.83235471953008	1.3042657820985418E-4
128.0	29.7469122292869	20.206903679571184	20.330956184690848	29.71509331755835	1.3458889272127363E-4
129.0	29.534890074870024	20.25913675141066	20.460937838367084	29.744873687854994	1.6164749723552032E-4
130.0	29.36677741532726	20.31130906259157	20.37774059662272	29.944022795702192	1.5012975626522382E-4
131.0	29.326108527583777	20.35190167641361	20.108203059466337	30.213666003124118	1.2073341215686387E-4
132.0	29.012673418007985	20.595704402447343	19.996732144990283	30.394754350015084	1.3568453930198196E-4
133.0	29.12320806332257	20.472871995504626	20.21167112171376	30.192112382762954	1.3643669609277078E-4
134.0	29.213193756036805	20.369669125292887	20.172830273914993	30.244155202513163	1.5164224215619672E-4
135.0	29.3954473263972	20.23437740819876	20.30212148593368	30.067912180787097	1.4159868326295215E-4
136.0	29.45569555477227	20.345327682311357	20.315730232278092	29.883124212037725	1.2231860055690746E-4
137.0	29.599915592875764	20.32311762546278	20.226683293959375	29.850153116447714	1.3037125436500405E-4
138.0	29.6222494069941	20.367933641842164	20.36724667686231	29.642448393417904	1.2188088352265005E-4
139.0	29.16905430392771	20.715761355985503	21.357104596030354	28.75793298401471	1.467600417214648E-4
140.0	27.674469892879245	21.44459219550776	21.321059114628685	29.559731135224173	1.4766176014051718E-4
141.0	29.16060032621149	19.9350191826315	19.56515355463958	31.339117829392766	1.0910712466702339E-4
142.0	31.007069526388463	19.679242422096493	20.84453540326202	28.469065548743195	8.709950982668032E-5
143.0	31.06449937233392	19.2645085779125	21.230635288794534	28.440290053867884	6.6707091163912E-5
144.0	32.795707860184905	19.16917111202243	18.569865902356277	29.465205284774115	4.984066227811967E-5
145.0	27.80053814885197	20.4925471821544	19.253784825368967	32.452616758774724	5.130848499411022E-4
146.0	27.98589380840933	20.569925204569323	19.3435297122375	32.10057352687638	7.774790746366305E-5
147.0	28.99650158008631	20.516319335359345	20.06054501200958	30.42658512497431	4.8947570456013973E-5
148.0	31.479230584363272	18.84743862594461	20.0675659217427	29.605358569094324	4.0629885509518984E-4
149.0	31.370962963010037	20.993867283126356	19.46626640317474	28.152857435859634	0.01604591482923731
150.0	20.4364737210932	29.413416576415873	21.86829483340766	28.278840542778877	0.0029743263043893737
