# Position (bp)	A	C	G	T	N
0.0	26.614043328300152	24.37407287444102	25.398518160799767	23.602010915222507	0.01135472123655405
1.0	28.662664311432813	18.892363875652716	19.260693521689053	33.16363470805286	0.020643583172563547
2.0	29.669146314980534	20.264020185510443	18.741897729529676	31.318651271719013	0.00628449826033793
3.0	32.14391214624458	19.396039637143197	19.683360795559476	28.776268200243955	4.1922080879418374E-4
4.0	32.317935335462494	19.02662865559856	20.339760682370354	28.315042344867503	6.32981701084903E-4
5.0	33.15698722353676	18.9547590500707	19.947874059298336	27.938269808407988	0.0021098586862137387
6.0	28.655068091217718	18.97902903190652	18.16748514567153	34.18824187620616	0.010175854998070718
7.0	28.60163369904527	21.26425591466644	18.9118088616645	31.219050765392975	0.003250759230815063
8.0	28.17054899648912	20.892721952056164	19.02805187807045	31.90470212574691	0.003975047637355605
9.0	32.151481126017885	19.036549395275205	19.401237024727934	29.408749439329267	0.001983014649704654
10.0	29.91250860040356	21.255856404903465	21.30009808265301	27.531094700412197	4.4221162777125726E-4
11.0	28.9391726237826	21.20024031532564	20.28329115212565	29.576853926502082	4.419822640263527E-4
12.0	29.840778663752882	20.046288472692456	19.82325546735654	30.288862760977516	8.146352206085974E-4
13.0	29.98135653525276	19.992767371268055	19.772763107140946	30.246619495732546	0.006493490605690977
14.0	29.986210168466698	20.093151077259247	19.914765226410477	30.00564375326501	2.297745985694154E-4
15.0	30.15939738581452	20.113495838697396	19.847553070021913	29.8786645746852	8.89130780973138E-4
16.0	30.2121507784343	20.051006715498136	19.933709751122983	29.799980368480618	0.0031523864639628183
17.0	30.1734488363599	20.077797572918428	19.9782933301246	29.766189146062853	0.004271114534214167
18.0	30.184071902846743	20.02181098361389	20.032229646433688	29.75709755147623	0.004789915629446993
19.0	30.11947210096543	20.056082005484406	19.893909068998987	29.930048572703434	4.88251847737678E-4
20.0	29.990679295813084	20.17839651589726	19.872222330521442	29.958188771651873	5.130861163453259E-4
21.0	29.917344629618903	20.18701696392104	19.872450306399543	30.022606849074496	5.812509860202819E-4
22.0	29.89253068935151	20.068600363728013	19.86487912815042	30.170792714554466	0.0031971042155918765
23.0	29.961118173068524	19.98422148380048	19.951271343682393	30.10276390894665	6.250905019545742E-4
24.0	29.97076689150921	20.02402844818451	19.975300130082253	30.02707725095278	0.002827279271247072
25.0	29.991030599185464	19.994915453409412	20.01740039752741	29.99479371235458	0.0018598375231308004
26.0	29.993122806289158	20.011664410822085	19.989950420246025	30.00275503157461	0.002507331068125839
27.0	29.935014883838672	20.051031204150405	19.981271668252116	30.027404955059616	0.005277288699190609
28.0	29.942755471133648	20.03767335281143	20.029213705797858	29.99011034352107	2.471267359936479E-4
29.0	29.91491021352098	20.058027559267792	20.001088768680056	30.02552516227478	4.482962563916154E-4
30.0	29.89189900814103	20.04609237617619	20.016701428005156	30.045035778690927	2.7140898669081055E-4
31.0	29.930931984816727	20.020864840424455	20.00192120383706	30.046069438179256	2.125327424976849E-4
32.0	29.920184381601217	20.06133653017896	20.023375055704243	29.99446882197124	6.35210544342724E-4
33.0	29.980084894986092	20.027591254821996	20.025725606244617	29.953715559068154	0.012882684879141949
34.0	29.898222681523535	20.07814001446547	20.03303630331206	29.99044411721857	1.5688348036981846E-4
35.0	29.881279699450893	20.079711607818698	19.995571106983814	30.04312154276157	3.160429850237899E-4
36.0	29.914655544420132	20.048551241944644	20.032709364422388	30.003708597933894	3.752512789446531E-4
37.0	29.932401995723453	20.06712671098375	19.97719464122071	30.022576694255747	6.999578163410767E-4
38.0	29.94836282857586	19.998103862278434	19.99245659854295	30.059782776709394	0.0012939338933603565
39.0	29.9340635231562	20.053482654949775	19.985122091010826	30.026304130014303	0.0010276008688925857
40.0	29.901945303331207	20.06572856431605	20.039446965673033	29.980709376789477	0.012169789890230017
41.0	29.918935892498013	20.03018578873242	19.99267343303178	30.057955854181955	2.4903155583144216E-4
42.0	29.87468207372111	20.093430356475746	20.023893548696066	30.007718146612223	2.758744948547235E-4
43.0	29.883664859287567	20.048771925193137	20.018842736264222	30.047891464710247	8.290145448250075E-4
44.0	29.873899743079647	20.061347917370277	20.03448593387046	30.0288440928063	0.0014223128733184794
45.0	29.86501213052936	20.05835605217845	20.045452124949144	30.022805591067776	0.008374101275274031
46.0	29.90718610219586	20.015149818486368	20.08133490914012	29.99598523486902	3.4393530862866496E-4
47.0	29.9035355290324	20.053590412491783	20.016672514896054	30.025907938352514	2.9360522724328333E-4
48.0	29.89864967322367	20.04311486054346	20.01215954661342	30.045895674538432	1.8024508101539098E-4
49.0	29.9115881851269	20.047586244255466	20.03531980760745	30.003935046272485	0.0015707167377036425
50.0	29.912445868692416	20.066036343545317	20.015123067433723	30.00151331800147	0.0048814023270714445
51.0	29.904388498839392	20.04993108418326	20.03348469213718	30.01200267248806	1.9305235210963887E-4
52.0	29.896162828659744	20.050222652745873	20.071806928048634	29.981701949114253	1.0564143149511274E-4
53.0	29.916767125351818	20.06010643727202	19.994565638455068	30.028388019488496	1.727794326041808E-4
54.0	29.88920132651304	20.044578527401335	20.03061607687259	30.03547054033115	1.3352888188997953E-4
55.0	29.86054893168954	20.06285960725612	20.033386123018467	30.04142822942902	0.0017771086068585666
56.0	29.879033499737584	20.054862656578358	20.018971170921212	30.046805146354544	3.2752640830406007E-4
57.0	29.884153588233097	20.051823986015833	20.061833848158923	30.00204651688701	1.4206070513973946E-4
58.0	29.897338887721205	20.060579748309518	20.018558688378484	30.0233471908395	1.75484751297764E-4
59.0	29.912047413457465	20.052797793878185	20.017305311261275	30.017634423043305	2.1505835977091256E-4
60.0	29.918813772436593	20.03238663414954	20.026616639880505	30.01895608907901	0.0032268644543575215
61.0	29.91469943325092	20.052521003692014	20.043043890272386	29.989060467850592	6.752049340921796E-4
62.0	29.91570470902478	20.039007046488848	20.025156971813747	30.019777901778717	3.5337089390686757E-4
63.0	29.928020416187078	20.06464552619414	19.991391916318317	30.01574205796728	2.000833331878827E-4
64.0	29.93011247244318	20.032112757681986	20.0158143547147	30.020715876297782	0.001244538862349421
65.0	29.8880161044718	20.041446774748287	20.01744136926379	30.052865100458114	2.3065105800921704E-4
66.0	29.878277882006333	20.047380354402783	20.0277727681252	30.046255406122864	3.1358934282328443E-4
67.0	29.898384362952235	20.029452648881254	20.044988268133718	30.026989189028797	1.8553100400035458E-4
68.0	29.877830785510497	20.104697227111878	19.998906597693544	30.01832862692727	2.3676275681107259E-4
69.0	29.880595948999332	20.08069339498214	20.009168198453306	30.029033652600052	5.088049651695657E-4
70.0	29.900053859503466	20.025127253356885	19.989447240561006	30.085283620737503	8.802584113677285E-5
71.0	29.844471737980673	20.082690065862412	20.016280782652718	30.055615122954237	9.42290549962946E-4
72.0	29.89727827144504	20.0383090040163	20.044208170836512	30.020056302389385	1.4825131275919735E-4
73.0	29.875721073812265	20.073801307457416	20.030699104453937	30.01968074879252	9.776548385756042E-5
74.0	29.916369047342318	20.048228432788243	20.01086399641462	30.0244325241745	1.0599928032067572E-4
75.0	29.876498191188748	20.067213006663874	20.035384247066975	30.02056491419358	3.396408868243359E-4
76.0	29.87469594853375	20.05718514048435	20.016133352627673	30.051413321311383	5.722370428506336E-4
77.0	29.88048917366709	20.08263994535805	20.017197355968356	30.019507790779702	1.6573422679948865E-4
78.0	29.876889493537668	20.062635190760762	20.023882526815502	30.03602789944626	5.648894398076315E-4
79.0	29.908096796746946	20.064834636526204	20.038297206053862	29.988278676307417	4.926843655688731E-4
80.0	29.942169593516375	20.040034594692322	19.989755836025328	30.027942261970637	9.771379534136203E-5
81.0	29.865442436578128	20.07547571791621	20.041002000088078	30.017351315321868	7.285300957163046E-4
82.0	29.856328604547617	20.047591151707948	20.052793359729698	30.04281481318048	4.720708342601102E-4
83.0	29.893183718191395	20.078659606493414	19.9840162774864	30.044025164202882	1.15233625912559E-4
84.0	29.894799529793076	20.075041880552178	20.012216715664586	30.017719208268566	2.2266572159680944E-4
85.0	29.887430093362877	20.059941614502964	20.02560958329735	30.026841762406164	1.7694643064355254E-4
86.0	29.856559318351323	20.082208900885277	20.008701006764124	30.05088209821168	0.0016486757875961346
87.0	29.872069668832328	20.056586921486673	20.030521320768237	30.04067111636473	1.5097254802725376E-4
88.0	29.885463651956535	20.0757747996139	20.01673179566428	30.021911547280876	1.1820548441036482E-4
89.0	29.83952402682586	20.08500476040666	20.02671723719279	30.047908416817936	8.455587567510194E-4
90.0	29.86444729212792	20.081029263205536	20.006508721454537	30.043307309845506	0.004707413366497068
91.0	29.839887572868122	20.092103712628063	20.029671253778258	30.034350859795474	0.003986600930086717
92.0	29.857444749088213	20.08990602970529	20.038951266192797	30.013576922321267	1.21032692428725E-4
93.0	29.852239704268573	20.117238053986743	20.038171713966012	29.99033391231734	0.0020166154613374876
94.0	29.86853921010489	20.07880201594687	20.030311732071603	30.022181794005476	1.6524787116375782E-4
95.0	29.89912718918318	20.108671597406804	19.991329656326258	30.00005141207517	8.20145008595545E-4
96.0	29.874789210525115	20.085180098859148	20.016081865087855	30.023696420731504	2.5240479638056427E-4
97.0	29.8545381194448	20.115956139489537	19.983481700470833	30.04511467908807	9.09361506758464E-4
98.0	29.834974925312945	20.14007749564293	20.017931981683045	30.005368344976436	0.001647252384642452
99.0	29.84599339693584	20.123802939903737	20.01187041885621	30.018009206896302	3.240374079173677E-4
100.0	29.837020533794977	20.102796739422914	20.027730924092126	30.028321172190164	0.004130630499816897
101.0	29.83871103924599	20.114480013778984	20.027400317858916	30.018531044897085	8.775842190223838E-4
102.0	29.83128522151779	20.107451982475368	20.032598789374315	30.028313147603196	3.508590293306584E-4
103.0	29.85615416843374	20.105107816366864	20.03842643464607	30.000160963640198	1.506169131241776E-4
104.0	29.819779461270524	20.152845010328818	20.011044977474377	30.016125793117393	2.047578088869496E-4
105.0	29.850934016085183	20.112107749984443	20.031511421598026	29.999902731970884	0.005544080361464569
106.0	29.85409603630007	20.09559289973466	20.037955864749705	30.012177923435935	1.772757796333419E-4
107.0	29.84035193180049	20.104870147867132	20.044695438520858	30.009945770641494	1.3671117002709437E-4
108.0	29.808202850677734	20.125749238537782	20.072705058326758	29.993243567128086	9.928532963543579E-5
109.0	29.85667870877681	20.100595224756226	20.030916012501102	30.0117297829614	8.027100446398335E-5
110.0	29.78582002523073	20.125157650521277	20.062145646824334	30.021398615817034	0.0054780616066172644
111.0	29.840110996249773	20.10396274803264	20.032149532929523	30.023594780514706	1.8194227335550976E-4
112.0	29.84893152399063	20.085042120095682	19.994705734006835	30.06992584707671	0.0013947748301365657
113.0	29.819093523333105	20.093550963209697	20.06399605886405	30.02297583334068	3.8362125246474145E-4
114.0	29.81970605691228	20.139807781664366	20.03366532030439	30.006716823962975	1.040171559857377E-4
115.0	29.85808761420389	20.092511497959546	20.085054201824875	29.964263289121302	8.339689039494407E-5
116.0	29.813402929688543	20.147775403983097	20.065084789547498	29.973679574930834	5.7301850034047415E-5
117.0	29.775710974918766	20.11525465832011	20.059951313186815	30.049000602051557	8.245152274547244E-5
118.0	29.774442302229986	20.13803241201191	20.06950876712386	30.01779703052779	2.194881064509729E-4
119.0	29.825831311756502	20.131533363209776	20.027172948230927	30.015375447708603	8.692909419259049E-5
120.0	29.791216673349812	20.12793943167463	20.07522779317962	30.005379152713115	2.3694908282865675E-4
121.0	29.804388325066444	20.148262639065802	20.090665412698684	29.956242693996433	4.4092917263920356E-4
122.0	29.772227683024344	20.149522186543948	20.07362618443279	30.00452745411137	9.649188755746964E-5
123.0	29.780097481137986	20.119772782992232	20.10096470501435	29.998117888420673	0.0010471424347568504
124.0	29.77455539925757	20.09569404983148	20.072978157628725	30.056651307903714	1.2108537851124207E-4
125.0	29.767227069126918	20.13170874613736	20.061436032956845	30.039066030768712	5.621210101693898E-4
126.0	29.78788819021644	20.131463812723528	20.083072110695007	29.99566906262273	0.0019068237422979843
127.0	29.852431185835794	20.090467258911975	20.06843036073284	29.988588700861733	8.249365765883527E-5
128.0	29.898785681753104	20.025556977851398	20.131638795380326	29.943866318364677	1.522266504962575E-4
129.0	29.79342968382165	20.038780757530187	20.21770447349997	29.949944980248098	1.4010490009360054E-4
130.0	29.730519781411648	20.024929363959473	20.22446675054697	30.019313095707943	7.710083739617932E-4
131.0	29.655254601556102	20.075093104289277	20.134993323359964	30.134359602907494	2.993678871600966E-4
132.0	29.519635514705183	20.18882381243379	20.09602252052107	30.183311583803533	0.012206568536425186
133.0	29.530117583928632	20.150570158104085	20.175052508365685	30.144139810708065	1.1993889353252305E-4
134.0	29.538906750003978	20.134294869873607	20.12258289400567	30.20412702173923	8.846437751478128E-5
135.0	29.618633954592866	20.06153018535512	20.180451328338076	30.138246343494014	0.0011381882199209125
136.0	29.70988153003423	20.09786325630041	20.197218599017493	29.994889842705437	1.4677194242854882E-4
137.0	29.947692649325795	20.02168323262846	20.112050174147747	29.918236468355055	3.3747554294363054E-4
138.0	29.987123158341177	20.02586692133404	20.20134494327744	29.784323773925426	0.0013412031219190092
139.0	29.294790826555932	20.521123671864213	21.261540375406362	28.922409014866474	1.3611130701617131E-4
140.0	27.453594285239852	21.406778699794547	21.243509236214226	29.895913195826378	2.0458292499581527E-4
141.0	29.248644109495856	19.585932039421323	19.24829046770078	31.915925312826428	0.00120807055561581
142.0	31.51248504002983	19.27252944988225	20.98173481916373	28.223702362833087	0.009548328091102561
143.0	30.966802023410935	19.141422744337444	21.27222658037404	28.614918903087254	0.0046297487903281444
144.0	33.568697571787055	18.53201580301345	19.107834475553297	28.791053342562645	3.98807083551193E-4
145.0	27.7673861511826	20.217594245256564	19.033184791207137	32.981066409639645	7.684027140514811E-4
146.0	28.126843053316207	20.49122450464228	19.100324705087	32.281394952199946	2.127847545639809E-4
147.0	28.496965857920593	19.84675452675676	19.58030433306339	32.07541036018053	5.64922078725141E-4
148.0	30.890974119763765	19.006260729856546	20.320147381064828	29.78225140247138	3.6636684348000044E-4
149.0	32.67477352239939	19.54424234929934	19.176018233608342	28.58941472555384	0.015551169139080346
150.0	23.193598780862164	25.700833800758033	24.48692920571763	26.615428688178895	0.0032095244832824775
