# Position (bp)	A	C	G	T	N
0.0	26.17726075087883	24.389217826961765	25.493357951544226	23.885159660203577	0.055003810411600615
1.0	28.560585933185468	18.408563242752702	19.019191416383322	34.00601366620197	0.005645741476534911
2.0	29.97981121108051	19.829707441773113	18.80218492987195	31.383555239014065	0.004741178260360326
3.0	32.62268635324933	19.210743889973145	19.662062144687557	28.50057029061455	0.003937321475421132
4.0	33.07861934568403	18.66418966557621	20.221431479835683	28.034735791837296	0.0010237170667771198
5.0	33.65178179424363	18.769897235101233	19.756711878320726	27.819682666017847	0.001926426316559986
6.0	28.409377866915037	18.80708211074428	17.848285544599662	34.93042202276014	0.004832454980875132
7.0	28.292302998279645	21.54251678573759	18.597002329551156	31.546318389508677	0.021859496922935887
8.0	28.21140641667833	20.985415800255165	18.931968527198734	31.870452181701687	7.570741660832644E-4
9.0	32.63057497284168	18.85917799466582	19.329844622580026	29.177975802382505	0.0024266075299664513
10.0	29.954765797443343	21.394919286405724	21.404439522148937	27.23460956823398	0.011265825768012036
11.0	28.807501902455794	21.360347967915345	20.23411461753516	29.58318854846509	0.014846963628614734
12.0	29.864659896313878	19.9979216207206	19.674561114631224	30.460910943842073	0.001946424492226739
13.0	30.05648552994524	19.930434693023084	19.652841290893345	30.358762547329366	0.0014759388089652396
14.0	30.05235938949788	20.07723139122708	19.817651816404318	30.048550876214573	0.004206526656151446
15.0	30.238780732647296	20.092850556426317	19.75037779105057	29.917386892160614	6.040277152003848E-4
16.0	30.312760570723192	19.990884642108647	19.862943105901778	29.830177434810235	0.0032342464561469562
17.0	30.303672338791525	20.020240421886555	19.94295344002744	29.731224600776013	0.0019091985184619496
18.0	30.30191954335319	19.948919504837022	19.993611383607377	29.749674622233048	0.005874945969363259
19.0	30.208811003879738	20.004380342888293	19.820810690810404	29.965227880477368	7.700819442007017E-4
20.0	30.05231662858811	20.157451737509575	19.805426579372842	29.984185732572282	6.193219571867299E-4
21.0	29.9536876187392	20.176327130704095	19.797722599910127	30.070815766001402	0.0014468846451735824
22.0	29.94408503951596	20.037304356749384	19.79514764610707	30.22282560191242	6.373557151659507E-4
23.0	30.035926526479447	19.934786301752897	19.886000632871376	30.140651408608253	0.0026351302880298264
24.0	30.041479310861913	19.96994447646386	19.92543926675041	30.06073686715276	0.002400078771062711
25.0	30.063020705862876	19.95521688909238	19.96711477055046	30.010175355096138	0.004472279398152562
26.0	30.065551651045126	19.974056975650416	19.933382076179313	30.025961440114273	0.0010478570108687264
27.0	29.998871501537195	20.013493293272223	19.9398541118351	30.04685712255982	9.239707956622356E-4
28.0	30.007518807684907	20.01309692044331	19.980710142530082	29.99706734918748	0.0016067801542261468
29.0	29.96898706881125	20.014777803855505	19.94536118992025	30.06908534520209	0.0017885922109084258
30.0	29.964559299301936	20.007257030767764	19.95550877912325	30.071616079337204	0.0010588114698469036
31.0	29.981728254345676	19.979579511926914	19.95245070950322	30.08519875216803	0.0010427720561624761
32.0	29.991240407620285	20.0263600155948	19.962513297207312	30.018611804722727	0.0012744748548719708
33.0	30.05137065143729	19.995290629800934	19.954090178237855	29.996276698549185	0.002971841974740613
34.0	29.948834051566063	20.050796129154975	19.960019071814276	30.038408962187297	0.001941785277384027
35.0	29.930793272207758	20.05453315715412	19.93625665001472	30.07601591034436	0.0024010102790460153
36.0	29.961642603566595	20.01037452373177	19.96874130857469	30.057242989137258	0.001998574989685791
37.0	29.98952097110258	20.026546848054156	19.912411096667	30.071141908167988	3.79176008277582E-4
38.0	30.010247673379165	19.955766431707943	19.93263518556949	30.100431737249618	9.189720937862075E-4
39.0	29.99807248374733	20.022784459006427	19.920297610480713	30.058157386582902	6.880601826339183E-4
40.0	29.936575634540546	20.024168793014134	19.995693563281296	30.04148137546874	0.0020806336952793577
41.0	29.973989839733527	19.989354804794278	19.926264547862047	30.10975655282333	6.342547868142048E-4
42.0	29.921408882092056	20.068054968834918	19.959697606793362	30.048835566495395	0.002002975784270992
43.0	29.942066073767	20.013017681233762	19.951332615441622	30.09096891473505	0.0026147148225675767
44.0	29.922317255613535	20.02523464549742	19.975304907280485	30.07645819750575	6.849941028147751E-4
45.0	29.921340178332674	20.02287124100205	19.990626641462825	30.0613674387318	0.003794500470648837
46.0	29.94547280676727	19.971677089518288	20.027199016062244	30.054959015445355	6.920722068428398E-4
47.0	29.959036847744763	20.03299290418931	19.94140027045702	30.06571971475304	8.502628558632668E-4
48.0	29.94972617520068	20.004961479954535	19.953917048905833	30.085731010687095	0.0056642852518555475
49.0	29.964774044302477	20.003322763669356	19.96519351651322	30.058772717527415	0.007936957987527693
50.0	29.960869712495565	20.022127106854498	19.960883339958876	30.05518149250314	9.383481879172681E-4
51.0	29.961293034123948	19.990526709266227	19.980950375857915	30.063533615116018	0.0036962656358964455
52.0	29.937295372621136	20.00462102055689	20.02084937175054	30.03656514572746	6.690893439696366E-4
53.0	29.97385042897224	20.006062349832455	19.932079403054658	30.08567207194161	0.0023357461990339344
54.0	29.923930628438374	20.0093896883435	19.982860535802775	30.082930582987906	8.885644274476137E-4
55.0	29.887447783745973	20.03228563551416	19.979463914932467	30.098324614647765	0.0024780511596323297
56.0	29.90798633202224	20.018215038115244	19.967431731598705	30.105463794089243	9.031041745684165E-4
57.0	29.930111429191943	20.01976949404664	20.001890695344223	30.04212284594896	0.00610553546823821
58.0	29.932049517197807	20.030375904499888	19.95343100267123	30.081197679428367	0.0029458962027080118
59.0	29.971157519638698	20.00955315176437	19.963651500274807	30.0549666700198	6.711583023247908E-4
60.0	29.96049867394594	20.00038171319109	19.965516445569815	30.06978204256645	0.00382112472670174
61.0	29.958087721234023	20.027144680651514	19.986477495439377	30.02730539599049	9.847066845992695E-4
62.0	29.964890478114683	20.007602147461196	19.96567496997463	30.059954439280933	0.0018779651685614186
63.0	29.98798923860558	20.033242839807635	19.92878298506912	30.047014275804706	0.002970660712955755
64.0	29.962193860919793	19.987152251505222	19.96633343113031	30.082905115373283	0.0014153410713914165
65.0	29.91102714539735	20.009041310993734	19.965475911416252	30.10694108078329	0.00751455140937453
66.0	29.899057737542822	20.00829563619589	19.97553210796387	30.09469672755165	0.02241779074576821
67.0	29.92425521117883	19.99224064694505	20.00223181433872	30.079005577626578	0.00226674991082289
68.0	29.90402923934379	20.078917286282344	19.943128754820712	30.06956388363018	0.004360835922978354
69.0	29.893450742596556	20.053407081071015	19.963396614272536	30.086369965468094	0.0033755965917984924
70.0	29.919845074727387	19.98581433762531	19.938191919286975	30.1557272310299	4.2143733042773437E-4
71.0	29.864648075665578	20.03801982325981	19.974102468950598	30.11045518479215	0.012774447331860107
72.0	29.91352285370533	20.00284816850699	19.9946383063412	30.08312619053536	0.005864480911114634
73.0	29.888645620273664	20.04524734421458	19.982469410336865	30.077976812925613	0.005660812249280575
74.0	29.943270369033854	20.026136033375135	19.950592920074303	30.0776045818307	0.0023960956860156215
75.0	29.884226101406796	20.05200544075779	20.000291155587828	30.05856534595786	0.004911956289718612
76.0	29.878858579128938	20.04364161996112	19.962027152811228	30.114696217637693	7.764304610194955E-4
77.0	29.89592896275851	20.05582344281581	19.97050409755958	30.07653017902328	0.0012133178428232686
78.0	29.89466318392812	20.027376237921253	19.984515968783555	30.091600079990812	0.00184452937625862
79.0	29.93741645601243	20.036553612851097	19.989644091368802	30.03415793036798	0.002227909399689917
80.0	29.966792207536706	20.006631574845287	19.950689591078614	30.075335009047993	5.51617491400535E-4
81.0	29.877339562978417	20.04165484943084	20.008852228535286	30.0542159043315	0.01793745472396118
82.0	29.874677903480407	20.018739969483512	20.002285310712132	30.099795766166753	0.00450105015719417
83.0	29.91987359737153	20.04823847834051	19.937202001265035	30.090276509343255	0.004409413679671147
84.0	29.911911079400376	20.04464716158429	19.977609228665504	30.062369144034246	0.0034633863155841423
85.0	29.896863153559444	20.039300509923436	19.97957356251773	30.082813276521254	0.0014494974781400585
86.0	29.86440857845634	20.046982294370945	19.97275384951771	30.115235126713248	6.201509417556793E-4
87.0	29.886871002046867	20.028379118400782	19.991567863047425	30.092951198136475	2.308183684488217E-4
88.0	29.904128715661077	20.05374096412963	19.96122741852126	30.07677323451049	0.004129667177542428
89.0	29.852686659515328	20.05973962358957	19.982561545026307	30.10443839710195	5.737747668427553E-4
90.0	29.887444549027776	20.048758564279257	19.950170917648393	30.113404021859687	2.219471848876291E-4
91.0	29.845099701622473	20.06015823750077	19.99483386203343	30.09965970216182	2.4849668151048993E-4
92.0	29.84993612518934	20.08242942794459	19.996384681816245	30.070961562389524	2.8820266029691116E-4
93.0	29.86543523476637	20.091537747499878	20.00427988556782	30.037936613625725	8.105185402096075E-4
94.0	29.893462209275974	20.049976882248703	19.982373586347766	30.073858251572737	3.290705548190574E-4
95.0	29.915993292576648	20.085616357895347	19.959042973733627	30.039076368790262	2.71007004110455E-4
96.0	29.886180864001595	20.072376321099316	19.987724089396718	30.053508311379762	2.1041412261015035E-4
97.0	29.85924347358832	20.10533766838793	19.927171944352338	30.107552404711996	6.945089594183251E-4
98.0	29.844520781385363	20.118110404577312	19.971950354958544	30.064131171436603	0.0012872876421752993
99.0	29.860048858997622	20.107922837333426	19.961347613067318	30.07041318932509	2.675012765448315E-4
100.0	29.846924515579005	20.06674700354793	19.986586030593458	30.097735765157797	0.0020066851218134367
101.0	29.848839347323512	20.081333263474068	19.991791239879486	30.07539196429278	0.0026441850301499362
102.0	29.847986392863156	20.05115390847393	20.001074266429494	30.099332616441917	4.528157915023741E-4
103.0	29.860732076074072	20.075871971524506	20.012544265008483	30.05063911824168	2.1256915126217183E-4
104.0	29.815593402226398	20.121102183676808	19.981963561869705	30.081107405696134	2.3344653095761384E-4
105.0	29.83730002198055	20.09442651314105	20.010600475240153	30.057450054037112	2.2293560113335057E-4
106.0	29.864591422600835	20.077974589888257	20.009175341554215	30.047752619635016	5.06026321682017E-4
107.0	29.831256455601245	20.068314960121015	20.01975780250886	30.080249274730285	4.2150703858967193E-4
108.0	29.806997718852735	20.10097345681561	20.04457221350578	30.047252011394278	2.0459943159549908E-4
109.0	29.87720005814219	20.073688586543835	19.986587063353976	30.062248314995273	2.7597696472733853E-4
110.0	29.777811161458217	20.1000668192368	20.04385544524599	30.07784317500406	4.233990549366911E-4
111.0	29.839105371517228	20.06239961827499	19.99928252014203	30.098835836107025	3.766539587295664E-4
112.0	29.834315458604998	20.064059192568795	19.960927916021635	30.140278031358186	4.19401446386542E-4
113.0	29.820520549722374	20.059441446047764	20.039877384673503	30.0797559256154	4.0469394095700407E-4
114.0	29.81983540982986	20.12195484146771	20.017870139937287	30.040010123999505	3.294847656453753E-4
115.0	29.835132721522644	20.07817964800903	20.068460630306006	30.008338004430467	0.009888995731851697
116.0	29.798079743013005	20.126840082324033	20.05916593021197	30.015598796259045	3.154481919455982E-4
117.0	29.778019632236553	20.092299672558415	20.032617519597622	30.09366268357263	0.0034004920347812644
118.0	29.76816756233387	20.12210712515539	20.033662244108815	30.07515461379618	9.084546057471757E-4
119.0	29.79236580277757	20.11925717996678	19.997894249811377	30.090215828055317	2.669393889549505E-4
120.0	29.774170273691304	20.12567534208212	20.04354936345313	30.05618536956477	4.19651208676092E-4
121.0	29.805852621500943	20.136389319377372	20.05505656653215	30.002370678150324	3.3081443920776556E-4
122.0	29.75373710700413	20.131979436862316	20.048980398904764	30.06506413544648	2.3892178231253443E-4
123.0	29.754482425272084	20.10544354640926	20.078488659291306	30.061352709830828	2.3265919651554236E-4
124.0	29.718307026905443	20.092147254023633	20.056158215941693	30.133040713683044	3.4678944618568336E-4
125.0	29.710928416794825	20.1296336303691	20.04371574657875	30.11512981920468	5.92387052643503E-4
126.0	29.7483092255881	20.110121815196123	20.079086916023492	30.062113013647245	3.690295450394976E-4
127.0	29.813886790561412	20.087813481226778	20.056172387718	30.034352978277962	0.007774362215848767
128.0	29.891142289867773	20.003459258842167	20.12903794412795	29.975209869047593	0.0011506381145203186
129.0	29.77641184942843	20.00799807699949	20.228697595973973	29.984925414883033	0.0019670627150737197
130.0	29.705477735471952	19.98765960301105	20.237045867809375	30.069396951510992	4.198421966301786E-4
131.0	29.60616485631144	20.045801977762164	20.139971324276807	30.20696295535225	0.0010988862973418138
132.0	29.455733636847636	20.194412043489244	20.0636581697662	30.283991005102255	0.0022051447946660114
133.0	29.45346384108331	20.146504863806705	20.171648071971944	30.228042841263616	3.403818744249173E-4
134.0	29.4955989751956	20.093278771964425	20.124514162587197	30.28590413746991	7.039527828699124E-4
135.0	29.578948511713893	20.010106044000317	20.190756947999972	30.21724079487408	0.002947701411739328
136.0	29.70255596834232	20.0396147377667	20.216051638751274	30.040622847107883	0.0011548080318193013
137.0	29.97124152189283	19.952139082043374	20.099864072809925	29.976265660968345	4.89662285532382E-4
138.0	30.050365893743763	19.933596420578215	20.221444365633605	29.793409235220885	0.0011840848235309947
139.0	29.258625393856736	20.51672746161311	21.42453620372487	28.793930674413904	0.006180266391379036
140.0	27.195486166872463	21.501911793768624	21.39061828395373	29.894528590511232	0.017455164893944462
141.0	28.989432692327977	19.583807189861222	19.15612332365345	32.27019144476525	4.453493920941732E-4
142.0	31.364820438394265	19.247607619408434	21.10566298718797	28.281188642468074	7.203125412542637E-4
143.0	31.211395270071613	18.91421532932481	21.54653706865501	28.31787809319954	0.009974238749027076
144.0	34.089314363875296	18.335504266411863	19.018125927254857	28.552918566200002	0.004136876257979841
145.0	27.633292444600098	20.106466089099438	19.007494036168136	33.252486387210986	2.61042921343053E-4
146.0	27.849767219904514	20.43021872441567	18.94393976498987	32.77578457135636	2.89719333590808E-4
147.0	28.206095924993015	19.952730877236494	19.461945649773252	32.37602416185062	0.003203386146618984
148.0	30.842792616599763	19.18171195988147	20.00507660848611	29.97012236677112	2.9644826153764396E-4
149.0	33.08000790450223	19.58325646880048	18.939849694028982	28.39495359936764	0.001932333300671609
150.0	23.445617499930833	25.81929291233443	24.242254685927318	26.443333976443007	0.0495009253644101
