# Position (bp)	A	C	G	T	N
0.0	25.987015758676606	26.679771899956233	23.777156908820594	23.544529625984282	0.011525806562281095
1.0	28.028338859612845	17.87374808388909	18.23640638403766	35.84071707447048	0.02078959798991851
2.0	29.905655965238033	20.317496692473675	19.174538892786426	30.59605346097506	0.0062549885268127605
3.0	33.61737080401614	19.112134461071165	19.382449229048635	27.887648016621057	3.974892430025681E-4
4.0	32.978545594039716	18.73483498702244	20.619811783753185	27.666152696203895	6.549389807595815E-4
5.0	33.87589725390174	18.769287125407903	20.047556675597146	27.30514265933552	0.0021162857576868333
6.0	27.54359041862744	19.246012819528392	17.669643751668257	35.53032334024403	0.010429669931880258
7.0	27.75953560753022	21.640549914556793	18.747155617887294	31.84948174035957	0.00327711966612439
8.0	27.2133550563472	21.28527742850965	18.99437779465681	32.50310181958579	0.003887900900558397
9.0	32.64698906288901	18.687213624995948	19.37134966984269	29.292514047417157	0.0019335948551969673
10.0	30.03218658115439	21.48432236172832	21.916557194087257	26.56650695147874	4.2691155129188934E-4
11.0	28.562408886265807	21.58544867705055	20.595356869335788	29.256345037228325	4.4053011952849123E-4
12.0	29.634259113264577	20.126275064557476	19.81774005767377	30.420898274864594	8.274896395859049E-4
13.0	29.82680170597997	20.069039467004995	19.729148786562686	30.368442737152503	0.006567303299845857
14.0	29.85519476160124	20.215770833295007	19.93877528272245	29.990007542241703	2.5158013959193073E-4
15.0	30.03090042990177	20.2369907047531	19.92464025581447	29.806601546790507	8.67062740151123E-4
16.0	30.00644828736112	20.190806008747124	20.048049592874843	29.751619893164133	0.0030762178527787235
17.0	29.91709517717992	20.245715878418558	20.04807186157169	29.784633542481693	0.004483540348140771
18.0	29.83486359128351	20.265812410751348	20.053690430963343	29.84088353793492	0.004750029066881476
19.0	29.82934013288361	20.265257488243737	19.96686027364002	29.9380406620428	5.014431898368134E-4
20.0	29.771756070478645	20.299505674038798	19.965142692850733	29.963089332256022	5.062303757994649E-4
21.0	29.79473254312259	20.255828665693098	19.994089435238585	29.954769874537906	5.794814078195047E-4
22.0	29.78495490392639	20.131288499594024	20.01293857719401	30.067514915557283	0.0033031037282998184
23.0	29.83712627939405	20.051983833437454	20.061731312813542	30.048521045583364	6.375287715859291E-4
24.0	29.851874080013125	20.087178067396028	20.08839614813077	29.96965109494066	0.0029006095194207054
25.0	29.886985595215876	20.068391036155944	20.139770001809296	29.90285961039835	0.001993756420533574
26.0	29.8787391180235	20.108017836617602	20.09087650543062	29.919729862517187	0.0026366774110905167
27.0	29.80799451028654	20.163503863525676	20.080039657571838	29.94318091750297	0.0052810511129749264
28.0	29.792279082995087	20.159503574276886	20.12898274906115	29.918990286203183	2.4430746368692363E-4
29.0	29.75749974445869	20.1732565670297	20.095045795147453	29.973696212667722	5.016806964403412E-4
30.0	29.755858637696292	20.143663946855135	20.08511399528251	30.015131622227937	2.3179793813158498E-4
31.0	29.818002714246983	20.10637249343491	20.092745162896577	29.982670284375125	2.093450464049046E-4
32.0	29.81615291409353	20.159635226994244	20.108862614015933	29.91468762589037	6.61619005927486E-4
33.0	29.89596117186535	20.12541819974269	20.097390509358128	29.868119163912404	0.01311095512142921
34.0	29.785210664713603	20.188503680977167	20.116583457167327	29.909533243342217	1.689537996872191E-4
35.0	29.76358989762534	20.202883090658005	20.07179410426261	29.961401827795775	3.310796582631399E-4
36.0	29.791606337428718	20.174070647028945	20.108674317018245	29.9252515954638	3.9710306029853065E-4
37.0	29.81499334687995	20.176673818684122	20.04125976545587	29.966341576250777	7.314927292788539E-4
38.0	29.85093629096832	20.10204090541771	20.07779427675837	29.967928587574406	0.0012999392811943208
39.0	29.81820996800652	20.189737566157184	20.060448656282865	29.93053028316277	0.0010735263906577488
40.0	29.77975479338635	20.17161517860274	20.139467798474158	29.896969144701874	0.01219308483488388
41.0	29.78260954387022	20.153682266575384	20.044476802730543	30.01895000679814	2.8138002570988053E-4
42.0	29.76327829477279	20.22958751687971	20.090381018425642	29.916473545217904	2.796247039586199E-4
43.0	29.7662490873114	20.16069252823063	20.086718885602735	29.985473561466975	8.659373882540745E-4
44.0	29.76553560982895	20.17459351839525	20.111982283055493	29.946399605049724	0.0014889836705861232
45.0	29.743679472938755	20.179677702738164	20.141504965965805	29.926767452837694	0.008370405519586104
46.0	29.798395889341446	20.12225529798934	20.193795754211575	29.885174581580753	3.784768768832962E-4
47.0	29.805634865828612	20.187159421453835	20.08547720789771	29.92143809253206	2.904122877852015E-4
48.0	29.798681299183976	20.151339832795138	20.09015374336044	29.959642078314292	1.8304634615757805E-4
49.0	29.776237412647905	20.16743901232386	20.136741614085647	29.917978280352607	0.0016036805899767438
50.0	29.783992778428182	20.18904536682911	20.1069804572298	29.91512531434317	0.0048560831697371095
51.0	29.78274528189459	20.148660271745143	20.143829510274454	29.924567216866325	1.97719219486052E-4
52.0	29.75221124771813	20.176797345298308	20.189869427154285	29.881008036913837	1.139429154405536E-4
53.0	29.818143755383588	20.168455014166817	20.073130393527965	29.940080857205636	1.899797159882915E-4
54.0	29.750971655026497	20.16765830275432	20.13458884730697	29.946625438544327	1.557563678842646E-4
55.0	29.71441993196909	20.197748016471	20.133948712084216	29.952104474159146	0.001778865316548891
56.0	29.72340924101736	20.18921489862877	20.134196760362112	29.95282102429517	3.5807569658621413E-4
57.0	29.75378740004684	20.173220559103566	20.180735165977435	29.89210877340226	1.4810146990168924E-4
58.0	29.765375866043204	20.195190811563723	20.11627857376143	29.922959239596274	1.955090353612015E-4
59.0	29.776859747193065	20.201512141543617	20.115122013862322	29.90629552572266	2.1057167833996314E-4
60.0	29.769176192677165	20.159787825304363	20.125737949253743	29.94208458055899	0.0032134522057336782
61.0	29.77738964214911	20.195132795581415	20.14747819490904	29.87937169942213	6.276679383053376E-4
62.0	29.789609407487877	20.165678478758092	20.121495548492927	29.92283679828674	3.7976697436196266E-4
63.0	29.821345432853256	20.187647887581512	20.084236005619342	29.90656410118735	2.065727585347328E-4
64.0	29.80443073892586	20.13838286695929	20.114844737715988	29.94105480538397	0.0012868510148940277
65.0	29.737018471605648	20.159484319552586	20.14146198556233	29.961788052690448	2.4717058899014903E-4
66.0	29.74706937474807	20.161861356702886	20.133088411048654	29.957648593727278	3.322637731131183E-4
67.0	29.77361332189773	20.134058671082403	20.15844769000925	29.93370447806377	1.7583894684779564E-4
68.0	29.751672907216424	20.242021416744837	20.087468852724534	29.91862292496881	2.138983453932812E-4
69.0	29.731639929274557	20.224979992061428	20.106742096214273	29.936162109447324	4.7587300241671004E-4
70.0	29.753361212527835	20.138917571093025	20.098814883904378	30.008812409629353	9.392284541328061E-5
71.0	29.698505775597294	20.211423254328114	20.120340544074253	29.96879182842879	9.385975715468139E-4
72.0	29.758638479493875	20.138155505521986	20.156375716674773	29.94668772394917	1.425743601922121E-4
73.0	29.738987522209335	20.197673523479214	20.138563672434575	29.924660231225147	1.1505065172385628E-4
74.0	29.7966936471078	20.156148562171676	20.120118962384094	29.92692436285592	1.1446548050593645E-4
75.0	29.748886619922928	20.201189935781432	20.165088640031648	29.884494008159518	3.4079610447757506E-4
76.0	29.745474883660627	20.168083897237807	20.123786052809923	29.962032994352256	6.221719393850742E-4
77.0	29.766787673565005	20.19074847133158	20.12523525197863	29.917051214271446	1.77388853338316E-4
78.0	29.757213118941767	20.163109355871313	20.142262065205365	29.93685349092974	5.619690518199588E-4
79.0	29.787579913826946	20.189251428343646	20.173685105395318	29.84898637953959	4.971728944962472E-4
80.0	29.829119943256867	20.145450231151642	20.10406887091052	29.921250891461863	1.1006321910798389E-4
81.0	29.744465365389853	20.189248724946694	20.176489036451155	29.88905799766578	7.388755465153748E-4
82.0	29.72064780677149	20.155029190438917	20.176000850928553	29.947856921253486	4.6523060755553536E-4
83.0	29.790799219783548	20.171521808736667	20.083124826223884	29.954449949251295	1.0419600460662651E-4
84.0	29.77865341552001	20.17411359135739	20.130018837771335	29.91698597859497	2.281767562989468E-4
85.0	29.783802350253957	20.16556337561179	20.136779825541172	29.913673669804542	1.80778788535674E-4
86.0	29.7317425858447	20.207337943523484	20.120446811822557	29.93873290311335	0.0017397556959028873
87.0	29.75676427015752	20.170579301363713	20.156724674814825	29.915773880092694	1.578735712472319E-4
88.0	29.76942687125034	20.192379666665175	20.141605610570704	29.896463924856224	1.2392665756246E-4
89.0	29.704896045170482	20.194627831457723	20.156053325680407	29.94358631694267	8.364807487182342E-4
90.0	29.748719357068687	20.18023362090933	20.137058671785642	29.929333728794727	0.004654621441610659
91.0	29.692525226471588	20.199837350445364	20.17478147579569	29.928899886039357	0.003956061247996107
92.0	29.693678870582076	20.223135098091568	20.182548169596735	29.90051379544753	1.240662820907709E-4
93.0	29.713065492163498	20.249488460168173	20.17967319504609	29.855787233280985	0.001985619341262716
94.0	29.74584015269091	20.18629338951611	20.16417807037826	29.903515134522866	1.7325289185064432E-4
95.0	29.789762190647735	20.20500544262859	20.117354310041293	29.887021633279947	8.564234024374157E-4
96.0	29.73455591607548	20.187990564050466	20.17799188547304	29.899224734220986	2.3690018003005533E-4
97.0	29.71831281529409	20.236715254929887	20.09093461385907	29.953155944603438	8.813713135099093E-4
98.0	29.708446114721372	20.25933676893879	20.14985179045512	29.880717259693323	0.0016480661913938683
99.0	29.71844217929028	20.23637574008713	20.150285508768526	29.894525759060663	3.708127933946859E-4
100.0	29.7066891148837	20.1935607622552	20.1650181424283	29.930607942187915	0.004124038244889482
101.0	29.72097017850674	20.198052708963843	20.174567258827707	29.905518795476027	8.910582256852026E-4
102.0	29.689492251455057	20.181916191530746	20.176023596138613	29.95220826773056	3.5969314502337955E-4
103.0	29.730357611251996	20.175000696679565	20.19756420654349	29.89694806616039	1.294193645589877E-4
104.0	29.67345929187163	20.266523441273172	20.15244418627475	29.907343999006457	2.2908157398614327E-4
105.0	29.728805675119723	20.20467068479238	20.171455496327496	29.889556755320207	0.005511388440201195
106.0	29.734637018334652	20.1758400121153	20.169183903485983	29.920171606151914	1.674599121479928E-4
107.0	29.715244835768818	20.170302897704897	20.18803690276682	29.926247542079864	1.6782167959954492E-4
108.0	29.671766253555464	20.219537925299004	20.226379595268927	29.88220919205289	1.0703382371615882E-4
109.0	29.775941346039396	20.178558140651603	20.15463891193818	29.890776461381098	8.513998972530604E-5
110.0	29.66609523031769	20.21535039399156	20.19659321877044	29.916254900121093	0.005706256799220017
111.0	29.721618189736215	20.184458906021092	20.18089973308598	29.912858085750198	1.6508540650737419E-4
112.0	29.72936219763433	20.147255069641467	20.11752074757955	30.004499630029276	0.0013623551153768172
113.0	29.70550346669028	20.158715249067665	20.21171130408268	29.923707352506813	3.6262765256005284E-4
114.0	29.693410845271472	20.2425883414718	20.17588847302393	29.888027066109952	8.527412284130173E-5
115.0	29.748070057538513	20.180462389919914	20.236417163807914	29.834943344518127	1.0704421552827935E-4
116.0	29.697688841998808	20.247562671268575	20.198339221485345	29.85633917472372	7.009052355527033E-5
117.0	29.66712481940056	20.199474538100652	20.183681602339377	29.949623614565684	9.542559372373031E-5
118.0	29.673807803658587	20.236597761422626	20.186556114688877	29.902867013221613	1.7130700829840712E-4
119.0	29.723724151081143	20.24631088905649	20.128890301256472	29.900990967341297	8.369126459872061E-5
120.0	29.710225493314425	20.218327748509786	20.206322497490785	29.864863790003994	2.604706810093361E-4
121.0	29.7242326099092	20.24866625712675	20.227325319704434	29.79935348069936	4.22332560254458E-4
122.0	29.67164397817171	20.27125339598251	20.199681948604432	29.857306469354093	1.142078872581906E-4
123.0	29.66906374430569	20.21568589276746	20.218282034356637	29.895893577047044	0.0010747515231739773
124.0	29.638799122312896	20.19301255255071	20.195188001203874	29.972869602697983	1.30721234538405E-4
125.0	29.65093767811698	20.246617209151427	20.14965897039432	29.95221854995163	5.675923856445455E-4
126.0	29.67450232966237	20.244885605001013	20.19226232994641	29.88650792963947	0.0018418057507388857
127.0	29.736349975606462	20.23491151019835	20.183465115343743	29.84519240893826	8.098991318691205E-5
128.0	29.755113083306767	20.18167441400732	20.219926393496394	29.84312636898029	1.5974020923254504E-4
129.0	29.68542200317022	20.159622552079743	20.295146034765583	29.859657276174428	1.5213381002643066E-4
130.0	29.696191833164974	20.110558147961704	20.371383255981154	29.821102137794846	7.646250973146976E-4
131.0	29.58974637230376	20.16052476078872	20.371277036100473	29.878154787430987	2.9704337605603194E-4
132.0	29.55047774731857	20.2322405764451	20.355147155154356	29.850108194942003	0.012026326139967163
133.0	29.499897589105974	20.233719496366493	20.35884005483691	29.907413323112443	1.2953657818113597E-4
134.0	29.44474170600492	20.25767723476569	20.281359922192337	30.016133904638902	8.723239814901938E-5
135.0	29.524533231278866	20.140095938078236	20.29289866367495	30.041388181664708	0.0010839853032379144
136.0	29.648985662507073	20.117330188617363	20.349927047262526	29.88359517450258	1.6192711045984087E-4
137.0	30.01010205290589	19.9696649218779	20.228421981483226	29.79145299396397	3.580497690097E-4
138.0	30.049518643534046	20.041683227338584	20.327311855517113	29.580210072157815	0.0012762014524444123
139.0	28.95355730515292	20.848485499727353	21.63694359583702	28.56086194160464	1.5165767806712881E-4
140.0	26.52973205617316	21.97378767325057	21.48226593404345	30.014004543159057	2.0979337376354887E-4
141.0	29.123704501249055	19.57666367400818	18.96005583562814	32.33842252983621	0.001153459278415255
142.0	32.050208932574485	19.235015323611954	21.379757792224822	27.325479022678167	0.009538928910570961
143.0	31.564884081867223	18.95759158974481	21.658550752567603	27.81416505925543	0.004808516564935568
144.0	34.73118075516097	18.080605555787372	19.391312818501454	27.796465116307147	4.3575424305790676E-4
145.0	27.111487123986112	20.34983927173226	18.84268733758018	33.695143391412145	8.428752892991859E-4
146.0	27.44438592039804	20.750275799091767	18.822383632799145	32.98270135457172	2.53293139330595E-4
147.0	27.572726880686382	19.58088444659232	19.32838261547637	33.51746616342308	5.398938218389636E-4
148.0	30.18970298822568	19.41753007865713	20.399737565766387	29.992604962529963	4.244048208384191E-4
149.0	35.13822525958903	18.53059073366198	18.31071269747639	28.004587202348745	0.015884106923853662
150.0	23.071995085514313	24.119217596584594	26.828197887612298	25.977354797759965	0.0032346325288280264
