# Position (bp)	A	C	G	T	N
0.0	26.286209699489362	25.066672325941198	24.916298582801115	23.719403792811868	0.01141559895646387
1.0	28.48823321601867	18.638686558424382	18.913771463439588	33.93812935875534	0.02117940336201853
2.0	29.713124857212357	20.27418280299087	18.939346236336256	31.06698999721738	0.006356106243132843
3.0	32.61809383002554	19.32250616772754	19.642331875492527	28.41666491480194	4.032119524452452E-4
4.0	32.53057597539566	18.958870106563204	20.445407796630786	28.064484895126185	6.612262841688838E-4
5.0	33.383501595519775	18.930104354230977	19.963284496730168	27.7209612993322	0.002148254186890482
6.0	28.225855470466943	19.111512402592073	18.00323857791079	34.648829071697634	0.010564477332556235
7.0	28.33411706324386	21.49052286246719	18.871659222994655	31.300287607575576	0.003413243718719301
8.0	27.893159427411767	21.08271520299711	19.009270660328866	32.01084187344752	0.004012835814732275
9.0	32.400397115405596	18.95056148577727	19.40663832319337	29.24044969175671	0.0019533838670480986
10.0	29.87892040809245	21.44141999783765	21.525187572849973	27.153997292252992	4.7472896693557544E-4
11.0	28.78188619637494	21.386689812271182	20.361591117031008	29.469372688522483	4.6018580039003105E-4
12.0	29.7462694809795	20.10816888325921	19.816003255235223	30.328677629683803	8.807508422684947E-4
13.0	29.903984893744223	20.061316666949345	19.766616946588286	30.261407210548285	0.006674282169862997
14.0	29.90716946360604	20.173393699873365	19.948497452056635	29.970717068448117	2.223160158451207E-4
15.0	30.081811388360975	20.195933953005486	19.88419638368181	29.837183671226665	8.746037250595482E-4
16.0	30.119473479875413	20.119042712479864	19.97416599442256	29.784239396268386	0.00307841695377357
17.0	30.071812295940497	20.15888787851984	20.013202061822813	29.75160969295002	0.004488070766832887
18.0	30.065732979215415	20.11405115257527	20.050770362873383	29.764459640912712	0.004985864423221157
19.0	30.017358561581215	20.140468606060395	19.930338584742515	29.91130356609294	5.306815229355589E-4
20.0	29.922961786832325	20.23031143338747	19.90893829258755	29.93725301644895	5.354707436986679E-4
21.0	29.874840379419602	20.21879565317714	19.924935986383684	29.980856597412735	5.713836068339618E-4
22.0	29.84228139198233	20.111099971428896	19.930117475105767	30.113115693814567	0.0033854676684414854
23.0	29.902109263949523	20.030668982720808	20.002614961464392	30.06395579254893	6.509993163448136E-4
24.0	29.92253395155628	20.065787959660334	20.02633628861844	29.982375659163406	0.0029661410015370923
25.0	29.93384643057141	20.043862576041377	20.065521072403264	29.954872429907965	0.0018974910759852082
26.0	29.939185159767973	20.06154091237757	20.038270972112585	29.958334335862997	0.0026686198788776635
27.0	29.8813900644727	20.111550122062706	20.02310672159267	29.978663473202293	0.005289618669625231
28.0	29.88738474180787	20.10086606586726	20.07768782611198	29.933793221369786	2.681448430982089E-4
29.0	29.859116047934	20.118665012524893	20.040923343193985	29.980819523256898	4.7607309022825107E-4
30.0	29.843768633282252	20.091920327932318	20.051282060304874	30.012770716357924	2.58262122632382E-4
31.0	29.878028100820934	20.065041482505944	20.04454728784112	30.012177928811706	2.0520002029340078E-4
32.0	29.873878357411726	20.109527087851994	20.06891841285083	29.94700272504305	6.734168424024003E-4
33.0	29.94049185561361	20.073827904367782	20.063370291482695	29.909043214267562	0.013266734268348575
34.0	29.832724550907862	20.139502816503654	20.076925728172874	29.950694410095437	1.524943201718734E-4
35.0	29.822961912793232	20.145291912990622	20.030773562157815	30.000630955450248	3.4165660808060857E-4
36.0	29.86812433751011	20.1007503729939	20.0654065725423	29.965321852447442	3.9686450624762837E-4
37.0	29.88755800905257	20.123632175916807	20.010241312239465	29.977785514233364	7.829885577957566E-4
38.0	29.908564795603233	20.04573050530045	20.035701131149647	30.008662282521797	0.0013412854248693624
39.0	29.885662685004753	20.110896696232327	20.026032142860515	29.97635969359675	0.001048782305654766
40.0	29.84396901823283	20.115998653015584	20.088821821352195	29.938776470565966	0.01243403683342623
41.0	29.861420057993936	20.08284473018314	20.022128532374854	30.033327341884288	2.7933756378114275E-4
42.0	29.827200871409566	20.153883891553342	20.058697019838828	29.959944804206806	2.7341299145961146E-4
43.0	29.824769981118198	20.10551246227885	20.053991221059782	30.014883464084168	8.428714589971871E-4
44.0	29.8107646287886	20.119707527208806	20.077171095918207	29.990885777274695	0.0014709708096920181
45.0	29.815800151951922	20.113333404604415	20.085199608175948	29.97730527947923	0.00836155578849055
46.0	29.85436866379872	20.068564624175668	20.124130366277683	29.95253500206479	4.013436831402867E-4
47.0	29.85575568214445	20.119229591219394	20.049957592337577	29.974739262956707	3.17871341865708E-4
48.0	29.848014559732526	20.091123290450994	20.04644623726058	30.01425768335235	1.5822920354831063E-4
49.0	29.852008330050754	20.089020204481958	20.08089012877866	29.97651598696865	0.0015653497199771217
50.0	29.847272183747243	20.114839586170387	20.0710423915163	29.96198411051676	0.004861728049312498
51.0	29.85869790068456	20.09155337438661	20.08298464949467	29.966560725455743	2.033499784198094E-4
52.0	29.8332774005684	20.09620762012529	20.125673029421836	29.944732264994673	1.0968488980566305E-4
53.0	29.878500822443748	20.105143827182072	20.032840196274666	29.983342493397775	1.7266070174083516E-4
54.0	29.823858255196555	20.096523592785807	20.076083621603658	30.003368144083176	1.6638633081004968E-4
55.0	29.793190453751663	20.12241851691486	20.073793284549744	30.008817692272714	0.001780052511023986
56.0	29.814332865455906	20.111948300088017	20.071414907199635	30.00198307898832	3.2084826811890657E-4
57.0	29.83525679712008	20.10537277343766	20.11172087206819	29.94750401013915	1.455472349150351E-4
58.0	29.840004192132476	20.118205124388414	20.061774703547297	29.97983123473345	1.8474519836672576E-4
59.0	29.85977718233517	20.113485670865682	20.063964112443127	29.962551601867084	2.2143248894228944E-4
60.0	29.860589032376218	20.090327363946837	20.061530952385052	29.984229606442643	0.003323044849254
61.0	29.854512982802213	20.118990852764483	20.083647599858985	29.94215215233234	6.964122419827464E-4
62.0	29.87301960712555	20.089961213563587	20.069915954692547	29.966733800244548	3.6942437377103694E-4
63.0	29.88233808456012	20.12142459586759	20.032037391918777	29.963998266351734	2.0166130177721312E-4
64.0	29.877231734883207	20.07400108959371	20.05946197308678	29.988030496330225	0.0012747061060735887
65.0	29.824535944370616	20.090149165607134	20.067890087636762	30.01717169895172	2.5310343376346245E-4
66.0	29.817638797388806	20.10055707547459	20.072164582338175	30.009305688633404	3.3385616502273397E-4
67.0	29.8403958842891	20.07794207350941	20.090279863555796	29.991163021855797	2.1915678989455306E-4
68.0	29.82559076398832	20.160384209784286	20.044361098539124	29.969435654684258	2.2827300401224047E-4
69.0	29.819582250950766	20.1384345644264	20.054319539278634	29.987203551963947	4.6009338025649037E-4
70.0	29.84095793187724	20.072649624599066	20.03151604533711	30.054782059751435	9.433843514692147E-5
71.0	29.780755876378695	20.13194877753098	20.065316777506894	30.021008455270003	9.701133134206042E-4
72.0	29.83702650485011	20.082548877840374	20.092397218000457	29.98788268017191	1.447191371460929E-4
73.0	29.811800659857667	20.12393819635941	20.08502206119297	29.979134079614095	1.050029758520795E-4
74.0	29.863030143084472	20.098574682433625	20.05757033142392	29.980731864209154	9.297884882534357E-5
75.0	29.82180729198534	20.124230248890157	20.086658780499413	29.96696647699075	3.372016343401793E-4
76.0	29.803602662708844	20.113339986075893	20.065024116901206	30.01741960649839	6.136278156603472E-4
77.0	29.830797717414885	20.128751474563657	20.06105260492124	29.979225595884458	1.7260721575664548E-4
78.0	29.818674735576877	20.10813985383478	20.07873131226311	29.993871750967383	5.823473578548368E-4
79.0	29.858277740725775	20.119725448691938	20.08436431072908	29.937103924581017	5.285752721861392E-4
80.0	29.890137336132653	20.090362475759385	20.039679478712692	29.979730848357818	8.986103745116507E-5
81.0	29.80594672761293	20.12413721337297	20.104377871464067	29.964820715619283	7.174719307490594E-4
82.0	29.795581367288698	20.10263677797729	20.103147611482285	29.99816471703824	4.6952621349015454E-4
83.0	29.847542938946596	20.123116948500286	20.032284365828886	29.99693987740184	1.1586932238509855E-4
84.0	29.846336632503178	20.11668006880574	20.063120337178685	29.973612159363526	2.5080214887281154E-4
85.0	29.83768472126705	20.107517814964517	20.07493166645061	29.97972042851152	1.4536880630328558E-4
86.0	29.80649147775369	20.13549304321243	20.05004177511206	30.006248823811397	0.001724880110428947
87.0	29.81171301335862	20.111936563350845	20.07969538633802	29.996507715426375	1.473215261384349E-4
88.0	29.8256642144616	20.127583293539473	20.070246993421147	29.976395493533346	1.1000504442752146E-4
89.0	29.78145800437682	20.13046580312091	20.07811761203794	30.009134721325076	8.238591392570846E-4
90.0	29.814439934487204	20.132597593829107	20.05239986577701	29.995852904578285	0.004709701328397891
91.0	29.776818759763962	20.140262162609247	20.082669674298515	29.996252366556387	0.003997036771890848
92.0	29.781462657700867	20.148820839562966	20.10035962487792	29.969239689574835	1.1718828341156902E-4
93.0	29.792387954172554	20.17268312557373	20.09292333782794	29.939940538114268	0.0020650443115127147
94.0	29.81824970823867	20.1272496556716	20.087478368932608	29.966848922663974	1.733444931484532E-4
95.0	29.851439523832372	20.151832503172397	20.04686638524504	29.94899309547227	8.684922779174161E-4
96.0	29.809549376967016	20.137589986422427	20.08101870809401	29.971585802612864	2.561259036831181E-4
97.0	29.80192202467234	20.16597248747379	20.02017688569487	30.01101905005485	9.095521041459987E-4
98.0	29.778520897511285	20.1941040166035	20.073029542014105	29.952637908481357	0.0017076353897546722
99.0	29.79083905281425	20.172480275244954	20.06395773725981	29.97237981530055	3.4311938043688053E-4
100.0	29.775225533866077	20.14616260772014	20.0921960257834	29.98205795909033	0.004357873540045487
101.0	29.793731145246056	20.153221246006563	20.076293599725336	29.97587334909324	8.806599288080804E-4
102.0	29.775831596439534	20.13825738629866	20.09919930430451	29.986365704857754	3.460080995409855E-4
103.0	29.806201543151317	20.14001134852982	20.099731693480205	29.953924727661207	1.306871774495053E-4
104.0	29.76203725743455	20.200911132305254	20.07184203201827	29.96499511797024	2.1446027168446128E-4
105.0	29.79327703393406	20.160128710882606	20.093460704162755	29.947562016640994	0.00557153437958022
106.0	29.811095041656372	20.138518511917177	20.08616358800329	29.964021204221215	2.016542019434131E-4
107.0	29.77432794108392	20.141675922383413	20.110290465891232	29.973548478958218	1.5719168321839553E-4
108.0	29.747712256151658	20.175501360762844	20.12803066910311	29.948655520423678	1.0019355870857908E-4
109.0	29.808573709924946	20.14554898198238	20.083469323238933	29.962334483352855	7.350150088609333E-5
110.0	29.732310918582662	20.176170748478363	20.108596979693687	29.9772222464477	0.005699106797585014
111.0	29.791456848676017	20.141830983982402	20.08244889595858	29.98408631700174	1.7695438125557046E-4
112.0	29.790436126520248	20.12192690174926	20.046389503139668	30.039874607742394	0.001372860848429617
113.0	29.76325371480617	20.130413433462337	20.13018714880189	29.97574529663109	4.00406298515973E-4
114.0	29.772898747175606	20.187443574816516	20.094839639518987	29.944725240118913	9.279836997748248E-5
115.0	29.806023607225374	20.143919183269727	20.148850273498343	29.90111982992168	8.710608487675966E-5
116.0	29.750967632463315	20.199354357924907	20.123456319630012	29.926142510046137	7.917993562671233E-5
117.0	29.715907269815684	20.16274686877152	20.116327467559987	30.004932330327243	8.606352556561542E-5
118.0	29.718129511145193	20.1889648764053	20.11999315987402	29.972706433645424	2.060189300605449E-4
119.0	29.766798669089617	20.18671172493604	20.066490039372244	29.97990411764847	9.544895362369491E-5
120.0	29.743849699252433	20.18352130517332	20.12814857492663	29.944238164485476	2.4225616214438214E-4
121.0	29.77249241870401	20.1907614014898	20.143709979858546	29.89260067745262	4.355224950254674E-4
122.0	29.721057905445665	20.200216167454283	20.137485272994617	29.941135423627536	1.0523047789730023E-4
123.0	29.728888745538423	20.16334199569324	20.147621350532617	29.95904740277281	0.0011005054629128867
124.0	29.710524981182136	20.138505072150327	20.123052467281028	30.02779277017627	1.247092102437808E-4
125.0	29.71096930234563	20.183610010774224	20.107535640461315	29.997303053387792	5.819930310426671E-4
126.0	29.736064524052154	20.18563629579356	20.129834260334718	29.946580059845253	0.0018848599743146995
127.0	29.801331819048176	20.151215097429322	20.120176741499673	29.927194824532233	8.151749059848115E-5
128.0	29.826841665050953	20.084886695932962	20.172098678005	29.91602398256546	1.4897844563040795E-4
129.0	29.73498553480372	20.090904038104405	20.253932008114404	29.920045098489894	1.3332048757233153E-4
130.0	29.706747633864044	20.069282658873135	20.275532517810202	29.94772250901187	7.146804407463479E-4
131.0	29.622812219525823	20.115338265683178	20.21873738432313	30.042821514608146	2.906158597168723E-4
132.0	29.50693823318557	20.222944375133594	20.19075495506178	30.066994385221797	0.01236805139725914
133.0	29.511840426641267	20.192310400650328	20.248315703202607	30.04739923121186	1.3423829393774354E-4
134.0	29.50464466539675	20.18241896731906	20.191836083482343	30.121016987825204	8.329597664474231E-5
135.0	29.581320888874696	20.09060946600881	20.243315097946432	30.083675018681234	0.0010795284888271224
136.0	29.66688366719196	20.11755893247407	20.284036626205832	29.93135849606524	1.6227806289632744E-4
137.0	29.945910098677846	20.012419217216515	20.1874494666239	29.853852192730123	3.6902475161526224E-4
138.0	29.999590228533368	20.02340215271876	20.28151789461253	29.69414224895787	0.0013474751774694316
139.0	29.187173364767354	20.611986518093314	21.437667047668434	28.763027197082348	1.4587238855127534E-4
140.0	27.115497366401836	21.60666560870328	21.40773315202458	29.86986747870371	2.3639416659427593E-4
141.0	29.095113677009703	19.58937580936844	19.181259235671263	32.13308312349034	0.0011681544602542317
142.0	31.59306741093124	19.257654950955423	21.15919931129378	27.98041221266581	0.00966611415374286
143.0	31.045347269037	19.109413599772893	21.470467584803508	28.369895462154016	0.004876084232590056
144.0	33.94247354435691	18.391311787870208	19.256101254765255	28.409678873900564	4.3453910706712633E-4
145.0	27.54592989832485	20.252178513749882	19.00097659845744	33.20006091175015	8.540777176755008E-4
146.0	27.86943477156589	20.59339718577255	19.04497716917366	32.49198412285923	2.0675062866900646E-4
147.0	28.13553525223016	19.820911537066916	19.51037142325008	32.53262143556632	5.603518865240433E-4
148.0	30.644725604683515	19.18456637148256	20.33226758196485	29.838010858866948	4.295830021275924E-4
149.0	33.37173318852523	19.20690515864075	18.97531476331367	28.43008527873114	0.015961610789204873
150.0	23.326572894219037	25.193203758602458	25.15985668647984	26.316961800518158	0.003404860180508812
