# Position (bp)	A	C	G	T	N
0.0	26.12379731812683	24.98681895762663	33.47198135976722	15.409546180845918	0.007856183633401225
1.0	27.22549025243554	19.16918311548314	20.715338079515647	32.85800915492198	0.03197939764369021
2.0	29.18958011293255	20.65525165163581	17.516869253431516	32.63782576997888	4.732120212365473E-4
3.0	31.069291054023424	20.015181204651604	20.493289658309333	28.422117485600168	1.2059741547678892E-4
4.0	33.52084261299112	18.783070693937827	20.80746064421892	26.88861601678966	1.0032062471659424E-5
5.0	34.2899755517869	18.689186096177657	20.5184967582939	26.502041222542815	3.003711987273873E-4
6.0	28.831671097095924	17.70660214985354	18.130778989301948	35.33085773470522	9.002904336939097E-5
7.0	27.198908274273304	22.310295816620297	18.41024036493187	32.08054555107876	9.993095770132416E-6
8.0	26.9928550271624	21.568052544416364	18.942598727180357	32.49647373512936	1.9966111518918938E-5
9.0	32.25678247287754	19.267751136275578	19.60792820308139	28.867498294826177	3.9892939318750274E-5
10.0	28.911082831183045	22.59492962057645	22.301112416168237	26.1927655285302	1.0960354206763297E-4
11.0	27.80109778517132	22.516117160018094	20.859282470468717	28.82341296434857	8.961999330439072E-5
12.0	29.280938102398697	20.776275157065275	20.38363436059779	29.559032957584165	1.1942235407334723E-4
13.0	29.654833278015126	20.492357583131728	20.250373161680784	29.602197265095633	2.3871207673240567E-4
14.0	29.61562767697046	20.649110628213297	20.40165504560561	29.333586766872326	1.9882338310114573E-5
15.0	29.923582645267793	20.703997911012554	20.196327459910897	29.17603236658709	5.961722166656763E-5
16.0	30.197621478425063	20.54018265651999	20.350863566598434	28.91131243390692	1.986454959567199E-5
17.0	30.15032181180837	20.60062204936344	20.51464274257706	28.73435382629261	5.956995851250239E-5
18.0	30.34713951131654	20.25067652710232	20.809901218656872	28.592252969479343	2.977344492552818E-5
19.0	29.975235211913446	20.48975190964275	20.387486291664956	29.147427376827373	9.920995147244432E-5
20.0	29.587680345529517	20.894340268221747	20.30205071369597	29.215869166896013	5.950565675649541E-5
21.0	29.310978002590915	21.061954553665743	20.20955569528711	29.417402686454874	1.0906200135117905E-4
22.0	29.30958399438266	20.757044623332227	20.1252324617163	29.80804971236301	8.920820580689913E-5
23.0	29.441751478895906	20.523941782792964	20.42191342414148	29.612254580970244	1.3873319940955152E-4
24.0	29.479330412131578	20.59308539279246	20.517870837626813	29.409594472483136	1.1888496601524641E-4
25.0	29.537323228151248	20.53178193868073	20.503444561254	29.427361129517365	8.914239665870525E-5
26.0	29.546312251511118	20.539994448564507	20.446443947088465	29.467229547500573	1.9805335339481766E-5
27.0	29.50165870867349	20.563631256690996	20.436754176374684	29.49792615625217	2.9702008657739498E-5
28.0	29.516187212017375	20.532940836881416	20.503085871038426	29.44772668689466	5.9393168122657186E-5
29.0	29.486207301303214	20.591444237466046	20.42083056465911	29.501478308736424	3.95878352124689E-5
30.0	29.420653222320087	20.551728407887058	20.513408974030398	29.513991107946598	2.1828781585874873E-4
31.0	29.341324275296536	20.557120992736426	20.436461018790386	29.66483506371481	2.586494618350284E-4
32.0	29.457061823444615	20.51579939788921	20.500007930648426	29.526382673638057	7.481743796961035E-4
33.0	29.5811033843338	20.45470051473982	20.470956825439636	29.493039197816596	2.0007767015155285E-4
34.0	29.42773173411954	20.582155665901595	20.499524893122274	29.489544287676285	0.0010434191803119644
35.0	29.379233562277467	20.59654661108656	20.46148534177034	29.562553289155137	1.811957104935469E-4
36.0	29.50919823377911	20.450745324568288	20.510675943235512	29.529218878680247	1.6161973684064324E-4
37.0	29.441987505094687	20.564024730260503	20.37818278412121	29.615612345663994	1.9263485960974204E-4
38.0	29.492697572642612	20.382637015927944	20.391277797567554	29.733072108289655	3.155055722355096E-4
39.0	29.511601787229452	20.433058186318505	20.351253856227103	29.703626365721554	4.5980450338661344E-4
40.0	29.388705381790697	20.48414271916991	20.477678672658325	29.648898644468925	5.745819121408851E-4
41.0	29.468615810089076	20.409433058365796	20.41055627213388	29.711096022720657	2.988366905918069E-4
42.0	29.394363653020317	20.583540839939815	20.44082322196901	29.58021642106614	0.0010558640047161926
43.0	29.436009646833945	20.46019017033796	20.368640925829826	29.734868063218165	2.9119378010085704E-4
44.0	29.414653889646935	20.45808832312223	20.413528503393035	29.71347847809823	2.50805739563947E-4
45.0	29.442915886955312	20.443186217230856	20.443039184446956	29.66871623365862	0.0021424777082546093
46.0	29.418861762733062	20.452887607942607	20.464826982522062	29.663159734897327	2.639119049393541E-4
47.0	29.39827736612762	20.475613354020787	20.40035955418677	29.725495023761567	2.547019032599721E-4
48.0	29.43828554983647	20.435699955855714	20.40235431931632	29.72329737446595	3.6280052554857307E-4
49.0	29.483531971855864	20.416377907329878	20.425875040054294	29.67385021916378	3.6486159619221855E-4
50.0	29.476847876345865	20.443573646734166	20.358652521492555	29.72071009084877	2.158645786517703E-4
51.0	29.516618124931053	20.366486484608377	20.37263201600357	29.743753056478955	5.103179780463378E-4
52.0	29.408040180254446	20.413932828334524	20.479423689164097	29.698406665800736	1.9663644619387764E-4
53.0	29.479403699710883	20.40721621943119	20.312503779152795	29.800590460329946	2.858413751872536E-4
54.0	29.44841447445218	20.391508825932704	20.40840442782054	29.75136246377044	3.098080241384709E-4
55.0	29.426726816176025	20.475536543411266	20.346676564348783	29.750581084094723	4.7899196919836567E-4
56.0	29.431960203950712	20.455150042661696	20.370869643624566	29.7417397358474	2.803739156258439E-4
57.0	29.462084342289618	20.40750183534714	20.402634678795334	29.727496825902488	2.8231766541810736E-4
58.0	29.436595258401415	20.437841395427814	20.381727129768958	29.743472281156354	3.6393524545669497E-4
59.0	29.45500774265937	20.42940512753421	20.390625957665062	29.724628942916485	3.3222922487599545E-4
60.0	29.494959335666792	20.45657728866661	20.390551205824423	29.657392733875753	5.194359664158098E-4
61.0	29.440726703653695	20.48875506030138	20.36924918696109	29.700943356612203	3.256924716301501E-4
62.0	29.469065393956818	20.410891161078865	20.325820818598046	29.793894350513263	3.2827585301307993E-4
63.0	29.49700480186685	20.407981395779824	20.324774881466173	29.769884347672747	3.5457321440474955E-4
64.0	29.457342538333275	20.383599133685387	20.359895015425554	29.796970473058643	0.002192839497139
65.0	29.42942278854714	20.43935263745349	20.276813722880284	29.854086350180502	3.2450093858891853E-4
66.0	29.372874799352694	20.445107587932345	20.379680896679048	29.802009400737816	3.273152980987709E-4
67.0	29.383442833613426	20.4449349082914	20.368042755314786	29.803188131872915	3.9137090746805403E-4
68.0	29.44601801343288	20.457011166176084	20.291232097730298	29.80519571074891	5.430119118301686E-4
69.0	29.449449763647046	20.427444419906735	20.333266944503297	29.789390467087145	4.484048557761832E-4
70.0	29.49226581461518	20.380206852665665	20.284220295310178	29.842866962807534	4.400746014464372E-4
71.0	29.33181592484156	20.474896043172	20.367831904859298	29.825037163939154	4.1896318798992507E-4
72.0	29.417229233666664	20.412134776014934	20.354311412092972	29.815914210595025	4.103676304064973E-4
73.0	29.428490654679063	20.43089354841301	20.352675768450496	29.787318121311802	6.21907145635365E-4
74.0	29.48067126498668	20.358800421406464	20.277580427172914	29.882332484252906	6.154021810377043E-4
75.0	29.435512367257346	20.37285595517936	20.345858122152492	29.845178014976387	5.955404344163082E-4
76.0	29.372134283729977	20.448111027135056	20.293060817437976	29.886279120079024	4.147516179661303E-4
77.0	29.429019148149138	20.38927597574707	20.32629487386597	29.854909400568737	5.006016690871434E-4
78.0	29.382028061676618	20.413098076817537	20.35870957181575	29.84580845145908	3.558382310131905E-4
79.0	29.405909240514866	20.39175791895083	20.29880596969459	29.902862236017086	6.646348226276587E-4
80.0	29.448728854532636	20.372171436819706	20.332665796860567	29.84583130713358	6.026046535093313E-4
81.0	29.41238806084485	20.387842945992578	20.349214131308464	29.850044161402906	5.107004512038487E-4
82.0	29.352735717154932	20.37172721614898	20.391912292467246	29.882949543917842	6.752303110024613E-4
83.0	29.42986146664264	20.379061051365642	20.247155012007468	29.943500440511457	4.22029472792051E-4
84.0	29.42261606090574	20.36652496357649	20.30430162336566	29.906011792060212	5.455600918959113E-4
85.0	29.422721452168098	20.374469288371152	20.298217789346193	29.904098271473273	4.931986412825795E-4
86.0	29.414900629636083	20.38438866200438	20.275994271902775	29.921625082398222	0.003091354058538729
87.0	29.426050451684542	20.377019638271175	20.319840488617352	29.87650533333907	5.840880878616044E-4
88.0	29.41031620702529	20.38069540531209	20.30435795604647	29.90400663223502	6.237993811286339E-4
89.0	29.388426727733354	20.372364117075573	20.29879539125488	29.939748986293235	6.64777642958058E-4
90.0	29.38408032461807	20.43660930395434	20.239693329847032	29.93876528718346	8.517543971017209E-4
91.0	29.38635869462305	20.38655719529005	20.301100699257777	29.92537942031276	6.039905163694489E-4
92.0	29.402292207906385	20.375666116732283	20.31064270664589	29.91063593890321	7.630298122382683E-4
93.0	29.364621065267904	20.401579373964278	20.319682910926804	29.913560104684457	5.565451565561525E-4
94.0	29.348645821416547	20.377760485156923	20.275416908146855	29.99752502460825	6.517606714232618E-4
95.0	29.41752917763436	20.39924304356513	20.245949768315143	29.936789426341143	4.885841442230596E-4
96.0	29.389302398958495	20.371515938811562	20.32051017841179	29.917960849747793	7.106340703556155E-4
97.0	29.3857794477427	20.363915802356683	20.257088228466255	29.992329910472197	8.866109621665008E-4
98.0	29.32658085961301	20.425114556380358	20.292431028808934	29.955007065577593	8.664896200996095E-4
99.0	29.283267984541794	20.42881209896936	20.281596446078087	30.005477835437556	8.456349732074653E-4
100.0	29.324955278394988	20.385386694567966	20.321382340738868	29.967336700268955	9.389860292292937E-4
101.0	29.36360944535213	20.448305710918465	20.272815921713523	29.91462352325919	6.453987566881891E-4
102.0	29.355699382691764	20.365919824814103	20.275818742662562	30.00166343531543	8.986145161390168E-4
103.0	29.28890869629452	20.392635563054075	20.26242499781656	30.05499003780004	0.0010407050348085227
104.0	29.28460660446266	20.41430765927981	20.326286267098087	29.973860629944422	9.388392150219282E-4
105.0	29.370613998112905	20.35115546826029	20.297500609859817	29.978873132724495	0.0018567910424985323
106.0	29.34603121897299	20.35229751412565	20.2963301158997	30.0044891882652	8.51962736460619E-4
107.0	29.320226168402876	20.364889080512363	20.285079942265348	30.028775590888557	0.001029217930855797
108.0	29.260419039073877	20.387415387487636	20.361887999214684	29.986653740129356	0.0036238340944531717
109.0	29.28893671522179	20.48001159375556	20.25780578765547	29.972187220331232	0.0010586830359453475
110.0	29.254452468826198	20.41090568564976	20.29442973898371	30.0391249010643	0.0010872054760365417
111.0	29.340522769513843	20.38441052789714	20.23162466276239	30.042672275188377	7.697646382540744E-4
112.0	29.263270121176998	20.419758075124577	20.243692428410913	30.07248755241676	7.918228707563722E-4
113.0	29.255556397115136	20.339495653344777	20.326793363461164	30.077234130290254	9.204557886675587E-4
114.0	29.243612734274294	20.451693443776204	20.28003800709448	30.023083481417324	0.0015723334377037426
115.0	29.28045970195013	20.38492373640428	20.268834559775854	30.06449523027337	0.0012867715963632478
116.0	29.216861116127866	20.41541629040997	20.331414123171392	30.035268195773885	0.0010402745168864008
117.0	29.247747936230876	20.389919362069687	20.37497534236749	29.98619172579517	0.0011656335367712547
118.0	29.249920303065004	20.40631509227822	20.341288583375373	30.001268960906717	0.0012070603746839204
119.0	29.2327151653879	20.451696308387728	20.238490310247943	30.075589758666087	0.001508457310337169
120.0	29.12937724386449	20.5253025925842	20.202146110990387	30.142140858364407	0.0010331941965148693
121.0	29.07217124088396	20.510959359698592	20.332635458712396	30.08291610557524	0.0013178351298084943
122.0	29.10893837785316	20.554921761359857	20.26425603164826	30.070329466947754	0.0015543621909711077
123.0	29.14265798905582	20.53555650541394	20.255570642528852	30.064440171759905	0.0017746912414833699
124.0	29.0080263876039	20.583263742852072	20.27839617686429	30.128732839343016	0.0015808533367268987
125.0	29.120402825516205	20.585773503509923	20.281440583775296	30.01068336649171	0.0016997207068682398
126.0	29.166435880672807	20.59515310161111	20.336789090095508	29.89987740357252	0.0017445240480459367
127.0	29.163232994176212	20.565547139894605	20.317494498071852	29.95202291047513	0.0017024573822003017
128.0	29.198932949091155	20.64393017436936	20.32785528608842	29.827334417259742	0.0019471731913195019
129.0	29.21007689269964	20.659666584653298	20.301151012796154	29.827089635095653	0.002015874755252129
130.0	29.073251425836933	20.680128483643006	20.384415658792555	29.859395985904907	0.0028084458226020417
131.0	28.967758472865913	20.731864693421173	20.267761124549583	30.030317583314424	0.0022981258489070647
132.0	28.95301604087535	20.824798086329466	20.18413943471146	30.034749629584546	0.003296808499172311
133.0	29.190370789794272	20.76690516634924	19.978586503320123	30.061735385460096	0.002402155076268424
134.0	29.26711531150181	20.807949874716726	20.076008178587788	29.84533428331083	0.0035923518828414307
135.0	28.933753330761135	21.001708673264982	19.948205070407703	30.112219605236422	0.004113320329756664
136.0	28.53820937584417	21.37563974329958	19.64294840438347	30.439004446261563	0.004198030211215676
137.0	27.59527503858554	21.77229096678056	20.114188617212942	30.513941013821107	0.004304363599841763
138.0	27.760174569799283	22.061059691043248	20.39741043889064	29.776797036895054	0.00455826337178248
139.0	27.83573432555306	22.471818430318187	21.100308572718582	28.585882900121174	0.006255771289001674
140.0	27.179833080054937	23.27549917515217	21.246292248055713	28.291224106685736	0.0071513900514412485
141.0	26.374514223848884	23.921193171259826	20.59044525777444	29.105565924166406	0.008281422950448812
142.0	25.284691806430935	24.70302318128405	22.299967952141866	27.710447601751948	0.0018694583911975217
143.0	30.732201771310713	19.70749500033266	21.443583010132397	28.11632885483158	3.9136339265097823E-4
144.0	31.96710292198806	19.67142461745285	19.034043730971494	29.32703333201534	3.9539757225890635E-4
145.0	27.273925757842086	20.83486473098004	19.6203998146343	32.267613736237394	0.003195960306172997
146.0	27.43952957342332	21.12797300301089	19.637076403904054	31.794208580031118	0.0012124396306100592
147.0	28.56074506646833	20.78397077273266	20.453774575710145	30.20110092642918	4.0865865968132796E-4
148.0	30.99586314062429	19.300246723780948	20.405751102404835	29.29565939720049	0.0024796359894367504
149.0	30.968756140695618	21.524104974015714	19.67405710272051	27.777893913865114	0.05518786870304328
150.0	20.298325536122206	29.590964296519097	22.4138762589171	27.677103383565786	0.019730524875807308
