# Position (bp)	A	C	G	T	N
0.0	27.611514929366297	25.75225386723437	24.148580238831926	22.426866068155842	0.0607848964115637
1.0	28.657475969643187	17.799840327741624	18.967456440008398	34.56960374561856	0.005623516988237689
2.0	30.365236782074195	19.790375006821048	18.439179250198613	31.40027325379759	0.004935707108550787
3.0	32.455932360047896	19.250031243021958	19.32376256741295	28.965862122454922	0.004411707062272648
4.0	33.18495786440792	18.590386476425337	20.06281134698113	28.160845961191463	9.98350994151955E-4
5.0	33.559080019458236	18.736156767076675	19.453575724358004	28.248979805791052	0.0022076833160309603
6.0	28.78559717873634	18.61153455460645	17.732584178276444	34.86496669754253	0.005317390838241498
7.0	28.31657181635718	21.38935836131372	18.04466324645106	32.22439462600036	0.025011949877680347
8.0	28.31427538054984	20.716864848440995	18.56450285838262	32.40363392347039	7.229891561556041E-4
9.0	32.41572955699128	18.889476993122685	19.209371671186084	29.48303674861789	0.0023850300820636317
10.0	29.894731969864065	21.2915531697905	21.116120385225788	27.68552907862725	0.012065396492396973
11.0	28.89443561079405	21.19591212683258	20.032920124327447	29.859320924946253	0.0174112130996671
12.0	29.942694364176823	19.901319300341473	19.59017203159819	30.563685879057463	0.0021284248260522785
13.0	30.174564265104753	19.83225056069396	19.538324899754716	30.453399071997428	0.0014612024491359444
14.0	30.186474348595787	19.972642890046387	19.702186727309865	30.134228924485022	0.00446710956293161
15.0	30.370579928661684	20.012776942701127	19.59754712934121	30.01850828769763	5.877115983495639E-4
16.0	30.463592015000895	19.885845816787132	19.735324704132502	29.91161754486657	0.00361991921290006
17.0	30.44660212904623	19.879189810103732	19.847734376723857	29.82451369043268	0.0019599936935045686
18.0	30.492798867127057	19.7614282463496	19.94951402101517	29.791358480389036	0.004900385119141267
19.0	30.35641959308911	19.831515434990006	19.73910631331104	30.072201813259646	7.568453501980469E-4
20.0	30.186556136093955	20.03963979231453	19.70444454085684	30.068791753604966	5.67777129702699E-4
21.0	30.058311066437888	20.078085814855626	19.69560926758987	30.166480260813234	0.0015135903033845037
22.0	30.046060896019807	19.923288737338478	19.665834315843743	30.364114110399704	7.019403982717053E-4
23.0	30.127080125157775	19.82618134999594	19.802755593346326	30.24104523172322	0.002937699776741008
24.0	30.1675684257432	19.86683476326761	19.839793225994185	30.123251297780712	0.0025522872142885312
25.0	30.178946704505705	19.850675393612075	19.885991035403382	30.07918439967482	0.005202466804018203
26.0	30.19331787522782	19.86692442880502	19.84895908842707	30.08960081461105	0.0011977929290383968
27.0	30.111979806475404	19.90819436684316	19.84067334231809	30.138250254389966	9.022299733801712E-4
28.0	30.118253110287746	19.912613648483905	19.89205605694959	30.07537482443733	0.0017023598414279064
29.0	30.076315772318257	19.912954286301225	19.841807600859656	30.167261383025192	0.0016609574956765977
30.0	30.069181298356085	19.894468050619892	19.870672538008645	30.164461838867062	0.0012162741483180976
31.0	30.10077551847935	19.86465582259204	19.829735389580552	30.203786565172713	0.0010467041753421285
32.0	30.107082746798287	19.912165486560664	19.873320365485252	30.106160854420533	0.0012705467352634168
33.0	30.162228222424716	19.902110224552743	19.861664821997174	30.070802595816538	0.0031941352088296158
34.0	30.06093253686824	19.93775383001373	19.882300366149394	30.11699508467679	0.0020181822918500197
35.0	30.004090206371142	19.944922202876512	19.858809264967547	30.18952723680729	0.002651088977505985
36.0	30.06544811153414	19.893133799698873	19.88762248659507	30.15190406116708	0.0018915410048433439
37.0	30.104590055440873	19.90919793228496	19.81512304507677	30.170747287003643	3.4168019375905076E-4
38.0	30.126072778809082	19.843765328127834	19.850133307874156	30.179087245511564	9.41339677357498E-4
39.0	30.093586388677902	19.910056015109358	19.837476150556967	30.15816302281805	7.184228377232721E-4
40.0	30.035645332541748	19.920410493409815	19.909136806866307	30.13227098773977	0.0025363794423645778
41.0	30.059367656031366	19.89313372815535	19.83163606058215	30.21518730307819	6.752521529476601E-4
42.0	30.031457486924655	19.96783348243342	19.87649393640532	30.12198028110219	0.002234813134411598
43.0	30.045918721656363	19.887817160705403	19.867654199953105	30.19589434028383	0.0027155774012968597
44.0	30.02353218105477	19.918389314459777	19.903507040948494	30.1539188597707	6.526037662603336E-4
45.0	30.037237459011912	19.92450545423938	19.915019905001717	30.11928365533662	0.003953526410374002
46.0	30.05986280031234	19.867154879235734	19.964459230975958	30.107849686114523	6.734033614413519E-4
47.0	30.068711260881457	19.93900185988266	19.862823712603706	30.12861907392231	8.44092709873772E-4
48.0	30.044091310537517	19.908515225639317	19.86742741392361	30.17429454946474	0.005671500434809599
49.0	30.05704953762708	19.896824695860396	19.90945443811087	30.127517257229808	0.009154071171841215
50.0	30.056009933619727	19.93201231862139	19.88679562473659	30.12425181251675	9.303105055444869E-4
51.0	30.064160394468693	19.901547323390396	19.90172626676849	30.12865224460746	0.003913770764963077
52.0	30.047960468149622	19.91078372829376	19.940400494773442	30.100295818806337	5.594899768357985E-4
53.0	30.07344715878963	19.92082381471291	19.829993963204295	30.173277527815635	0.002457535477534687
54.0	30.02348795543041	19.912975148074228	19.897081005608754	30.165511995374615	9.438955119900848E-4
55.0	29.983887548707628	19.93507284779803	19.89989502343177	30.17841143681059	0.0027331432519770455
56.0	30.016021195336567	19.925193222931874	19.888124242649617	30.169840684951826	8.206541301171709E-4
57.0	30.01496130312197	19.905146950028495	19.95259079210819	30.12036246142909	0.006938493312254878
58.0	30.03206597191646	19.926648160657557	19.896582921090932	30.14146605019292	0.003236896142125616
59.0	30.04865185364476	19.915025007843294	19.89579245320781	30.139794382855715	7.363024484131444E-4
60.0	30.040510369062456	19.899820647541304	19.894032541466974	30.16138467464487	0.00425176728439003
61.0	30.050498903206456	19.935328856496902	19.914579889742324	30.098524809322008	0.0010675412323090765
62.0	30.052808960610456	19.913260030626457	19.877181425673935	30.1547174128228	0.0020321702663462443
63.0	30.063866157624457	19.929943222106804	19.85008075841896	30.152927996187167	0.0031818656626112795
64.0	30.05327908658658	19.892529122988094	19.881074622103878	30.171460015023726	0.0016571532977164428
65.0	30.00559184486431	19.911002124426012	19.882913961934058	30.191347638005407	0.009144430770212162
66.0	29.986082035285783	19.915366816576512	19.886893537347845	30.189182017648125	0.022475593141735237
67.0	30.01265951495027	19.89563493011702	19.913799812092833	30.175519663390997	0.002386079448878367
68.0	29.983179693750184	19.993439602324784	19.854962434421644	30.16353853605947	0.004879733443920129
69.0	29.994834531690596	19.96455470196703	19.884154851068036	30.152734381519693	0.003721533754644963
70.0	29.999236039068617	19.897032203072033	19.8528483947925	30.25048877287098	3.945901958644511E-4
71.0	29.937192512675704	19.958918699651655	19.892781392790987	30.1982943125802	0.012813082301460669
72.0	29.998871917957782	19.932797876593614	19.905720116866334	30.155462869533668	0.007147219048600038
73.0	29.968907054236034	19.971498622372394	19.897248796378424	30.15649610592968	0.005849421083468908
74.0	30.037676386747076	19.925114867011658	19.872457715312024	30.161971494836244	0.00277953609300307
75.0	29.958722781774966	19.986898621413147	19.93566509098783	30.113066958064383	0.005646547759680568
76.0	29.978254938280145	19.949433655410527	19.888915951017484	30.182579998090198	8.154572016415971E-4
77.0	29.993383453196166	19.98562029385693	19.888578188258098	30.13095430400532	0.0014637606834925958
78.0	29.98064425145132	19.933734647457126	19.91585412497907	30.16748409608134	0.002282880031143584
79.0	30.021186281930596	19.97330610408193	19.91968652327823	30.083167072017254	0.002654018691994548
80.0	30.05750512087425	19.924048992779504	19.872933251791473	30.144875661881287	6.369726734862634E-4
81.0	29.96362523785213	19.96293913396735	19.935225883743048	30.120023858334832	0.01818588610263956
82.0	29.923159232305878	19.941520311148032	19.937753330340666	30.1936556005098	0.003911525695621394
83.0	30.013911963739314	19.954007493487552	19.8556712167801	30.170974371592674	0.0054349544003615335
84.0	29.982183157733587	19.950533015778703	19.90090344521175	30.162512313967483	0.003868067308480103
85.0	29.986171950701202	19.948238463813617	19.90239587952891	30.161389970163793	0.0018037357924738059
86.0	29.95166179065999	19.981814693049675	19.8819533454717	30.183897524085246	6.726467333916803E-4
87.0	29.97366426026816	19.951415823632157	19.898494239466118	30.176213390901896	2.122857316712276E-4
88.0	29.971752858585642	19.97140900273273	19.885319870968406	30.167412739693056	0.004105528020166153
89.0	29.919936525065665	19.98030496158532	19.909415799893075	30.18968312933663	6.595841193078697E-4
90.0	29.95095770438172	19.978818264079617	19.88084469613957	30.189174535143394	2.0480025570569467E-4
91.0	29.90745900718158	19.99363039328828	19.920127451198777	30.178543648814042	2.3949951731843516E-4
92.0	29.938276624497362	20.01085295751576	19.915994722581086	30.134541763805412	3.3393160037513696E-4
93.0	29.9169809379054	20.028080282861033	19.941683170192363	30.112396215316885	8.59393724323464E-4
94.0	29.937589716098028	19.979936675619854	19.909585724689517	30.172492500692737	3.9538289986369447E-4
95.0	29.996897562946156	20.01429320838987	19.853640963949825	30.134862838739902	3.0542597424295493E-4
96.0	29.951159430270437	19.995009719147816	19.911982336038594	30.141679037432702	1.694771104487978E-4
97.0	29.92597211686293	20.01996208270917	19.85388535705181	30.19932202414087	8.584192352244408E-4
98.0	29.926232606641907	20.03547112411867	19.893426613592045	30.143500199001455	0.001369456645922755
99.0	29.916604499011285	20.0410132180823	19.897487142077182	30.14460701324561	2.8812758362811356E-4
100.0	29.90777260315725	19.995559845431995	19.902689310522877	30.19205213804039	0.0019261028474901094
101.0	29.921982558268933	20.01320928083917	19.894485443338954	30.16713444849482	0.0031882690581180144
102.0	29.892002277839104	20.00417348746339	19.932055224825334	30.17133092123331	4.3808863886248087E-4
103.0	29.959163507245968	19.989660465175664	19.921777849990875	30.1291443034261	2.538741613975887E-4
104.0	29.87594941162874	20.065850408250274	19.897758664665023	30.160250162218315	1.913532376494072E-4
105.0	29.92045810457756	20.000559503619712	19.940094372093895	30.13868500408117	2.0301562765875973E-4
106.0	29.927687381896185	19.98312691262105	19.915579666379905	30.173088814853827	5.172242490338036E-4
107.0	29.90287254692357	19.968857565806356	19.95154352691352	30.176129259988244	5.971003683042353E-4
108.0	29.860986335051305	20.02336595898939	19.96791472747783	30.147502189679127	2.3078880235246965E-4
109.0	29.95073995968135	19.97469013921458	19.92411405987541	30.150224462155585	2.3137907307586947E-4
110.0	29.873114234346055	20.010674046455527	19.969407177922786	30.146366956673976	4.3758460165438287E-4
111.0	29.91590263648027	19.98938922351429	19.916268975316235	30.178079823549126	3.593411400763396E-4
112.0	29.916344798966726	19.98166159008705	19.86697921625387	30.23449106854818	5.233261441720296E-4
113.0	29.905353855483074	19.97427782477806	19.937723879133536	30.182218576777153	4.2586382817778586E-4
114.0	29.89608158862651	20.043607640559966	19.924026744906474	30.135950485530916	3.3354037613939064E-4
115.0	29.940370615104488	19.987829669182027	19.990008197764837	30.071716778748144	0.010074739200508293
116.0	29.89481925028443	20.040854873327476	19.953232349901498	30.110819538450865	2.7398803572803985E-4
117.0	29.852876984355703	19.99637461469474	19.962051610731603	30.185340378915203	0.003356411302748684
118.0	29.84865967276275	20.025703520560167	19.950941515639332	30.173685904766366	0.0010093862713797016
119.0	29.93087794873804	20.01355966095323	19.908264541687497	30.147089232509245	2.086161119902284E-4
120.0	29.870065478954054	20.017824830685992	19.96610349906187	30.145518126307657	4.8806499042424237E-4
121.0	29.894109558569742	20.03501253956298	19.98697983809342	30.083507680328164	3.90383445690933E-4
122.0	29.82376183283315	20.04162197460754	19.98273548572121	30.1516859312985	1.9477553959690305E-4
123.0	29.82619903313315	20.020887596263933	20.02168456436288	30.130992450504813	2.3635573522758587E-4
124.0	29.789228117840764	19.996123718386517	19.974990872048366	30.239312489559207	3.448021651538504E-4
125.0	29.77548652262325	20.03990217275791	19.962866923133856	30.221003676822576	7.407046624057746E-4
126.0	29.829450839154774	20.037475527727242	19.98952759840602	30.14313418540947	4.118493024878831E-4
127.0	29.92023041485493	19.97632825894728	19.98002227437941	30.115289846108183	0.008129205710192848
128.0	30.000845140971716	19.8742264496849	20.09283505820004	30.030733354177368	0.0013599969659776141
129.0	29.859195937785206	19.89576971289686	20.184543433396453	30.05820381198574	0.002287103935747892
130.0	29.750991766163164	19.907468942204012	20.148853009199634	30.192177525814014	5.087566191730059E-4
131.0	29.671524933671346	19.974465062145814	19.990580761821466	30.362268399612752	0.0011608427486186422
132.0	29.468450565595393	20.160864939189736	19.92902674864522	30.43947315106016	0.002184595509491646
133.0	29.502182049069546	20.072218776237253	20.07445865527734	30.35086657737499	2.739420408738445E-4
134.0	29.551267627350025	19.989643526127768	20.031289686134176	30.427043390392285	7.55769995749299E-4
135.0	29.660069347236735	19.856212022761284	20.143323272571916	30.337051997938108	0.0033433594919618256
136.0	29.740385565540556	19.916749422112304	20.19458229558842	30.146899249023196	0.0013834677355284138
137.0	30.080035905422918	19.813541361792865	20.069921172701427	30.035985043980222	5.165161025630305E-4
138.0	30.18895629262113	19.823568840877005	20.159636191532535	29.826574586089254	0.0012640888800764616
139.0	29.49008547866957	20.326577319932763	21.38604651621891	28.78998639782118	0.007304287357574108
140.0	27.45712969157331	21.27716841089821	21.42489196357988	29.82303497011005	0.01777496383854834
141.0	29.218224734901295	19.428095565683297	19.18344742639398	32.16978455256216	4.477204592641851E-4
142.0	31.96369035421707	18.851068694592826	20.899439201474724	28.284946201193872	8.555485215080735E-4
143.0	31.877687008270524	18.330481427883424	21.527759035337574	28.25289222013392	0.01118030837456316
144.0	34.252261001619615	18.13127001112144	18.815869700327077	28.796202047472512	0.004397239459354149
145.0	27.925795906446243	19.808227554405427	18.974796049512882	33.290932544197176	2.479454382712176E-4
146.0	27.879452906037237	20.297475176362656	18.84879403252457	32.97406627489714	2.1161017839828151E-4
147.0	28.555692657754772	19.64224516499927	19.519045015742563	32.27937239073426	0.0036447707691367277
148.0	30.945412850138055	18.747584853837637	19.96425561946103	30.34245109962012	2.955769431554247E-4
149.0	33.7838951861373	19.44784492525853	18.37020738117103	28.396040282080275	0.0020122253528614513
150.0	21.63742191394532	24.747908693044987	25.8867348577267	27.675201535212473	0.052733000070518204
