# Position (bp)	A	C	G	T	N
0.0	28.201634117083252	22.386441782373225	28.15429174776307	21.252432739466585	0.0051996133138675505
1.0	28.394361731278117	19.074926892090126	20.04436961187429	32.467935397079515	0.018406367677954505
2.0	29.794133916654598	19.954129444992127	18.10879849719436	32.14262909613627	3.090450226522701E-4
3.0	31.00288497931931	19.713342463547182	19.874178869590597	29.409539137551793	5.454999112107978E-5
4.0	32.65085455975928	18.978891329026606	20.050291889440512	28.319958597986084	3.6237875124064898E-6
5.0	33.12114017041649	18.850693969805395	19.869396609887524	28.15810616756697	6.630823236200117E-4
6.0	29.616660559909686	18.27901836863602	18.389460978291066	33.714773662634926	8.643052829976182E-5
7.0	28.68139142632137	21.03069940075229	18.59464565147865	31.69317728720956	8.623423813290226E-5
8.0	28.53902466674738	20.61472109975694	18.961271964834616	31.88484473159049	1.3753707057592788E-4
9.0	31.78878565446451	19.17933027676377	19.316020065718494	29.715720686047042	1.433170061822657E-4
10.0	29.86482189884666	21.146499659521464	20.979363782811358	28.009184655105752	1.3000371476669736E-4
11.0	29.03250561562838	21.144092451403065	20.158989492378076	29.664348102667503	6.433792297835591E-5
12.0	29.94127771213378	20.07819767283046	19.830854034998037	30.149445623719423	2.24956318303478E-4
13.0	30.18166927719981	19.93334329317008	19.725240257279612	30.15965917952349	8.799282701499649E-5
14.0	30.181127192712708	20.032488817097015	19.798204812222043	29.988149478305825	2.9699662401561507E-5
15.0	30.379533659415564	20.074502583202015	19.68847563817943	29.857440643253536	4.747594945549003E-5
16.0	30.53811388925416	19.944843680355486	19.823323640856938	29.693645261056457	7.35284769624371E-5
17.0	30.477850734354867	19.991540199723097	19.944752373090108	29.585767816936038	8.887589589124956E-5
18.0	30.619247691640915	19.807357744945698	20.075938320491844	29.497427826081935	2.841683961076318E-5
19.0	30.419584162167286	19.931032727100504	19.799256417542864	29.850069858861417	5.6834327934072175E-5
20.0	30.179508148669626	20.191287108046836	19.771685287528083	29.857431834951676	8.762080377902369E-5
21.0	29.966756021530095	20.287483011723204	19.727526341235635	30.018154103231243	8.052227982209834E-5
22.0	29.932731677966874	20.112479223834615	19.701934083427737	30.252645395260387	2.0961951038922256E-4
23.0	30.04488319304705	19.983017637574747	19.851444540750503	30.120523155024408	1.3147360328662214E-4
24.0	30.07275125810836	20.034360700873947	19.911418982738198	29.981339922797122	1.2913548237285856E-4
25.0	30.098245256027877	20.00015405536833	19.9388684597645	29.962678901981025	5.332685826769834E-5
26.0	30.098276348535098	20.00247834291838	19.92731490095619	29.97176090164173	1.695059485979019E-4
27.0	30.048865387490103	20.02761858216778	19.90361574413803	30.0198623427277	3.794347638581225E-5
28.0	30.082226906655695	19.9961626882134	19.959282886228745	29.962227885435887	9.963346626928571E-5
29.0	30.01507219741908	20.033005707355052	19.940438996481365	30.010929013097886	5.540856466201445E-4
30.0	30.00162358684575	20.028126716054967	19.96414032146544	30.005707521244663	4.0185438917966396E-4
31.0	30.001388989541024	20.00906566155878	19.90965265766452	30.079144526357247	7.481648784314871E-4
32.0	30.02575826141691	20.041274434905247	19.935977758400465	29.996854649019276	1.3489625809240264E-4
33.0	30.087720133518115	20.023930154248077	19.931303743379324	29.95697897916032	6.698969416190079E-5
34.0	29.992912383638608	20.061763805121824	19.941619435769542	30.00353176113883	1.7261433119216841E-4
35.0	29.954147028538564	20.05645958200187	19.929706471229032	30.05954034673074	1.465714997941932E-4
36.0	30.021130516974615	19.99368215724168	19.968442092461817	30.01667539629502	6.983702686919405E-5
37.0	30.035162545577993	20.053841508888894	19.888532574964962	30.022380093332295	8.327723585619426E-5
38.0	30.059210428742787	19.956722716838062	19.904563470159026	30.079390880840563	1.1250341955958323E-4
39.0	30.046913847576334	20.00785997892907	19.88163736522089	30.063493016978253	9.579129545468241E-5
40.0	29.971789317273963	20.033384194960842	19.95532389899753	30.039401707406103	1.0088136156194783E-4
41.0	30.017929063037137	19.98104446621334	19.915518472324965	30.085426368109758	8.163031479902416E-5
42.0	29.980492669853927	20.06198118560809	19.92399443621989	30.033248357938753	2.8335037934203774E-4
43.0	29.988448374468796	20.02237480877625	19.907670246297354	30.081249473180133	2.5709727746838027E-4
44.0	29.946237657110895	20.036840338210343	19.935998052423066	30.080680946966577	2.4300528912057464E-4
45.0	29.973666212273514	20.02954816617218	19.94307677204254	30.053023525571376	6.853239403842978E-4
46.0	29.993568902108336	19.98624672396331	19.97139785340691	30.04866070354215	1.258169792949288E-4
47.0	29.990908723182557	20.03237873133648	19.916435489385705	30.060101455716016	1.7560037924240778E-4
48.0	29.995887524457228	19.999696731430625	19.911843075302986	30.092468520976666	1.0414783249204822E-4
49.0	29.99663206572263	20.003034795432487	19.940653303672043	30.059518237971965	1.6159720087792527E-4
50.0	29.998080098346826	20.040551613106853	19.903380528682714	30.057893042222815	9.471764079294369E-5
51.0	30.01870966047326	20.012457695331612	19.910023535089916	30.057673228805854	0.001135880299359566
52.0	29.978433591940533	20.0143325832132	19.965450545878443	30.041713114562974	7.016440484816492E-5
53.0	30.0068484493809	20.023952611896327	19.855922495303076	30.112703540664665	5.729027550340688E-4
54.0	29.97790479576637	20.010275134145136	19.91252241127112	30.09917042583443	1.272329829412567E-4
55.0	29.95864531031366	19.979296231162063	19.930735503170638	30.130923434667206	3.995206864352031E-4
56.0	29.98184127144467	19.978967538173062	19.91086406572254	30.128244720979364	8.240368036641798E-5
57.0	29.991589050808564	19.975143060059246	19.942339811576584	30.090859430236662	6.864731894527057E-5
58.0	29.99252600251243	19.965222178431404	19.91059106483001	30.13157403412426	8.672010189305901E-5
59.0	30.02682393492133	19.948508797595625	19.913934850611454	30.110552097784304	1.8031908728565385E-4
60.0	30.033834654256985	19.93963623321949	19.922051477995407	30.104003098795285	4.745357328356642E-4
61.0	30.01646344474785	19.968561135312772	19.933818263941905	30.08093337352844	2.237824690357085E-4
62.0	30.024010435207792	19.948005315943142	19.8916885549098	30.136217012222794	7.868171647543935E-5
63.0	30.038238009830593	19.96881004501946	19.87713294209611	30.11482165510681	9.973479470291042E-4
64.0	30.035693909469828	19.926790226592033	19.897164655359877	30.139515735296012	8.354732822520124E-4
65.0	29.998819754588844	19.938913224664795	19.876571389552716	30.18561756402942	7.806716422600303E-5
66.0	29.97540460858179	19.960135020851265	19.90936035984334	30.155007363376285	9.264734731984664E-5
67.0	30.00676860010826	19.93121545429538	19.923297661868045	30.13860835074255	1.0993298576798405E-4
68.0	29.97661852309181	20.020516759345913	19.86149572961508	30.14127316921545	9.581873175087953E-5
69.0	29.996246161689466	19.96893870935079	19.902507633241214	30.132221920896452	8.557482207579216E-5
70.0	30.01381394661279	19.928832723161786	19.850322392544125	30.206951710343265	7.922733802680486E-5
71.0	29.938026896476327	19.990786708012443	19.898700144656182	30.172115398700633	3.708521544112877E-4
72.0	29.98842507200167	19.9530426140941	19.925747153769994	30.13263236720504	1.527929291896582E-4
73.0	29.968163648979456	19.98774470960949	19.897458143530237	30.146448227682626	1.852701981903287E-4
74.0	30.016404519085878	19.942680450712732	19.880605286268434	30.159754868682686	5.548752502721362E-4
75.0	29.993749142024306	19.940631267581583	19.913996885502133	30.15151138181248	1.113230794941345E-4
76.0	29.972980238009743	19.95969573025221	19.885109970972195	30.1820485628063	1.6549795954471E-4
77.0	29.98193675490261	19.967958493499367	19.896592743280465	30.153416186379445	9.582193811422453E-5
78.0	29.963417617217814	19.956555839545288	19.90588827066563	30.173979864491773	1.584080794944275E-4
79.0	30.01267916658761	19.956783834925734	19.90225362600627	30.127721079359947	5.622931204428197E-4
80.0	30.038798129075232	19.913014700074495	19.873277367061323	30.174725859886987	1.8394390196057084E-4
81.0	29.94504320332205	19.975848330104515	19.92287927400273	30.156128049200948	1.0114336975619978E-4
82.0	29.939721128758123	19.933731037984895	19.942412130203984	30.184034217930687	1.0148512230849799E-4
83.0	29.98655588071723	19.958658225544124	19.853522587389048	30.201172491878364	9.081447123645637E-5
84.0	29.996201447105637	19.96131539154416	19.885169011583294	30.157220276530676	9.387323623233029E-5
85.0	29.984211355911967	19.937447937919146	19.88047086421046	30.197623295888803	2.465460696262722E-4
86.0	29.955492231900127	19.954428370399746	19.860951703675866	30.228260483604615	8.67210419644373E-4
87.0	29.975327075778768	19.93971750639693	19.88189382654787	30.202710172795257	3.5141848117601807E-4
88.0	29.990897346764633	19.942485212386103	19.87701791617522	30.189389644265578	2.0988040846421383E-4
89.0	29.938998523183912	19.962144382502174	19.89500233940708	30.203752269404564	1.024855022674777E-4
90.0	29.955633157754054	19.970967261396424	19.852345774141213	30.22016211706561	8.916896427008053E-4
91.0	29.938348637091718	19.974407161245175	19.882430246481057	30.204658459829275	1.5549535278107113E-4
92.0	29.9651247711408	19.974505253597872	19.88647811851535	30.173799652027906	9.22047180785422E-5
93.0	29.939338578569576	20.000609804156213	19.880485217921642	30.179492380173944	7.401917862540208E-5
94.0	29.95897387947429	19.963019512986172	19.85384325827664	30.22408335933363	7.998992926790518E-5
95.0	29.98654468580887	19.997663984061422	19.83528679369169	30.180256542600652	2.479938373674763E-4
96.0	29.9556729054461	19.975903946530373	19.849858049839153	30.218478787054735	8.631112964179098E-5
97.0	29.960143632604886	20.000177863182905	19.80851151557276	30.23083926995017	3.2771868928000694E-4
98.0	29.92839944617626	20.026624435961924	19.842851144633833	30.202026441485703	9.853174228333083E-5
99.0	29.919196081457265	20.00723119277657	19.84459843016543	30.22742265607763	0.0015516395231059922
100.0	29.918067959984363	19.979330530698043	19.86252892344955	30.239922250778427	1.5033508961693627E-4
101.0	29.932716483895206	20.003685174518303	19.84658985034608	30.216922053577782	8.643766263008154E-5
102.0	29.919364502878697	20.007692189934623	19.848835262182167	30.223993341552863	1.1470345165185544E-4
103.0	29.94382584053257	19.999155375683937	19.85947795427208	30.197382886830855	1.579426805642055E-4
104.0	29.894816121830164	20.024221904333746	19.843926204032236	30.236933515150998	1.022546528534561E-4
105.0	29.933373117311735	19.982438619031313	19.868410883950364	30.21559886503346	1.7851467312512918E-4
106.0	29.933728590368382	19.985977544358896	19.847223927117877	30.2329698844245	1.0005373034653535E-4
107.0	29.917169587904645	19.981272276928653	19.869703436993646	30.231697297154685	1.5740101836959826E-4
108.0	29.860890677945033	20.002571355181534	19.90014455332313	30.23603824568021	3.5516787009379984E-4
109.0	29.93191644348893	19.988687516687055	19.840335823257167	30.238955963795643	1.0425277120863606E-4
110.0	29.8864619369289	20.007305188303835	19.867378581204882	30.238737485791926	1.1680777045337435E-4
111.0	29.935638887430205	19.981641613941882	19.821105110814337	30.26152148562599	9.290218758151786E-5
112.0	29.938487729961917	19.980429651638932	19.79031332740876	30.29068366402671	8.562696368621633E-5
113.0	29.89117390918864	19.97870134715169	19.88633860989175	30.24369708872609	8.904504182238354E-5
114.0	29.898788439044825	20.034114482966366	19.83340514699645	30.233530078569487	1.6185242286834153E-4
115.0	29.942461640706874	19.97252781693961	19.90479456920599	30.180104536686663	1.1143646086467574E-4
116.0	29.882505034952334	20.02912336906056	19.883500307191614	30.204751619897262	1.1966889822741456E-4
117.0	29.858741760752828	19.994890771671713	19.879806714596064	30.26645306213303	1.0769084636233899E-4
118.0	29.863157187464967	20.007892688896543	19.877863468330997	30.250980077833216	1.0657747427717394E-4
119.0	29.928379736016698	20.012935916383885	19.827441776609337	30.231077282922968	1.6528806711300006E-4
120.0	29.856404105809254	20.025810612218212	19.874323162624055	30.243262941434768	1.9917791371125898E-4
121.0	29.87873244613171	20.03995688768536	19.876557652719228	30.204640296964474	1.1271649922366114E-4
122.0	29.82679958125654	20.05902331245462	19.84930241842522	30.264753516287534	1.2117157608187882E-4
123.0	29.84157311010449	20.005939058736697	19.905445214344965	30.246924117475377	1.184993384694363E-4
124.0	29.830062835028954	19.995377724039958	19.857034368590607	30.317410866607897	1.142057325873093E-4
125.0	29.827177717149116	20.01747610197349	19.876506435562593	30.278710474644093	1.2927067071150284E-4
126.0	29.82554105274614	20.0317727624085	19.90263260077769	30.239922085040778	1.3149902689096654E-4
127.0	29.977561320787643	19.940953058972045	19.872832261331247	30.208535923318735	1.1743559033011863E-4
128.0	30.09244886454747	19.811321651319318	19.986199886430658	30.109918171674536	1.114260280124379E-4
129.0	29.87707792752173	19.85583675526243	20.111673879318083	30.155287958025532	1.2347987222105253E-4
130.0	29.712163831605853	19.913533238258672	20.027556995874228	30.346621867731617	1.2406652963435757E-4
131.0	29.612543722765857	19.979361616246234	19.781881686397124	30.626093302880207	1.1967171057995154E-4
132.0	29.324767654780402	20.20612675132382	19.67774482383666	30.791230470374174	1.3029968493202083E-4
133.0	29.435835828871408	20.083877009375666	19.883107964979867	30.597076782432197	1.0241434085517418E-4
134.0	29.529737558526854	19.98325207887625	19.814033038660416	30.672845697689816	1.3162624666508872E-4
135.0	29.68093745036101	19.853301397028186	19.949161197066978	30.516459174819722	1.4078072409971787E-4
136.0	29.762799849444576	19.945611963526744	19.947671470631796	30.343804193657704	1.125227391833212E-4
137.0	29.934989610945088	19.93202493318335	19.872762227873242	30.26009125887608	1.319691222418325E-4
138.0	29.959262219955757	19.97819600168147	20.02367497984302	30.03875998373659	1.0681478316599017E-4
139.0	29.49541313328397	20.344499356206136	20.984452700379542	29.175501422638234	1.3338749211974413E-4
140.0	27.989687990891422	21.04340698094321	20.961926332692986	30.00484978142187	1.2891405051134716E-4
141.0	29.50303349482076	19.509954083956345	19.23570311098453	31.751193648724872	1.1566151349644562E-4
142.0	31.414940332704948	19.265184600729874	20.497551043177115	28.82226231550135	6.170788671221861E-5
143.0	31.481661984337183	18.847512450858687	20.831782938627395	28.83898941150408	5.3214672654641794E-5
144.0	33.18005716818514	18.73632621036514	18.224345853608668	29.859217262289278	5.35055517717222E-5
145.0	28.09286186135077	20.09291123107148	18.853605664271296	32.9601601961327	4.610471737548125E-4
146.0	28.26916065740892	20.14990630313952	18.978070323169238	32.602774173002146	8.854328017218884E-5
147.0	29.29368117942768	20.066117167723185	19.70286357919251	30.937258014561365	8.005909525725917E-5
148.0	31.802686605898593	18.485908183293347	19.698597016847327	30.012447239764946	3.609541957920363E-4
149.0	31.96678577266765	20.488303433626978	19.032459110373328	28.496709705253174	0.0157419780788667
150.0	20.91013244445591	28.51307229009585	21.828007765837306	28.745879563595906	0.002907936015026243
