# Position (bp)	A	C	G	T	N
0.0	25.407373825517688	27.19222860504719	31.547562936320343	15.848514583351802	0.004320049762977848
1.0	27.009449542280965	18.691522505887313	19.910100558472283	34.3756925654353	0.013234827924138466
2.0	29.084836226095973	20.859042923848918	17.70824737153224	32.34444539461235	0.0034280839105187825
3.0	31.475752123415685	20.123871099398002	20.240823833023498	28.159416070019834	1.3687414298121838E-4
4.0	33.608817274906436	18.901587128861568	20.8214531892822	26.667570992362048	5.714145877423869E-4
5.0	34.64599098605925	18.665074283982655	20.522976695904298	26.165635655914897	3.2237813889364535E-4
6.0	28.465810707366256	17.87162642219229	17.822183641463898	35.83984652049063	5.327084869257852E-4
7.0	26.886409229172774	22.49063794646747	18.239320030734866	32.38339762834578	2.351652791090058E-4
8.0	26.45776724444727	21.74922671444092	18.81028406110508	32.9824252045463	2.967754604285784E-4
9.0	32.33382610674495	19.103613619522424	19.487117018571784	29.07477612084125	6.67134319588472E-4
10.0	28.957473864451877	22.66078605004704	22.494000433010616	25.886381865495643	0.0013577869948199193
11.0	27.68883094113817	22.637038802499777	20.964913936364145	28.708500814134645	7.155058632621417E-4
12.0	29.250163611516477	20.77871191008	20.356441312660007	29.60952946462169	0.005153701121830043
13.0	29.50628931282622	20.575127454764218	20.232134521645992	29.686140640657666	3.0807010591203784E-4
14.0	29.525612444729095	20.76083556059169	20.371457427547387	29.341601901688612	4.926654432141493E-4
15.0	29.845125956113687	20.79442934053331	20.18844543411858	29.168983137732074	0.003016131502348643
16.0	30.014653954758806	20.626216599430922	20.442094604888375	28.91686255727508	1.7228364681163267E-4
17.0	30.00572637286868	20.71369919381773	20.55904407092829	28.721333537539113	1.9682484618445807E-4
18.0	30.177337028894907	20.393432446494476	20.83083238552484	28.59812760017103	2.7053891474790017E-4
19.0	29.809370427369153	20.609951691997114	20.43643527579522	29.144070502123192	1.7210271532600496E-4
20.0	29.494735439845588	20.96515010859945	20.346340934680327	29.193503155000183	2.703618744532853E-4
21.0	29.2416770882362	21.100456313013947	20.262086655611753	29.395288504551154	4.914385869469734E-4
22.0	29.248994040395605	20.813304214958457	20.19513651080639	29.74227044714229	2.94786697258975E-4
23.0	29.367192380289968	20.628012329483226	20.43628667951878	29.56654383110165	0.001964779606373598
24.0	29.346086864709807	20.68344588435268	20.54633437259636	29.423960997864384	1.718804767718882E-4
25.0	29.41953024788722	20.62386075599772	20.562106826564868	29.394305774624545	1.963949256461086E-4
26.0	29.423535367481247	20.64984736220412	20.502419194011075	29.423915811434796	2.822648687621765E-4
27.0	29.36040372950889	20.658572166011663	20.477365554277135	29.482627392800303	0.021031157402016463
28.0	29.404722792758953	20.63433896923567	20.572433928084646	29.38823441081147	2.698991092593306E-4
29.0	29.358148366438375	20.67898709427746	20.51462204932546	29.447997168996093	2.453209626149252E-4
30.0	29.352516870725744	20.661639435558182	20.51079052454834	29.474671895931593	3.812732361439156E-4
31.0	29.318848653163755	20.62569733740592	20.472463473918364	29.582756214111054	2.3432140090652785E-4
32.0	29.394102606120008	20.581317189756085	20.539070157158715	29.484631961685796	8.780852793949868E-4
33.0	29.507760379244452	20.532555614800614	20.542478025271635	29.4169827264477	2.2325423559796227E-4
34.0	29.34151928841996	20.66136025785808	20.537496232645445	29.45943764140407	1.865796724432148E-4
35.0	29.291806603224877	20.697646669405902	20.519762694889792	29.49018492843952	5.991040399083171E-4
36.0	29.40819863565248	20.552928620072063	20.561896844625384	29.476675288771194	3.006108788822486E-4
37.0	29.35803296608535	20.628139610715298	20.472254269719727	29.541082908475282	4.902450043405538E-4
38.0	29.40886511190492	20.489766730224947	20.449040311206364	29.648303147882192	0.0040246987815760644
39.0	29.394258516824674	20.549780608293506	20.40847575799217	29.646497236785365	9.878801042846768E-4
40.0	29.328864812406806	20.534643202015005	20.541954818533306	29.590696978890918	0.0038401881539605184
41.0	29.37532589372124	20.506726752829437	20.44281200381803	29.67486722942969	2.681202016059634E-4
42.0	29.30989785666701	20.68243511100786	20.491284968975442	29.515676901513764	7.051618359234569E-4
43.0	29.325793079503764	20.54751793252844	20.438607256925525	29.68763099512574	4.5073591653092E-4
44.0	29.3736500521125	20.55711024190109	20.486492856570905	29.578995422094433	0.0037514273210759973
45.0	29.418117578897313	20.481999738255517	20.501182203922347	29.59837557266353	3.249062612945539E-4
46.0	29.383028484347516	20.47984497035084	20.5528024037953	29.584076031387234	2.481101191059156E-4
47.0	29.37007567143687	20.539388133046412	20.4702344624365	29.619803091812063	4.986412681549709E-4
48.0	29.398778009337622	20.504339186479847	20.456375835385877	29.64029596697716	2.1100181949506474E-4
49.0	29.420163046957754	20.492133898234766	20.52662393807593	29.559435471481628	0.0016436452499248762
50.0	29.408852717878332	20.522048511055072	20.39513756791781	29.673561441673137	3.9976147565286047E-4
51.0	29.434588671678448	20.461198722280304	20.424813397944526	29.675929473559552	0.0034697345371749234
52.0	29.403484023163596	20.4766647825274	20.51604041936737	29.60352788463248	2.828903091479182E-4
53.0	29.433597406717897	20.482910462784567	20.406869358049423	29.67628408945891	3.3868298919980587E-4
54.0	29.433858754727176	20.410956682815346	20.48036970131281	29.674460574045934	3.542870987306847E-4
55.0	29.346305860543005	20.53649918047832	20.45878958079996	29.654813930813095	0.00359144736562538
56.0	29.39548618504744	20.49594923944116	20.476089865871998	29.632267841164726	2.0686847467874705E-4
57.0	29.393108436958816	20.44177639878789	20.513543273996245	29.650184017984603	0.0013878722724493197
58.0	29.408716330114476	20.46656073108958	20.463850881148215	29.66055078677839	3.2127086933662316E-4
59.0	29.38338883417305	20.51571141250516	20.47379931543106	29.626636466336404	4.639715543257966E-4
60.0	29.439597824180574	20.522529034069972	20.462084887080568	29.575462677296343	3.2557737254247475E-4
61.0	29.351989462775137	20.537767915085315	20.436055929619183	29.669397563159848	0.004789129360512973
62.0	29.391107257793635	20.49714494055907	20.421411941009794	29.689991358744177	3.4450189332498873E-4
63.0	29.44233917377873	20.418166464187674	20.419872463536795	29.71920262747032	4.192710264781219E-4
64.0	29.387769667335945	20.42470944056886	20.486553683672376	29.700646771930057	3.204364927643255E-4
65.0	29.383458456835253	20.487930295168976	20.449863478954803	29.678351545433497	3.9622360747213153E-4
66.0	29.358753817117638	20.46368467454353	20.46486787563196	29.709676469931384	0.0030171627754880374
67.0	29.34966703445866	20.48877677907825	20.481726024677343	29.679532032635603	2.981291501441007E-4
68.0	29.36611741487514	20.50299062468205	20.428193071765826	29.702037628414114	6.612602628719946E-4
69.0	29.443641038122887	20.432493611227386	20.449876892420978	29.673548950683315	4.3950754543522916E-4
70.0	29.428511676414466	20.419836650356977	20.41129095627081	29.739840943077727	5.197738800172321E-4
71.0	29.290273124926735	20.496754829196668	20.47917167940674	29.730700179533216	0.003100186936645135
72.0	29.347947049326507	20.4380036928069	20.458237398331466	29.755376056646902	4.358028882213841E-4
73.0	29.3167861296811	20.475020217703985	20.43947036213411	29.76812634195599	5.969485248145218E-4
74.0	29.406712575217853	20.40485321386557	20.419429287249045	29.76852909972683	4.7582394070091723E-4
75.0	29.370843099944366	20.42686731222277	20.469796883857725	29.732092241553165	4.0046242196789474E-4
76.0	29.33901097967712	20.49667001835474	20.432715603469685	29.730665033696198	9.383648022598413E-4
77.0	29.375145808902424	20.450782680117623	20.455491071304497	29.718286165226278	2.942744491795383E-4
78.0	29.32580389876237	20.437160997837324	20.477490173790496	29.75911536853862	4.295610711931389E-4
79.0	29.375841222881494	20.438315221067402	20.43340504308681	29.752254798822158	1.8371414213094712E-4
80.0	29.4385268214788	20.397938284997885	20.41818594478046	29.744892996437493	4.559523053624044E-4
81.0	29.339457133766977	20.411218413480512	20.53545796920328	29.713251689871427	6.147936778033695E-4
82.0	29.295792946008913	20.438257969575314	20.504080108825935	29.761402519484907	4.6645610492567277E-4
83.0	29.37136274083048	20.41403350517717	20.372619665717416	29.841634456873837	3.4963140109539517E-4
84.0	29.394911863412265	20.4060203753374	20.43955223378801	29.759126239395883	3.892880664451028E-4
85.0	29.346689458444423	20.4431674837304	20.43549855222041	29.774286144319255	3.583612855136034E-4
86.0	29.357583356581085	20.43739777870668	20.41082546070936	29.793812243703734	3.8116029914186294E-4
87.0	29.39320800859925	20.37128390532884	20.46104331332876	29.774096906316927	3.6786642622917045E-4
88.0	29.39031852060857	20.434391550277596	20.41329969328225	29.761542663269342	4.47572562235431E-4
89.0	29.32312466970135	20.42947052724082	20.42330432190467	29.823608697905495	4.917832476684745E-4
90.0	29.341842175611742	20.45783707322334	20.438089978051746	29.761520722072017	7.100510411555179E-4
91.0	29.316006335193435	20.439139840903444	20.430317156984568	29.81426400119038	2.7266572817719845E-4
92.0	29.30319303125802	20.444183349066286	20.45110400239178	29.80100551160831	5.141056756080189E-4
93.0	29.349649405821598	20.39590068319269	20.467341075755336	29.786646892855078	4.6194237529966E-4
94.0	29.28856661884055	20.410933095080484	20.45471756769804	29.845456120916182	3.265974647463552E-4
95.0	29.414548223546213	20.455394965712863	20.379828565344596	29.749833913727286	3.94331669046147E-4
96.0	29.364853197898395	20.405798202785114	20.451456833279504	29.777511805172956	3.7996086403100477E-4
97.0	29.283529247248495	20.431648587510185	20.43611655465602	29.84816859530335	5.370152819512816E-4
98.0	29.286988953122016	20.420834280207547	20.492858691080457	29.798836892158697	4.811834312796789E-4
99.0	29.255195888031388	20.444156068709876	20.474637542301956	29.82389373195733	0.0021167689994500854
100.0	29.266640759199326	20.426909939450567	20.471154018681993	29.834795606208615	4.996764594924787E-4
101.0	29.35552494877379	20.46965967636803	20.415758076090437	29.75873300895086	3.242898168828058E-4
102.0	29.27972343225601	20.387084206925586	20.49289633272098	29.839965069705748	3.3095839167459983E-4
103.0	29.281545747798184	20.374076529348514	20.507216602361904	29.836847281697352	3.138387940478783E-4
104.0	29.234512880243695	20.455203180283938	20.48303288518791	29.82693032186978	3.207324146734586E-4
105.0	29.321036706732116	20.398742284966705	20.47565926861005	29.804183335376717	3.784043144146312E-4
106.0	29.273495174570975	20.3533357334665	20.541888130567244	29.830893843142263	3.871182530127478E-4
107.0	29.279824015239047	20.379633632878114	20.501384262640975	29.838840961489062	3.171277528010309E-4
108.0	29.20508739301847	20.353742867333832	20.528184949231424	29.91233479663184	6.499937844344363E-4
109.0	29.2371997329756	20.434534156038147	20.50504059954368	29.8211975483315	0.0020279631110732064
110.0	29.178952292128358	20.419722029702264	20.559962123480872	29.840536431906408	8.271227820987813E-4
111.0	29.26115860228366	20.40425108587647	20.5110879100625	29.82279914237516	7.032594022119267E-4
112.0	29.259889051031525	20.363383042225177	20.46692858010581	29.90919644140965	6.028852278348492E-4
113.0	29.174767225325887	20.41207324643079	20.48994413407821	29.92250155183116	7.138423339540658E-4
114.0	29.262942764471727	20.423330089203958	20.553767125259867	29.75944812688321	5.118941812348552E-4
115.0	29.256919081256804	20.31533968889926	20.52910300949043	29.898110002109572	5.282182439318453E-4
116.0	29.207649443809835	20.39602690614468	20.52540042519649	29.87071857388292	2.0465096607193958E-4
117.0	29.16683575867142	20.391754709197627	20.65507948265257	29.786083028114913	2.4702136346617555E-4
118.0	29.186013351954898	20.404616880790297	20.5575501429522	29.85141745698638	4.021673162278168E-4
119.0	29.17654993629061	20.451416799023136	20.484608652869728	29.887197010533008	2.2760128351950488E-4
120.0	29.09633143634877	20.42312717787207	20.54168542754699	29.937870272751	9.85685481168282E-4
121.0	29.06193969565417	20.44913832169761	20.6091431817734	29.879491465312853	2.873355619626825E-4
122.0	29.03468621414595	20.530505114514604	20.49470993487504	29.939756198860206	3.4253760420636177E-4
123.0	29.032565540992877	20.451689584683294	20.588445882812024	29.92653823985336	7.607516584386154E-4
124.0	28.971121165057284	20.570402007788058	20.496779360899154	29.96127542560455	4.2204065095550005E-4
125.0	29.09859235387743	20.47567644231527	20.547378539798604	29.878204926170476	1.4773783822115763E-4
126.0	29.049343613166318	20.51201076934884	20.641908779964695	29.796373849067326	3.629884528187609E-4
127.0	29.1894133813142	20.475823648401356	20.615591297696874	29.718788147089697	3.835254978708856E-4
128.0	29.202523483383004	20.609551361368165	20.59287917603388	29.594755523024464	2.9045619049278796E-4
129.0	29.153519408103058	20.484947714740272	20.695200877342025	29.66497273752336	0.0013592622912837304
130.0	29.032600959449837	20.609222919574442	20.726810324451446	29.631299773276165	6.602324810612313E-5
131.0	29.01776438627382	20.572040043086666	20.606503704134436	29.803053650559754	6.382159453290038E-4
132.0	29.01748539691659	20.601512975198695	20.546279804653835	29.834415397874174	3.0642535669826677E-4
133.0	29.395061461182802	20.456509324484742	20.238485705675608	29.909693767970925	2.4974068592111855E-4
134.0	29.333766264563543	20.524679816344733	20.4515314638244	29.689931247845223	9.120742209518042E-5
135.0	28.957188993357363	20.83624986636059	20.279503042944143	29.926352077815455	7.06019522448395E-4
136.0	28.518638873656442	21.109350917218983	20.10513773517206	30.2661954763017	6.769976508181517E-4
137.0	27.473488393530438	21.596572919560657	20.45378600975837	30.475640561125527	5.121160250066254E-4
138.0	27.57876040703053	21.802479185938946	20.985161887141533	29.63285846438483	7.400555041628122E-4
139.0	27.98147020153526	22.050565495886264	21.486386145131362	28.48087600517486	7.02152272252522E-4
140.0	27.307334750759644	22.724299105644167	21.962504196327888	28.0045707694559	0.0012911778124004717
141.0	26.346269868410445	23.723653591118747	21.656810656168417	28.272153781566338	0.0011121027360507564
142.0	24.127196258008727	25.158209189890336	23.699540112416965	27.013875240753116	0.0011791989308596361
143.0	30.945109806941606	19.582680510927585	21.43890910056563	28.03330058156518	0.0
144.0	32.51701319445377	19.140011543469214	19.117193057811306	29.225782204265716	0.0
145.0	27.15094787533489	20.96517109234578	19.599823651100483	32.28337911622071	6.782649981347713E-4
146.0	27.557455685865456	21.001777369082014	19.673897379238408	31.766869565814126	0.0
147.0	28.339006599513723	20.750260507120526	20.459187217783953	30.451545675581798	0.0
148.0	30.935231576802263	19.339877869676123	20.705235863309603	29.019654690212004	0.0
149.0	32.078652884389655	20.71325417772308	19.6603754793088	27.547717458578468	0.0
150.0	21.084009628354462	27.89838061809266	24.073121837435817	26.941507001423386	0.0029809146936737537
