# Position (bp)	A	C	G	T	N
0.0	25.563834905604754	26.157714864882603	24.28425195389891	23.940913117051302	0.053285158562434695
1.0	28.297411677597147	18.479298832094084	18.410073003838132	34.807817559509694	0.005398926960943394
2.0	29.781174009856493	20.248094281019338	18.942359441778684	31.02394378191328	0.004428485432204665
3.0	32.99404554647469	19.268608962876417	19.597192526571998	28.13638685318814	0.0037661108887600335
4.0	32.93507114082507	18.750314128796116	20.55591725485879	27.757588064552273	0.0011094109677471553
5.0	33.79756503001273	18.797745781737163	20.019245784118688	27.383460325668196	0.001983078463224413
6.0	28.175591804894502	19.112626832306525	17.905764986868817	34.80140739369701	0.004608982233150286
7.0	28.220068902429784	21.546999563083787	18.824839648041593	31.38713912211414	0.02095276433069743
8.0	27.703331127071678	21.181095933748004	18.95140945616379	32.1633039399994	8.59543017121125E-4
9.0	32.53135123595584	18.883099274753974	19.358585370449916	29.224639641532825	0.0023244773074420143
10.0	29.955018076284667	21.521276141112796	21.654295560037827	26.858478511015687	0.010931711549015946
11.0	28.696210739378586	21.533905814735995	20.447813376446586	29.307563968171728	0.014506101267102035
12.0	29.713293221740738	20.195384211330758	19.82610815489193	30.263303292974747	0.0019111190618240808
13.0	29.875049693521618	20.13077541267854	19.77610159554328	30.216661105432152	0.0014121928244106234
14.0	29.889541549653504	20.265734006741752	19.96060817353923	29.87986954396304	0.0042467261024755135
15.0	30.07179639301957	20.275152766873767	19.920973640701316	29.731454161106452	6.230382988901027E-4
16.0	30.09768959802863	20.195897108840324	20.022798442101415	29.680305711852373	0.0033091391772539724
17.0	30.058071048855616	20.24039336007212	20.054837659238697	29.644796826889614	0.001901104943954882
18.0	30.023148473368526	20.220284395529955	20.082780378953334	29.66783912181131	0.005947630336872755
19.0	29.971374245968597	20.244466471248646	19.972837226798763	29.810532563589337	7.894923946549066E-4
20.0	29.87415545386253	20.31747404625543	19.9634816068947	29.84429229608208	5.965969052580341E-4
21.0	29.851645759162416	20.298455661084915	19.981343507888997	29.867111723375228	0.0014433484884419246
22.0	29.841961114924402	20.162203695591895	19.984093718028134	30.011073522985665	6.679484699008377E-4
23.0	29.889119986872032	20.09961982579724	20.042859848029423	29.965790492966683	0.0026098463346190233
24.0	29.889728572498864	20.13150849974545	20.067393912589292	29.90894727047454	0.002421744691850721
25.0	29.916379294247125	20.104264264996687	20.108500443777455	29.866231108018365	0.004624888960364138
26.0	29.911409902762344	20.122374449885083	20.086907024157803	29.878288856467023	0.0010197667277503885
27.0	29.853998627892235	20.170548289192787	20.070308865209576	29.904234534689262	9.09683016137058E-4
28.0	29.848378115681584	20.168420173950448	20.131922190242808	29.849629011423218	0.0016505087019396709
29.0	29.81348620603641	20.18869200733088	20.085824520156308	29.91014490340164	0.0018523630747552555
30.0	29.81243557214091	20.154347091573104	20.097336986948257	29.934719763984592	0.0011605853531361475
31.0	29.848205642822723	20.12995941730433	20.092252505401802	29.92852235129899	0.0010600831721534394
32.0	29.835868343782877	20.180295552503782	20.1178562095864	29.864741269550038	0.001238624576906231
33.0	29.895412973059305	20.142465799572477	20.108174108159805	29.851050516290446	0.0028966029179736856
34.0	29.799740630055926	20.202917688404483	20.122843798014227	29.872652734284603	0.0018451492407606596
35.0	29.783748784292513	20.20848291544099	20.069249337018704	29.936166771397804	0.0023521918499943783
36.0	29.821869187347687	20.174452882328573	20.112859829966247	29.888846972976012	0.0019711273814715805
37.0	29.83468498299796	20.189233401967158	20.05047034801012	29.925153267038173	4.579999865882598E-4
38.0	29.871946644701648	20.107855976567468	20.066814138396996	29.952418103005662	9.651373282310157E-4
39.0	29.847215671019743	20.171997786702647	20.066145117918268	29.913912684065625	7.287402937172048E-4
40.0	29.796771970844325	20.181408851649397	20.13469890306482	29.884972835368036	0.002147439073422233
41.0	29.82416437980181	20.14261287574195	20.061437142826303	29.97116539744168	6.202041882625552E-4
42.0	29.77657773547645	20.217102061424022	20.1122420609627	29.8920563099563	0.002021832180525124
43.0	29.787846506036885	20.155862545765487	20.09788022858808	29.955824106570617	0.002586613038930778
44.0	29.773127902753938	20.18578515470025	20.11928296934229	29.921158537000252	6.454362032733599E-4
45.0	29.770182323380006	20.177317564640468	20.123702836124647	29.92503673972098	0.003760536133900199
46.0	29.79445724299233	20.138931582216614	20.175206868240082	29.890760612294116	6.436942568560187E-4
47.0	29.812878392089498	20.19243728976438	20.079597532434864	29.914238197945426	8.485877658301245E-4
48.0	29.79986429491646	20.152468142827956	20.08474079913322	29.957578558140952	0.005348204981416352
49.0	29.815231732356562	20.153730496759295	20.111687057525508	29.91143216756602	0.00791854579261562
50.0	29.81111067430681	20.1796258302806	20.098858797051598	29.909504562454988	9.001359060034856E-4
51.0	29.814537423326854	20.149700196452542	20.1161282407954	29.91581605718501	0.0038180822401977367
52.0	29.781909656760813	20.16908600443444	20.1684699341403	29.87995400159786	5.804030665839208E-4
53.0	29.836614215042896	20.16057006923605	20.070506171748193	29.930078099421632	0.002231444551227653
54.0	29.77468379544875	20.16637240247586	20.119391034008974	29.938570357788446	9.82410277960036E-4
55.0	29.747053612765296	20.17524285570384	20.124692628952463	29.95057636130684	0.0024345412715609063
56.0	29.76244578527553	20.17056953496896	20.115241593246196	29.95089297099761	8.501155116973847E-4
57.0	29.782338162012174	20.162664564450857	20.15695973245816	29.892030553332905	0.006006987745909213
58.0	29.795469454742147	20.17052141119735	20.113323819503474	29.91776730533029	0.002918009226738588
59.0	29.82004067120952	20.170583635076238	20.11584186786736	29.892818905466807	7.149203800767705E-4
60.0	29.822230121053227	20.131000092809607	20.115548377087343	29.92750041741151	0.0037209916383127268
61.0	29.80416409357305	20.166422484148384	20.141483141449086	29.886937884839714	9.923959897643149E-4
62.0	29.828518288677802	20.148153146855556	20.118795908328018	29.90269585300264	0.0018368031359819801
63.0	29.83511388097235	20.17557892922744	20.089028966565124	29.89736086498855	0.0029173582465385896
64.0	29.81730205710622	20.15006217209236	20.113216601737093	29.9180579866068	0.001361182457528641
65.0	29.781711168849593	20.13927795716319	20.124831413682713	29.946819552461946	0.007359907842553498
66.0	29.748553558160694	20.159471429350898	20.125568912274325	29.943458152218184	0.02294794799590218
67.0	29.78205141406483	20.13218219090127	20.14774237532004	29.93584663876844	0.0021773809454191436
68.0	29.77283865777407	20.208267314331902	20.094774748334032	29.919799341318388	0.004319938241608756
69.0	29.756103658655153	20.200296238822528	20.105983768112566	29.934345606855633	0.0032707275541197854
70.0	29.792823831737692	20.116419954785762	20.102626097136405	29.987741246045708	3.888702944359453E-4
71.0	29.732591019326666	20.17993442545249	20.129956991485486	29.94465333307432	0.01286423066103571
72.0	29.786551162229774	20.136754459678414	20.145846300342804	29.925197038807806	0.005651038941205232
73.0	29.755462832803886	20.169043824232126	20.145332257642327	29.92461823282568	0.0055428524959846405
74.0	29.810954278844843	20.140635211424353	20.115887391707272	29.930268793232663	0.0022543247908663406
75.0	29.75084526039446	20.183593225792485	20.147192621453	29.91360034438137	0.004768547978688719
76.0	29.742350980869748	20.1732148051217	20.126375424902864	29.957336060314976	7.227287907086262E-4
77.0	29.77029349834595	20.193258589964856	20.10690222912761	29.928250302559434	0.0012953800021449004
78.0	29.75691892295096	20.1604662303934	20.132245496176683	29.948621163403583	0.0017481870753719934
79.0	29.797255654667488	20.166735773675075	20.145921932303608	29.887836212320522	0.002250427033312129
80.0	29.826094844137913	20.147583213135466	20.09494281576473	29.93083673012983	5.423968320676447E-4
81.0	29.754451164986172	20.168187875870505	20.1602790699643	29.898883940162207	0.018197949016814922
82.0	29.727070089638474	20.154935719530254	20.1749818501842	29.938403309032154	0.004609031614922775
83.0	29.779038908189893	20.18004797355754	20.09277967055024	29.944007045629267	0.004126402073065002
84.0	29.775676797587124	20.17808913672425	20.126449027412267	29.916413868635555	0.0033711696408021395
85.0	29.75867738016364	20.1734334815783	20.14894243514181	29.917508238967077	0.001438464149173934
86.0	29.738028778842278	20.19002588995615	20.11736898422292	29.954031575454405	5.447715242423328E-4
87.0	29.755354544657912	20.162497465499417	20.15379681492465	29.928100194612977	2.509803050414628E-4
88.0	29.753977482429445	20.175725294330064	20.14162956552797	29.924390070205458	0.004277587507059314
89.0	29.701327470274112	20.198068778287446	20.13729807062449	29.962768473273538	5.372075404097809E-4
90.0	29.74396280911744	20.194550734516554	20.113788918866792	29.947516135031112	1.8140246810091482E-4
91.0	29.704816280210455	20.187599466836676	20.159386907578142	29.947984760317738	2.1258505699279267E-4
92.0	29.701780034697123	20.21368367789504	20.172663365620934	29.91156570767674	3.072141101633656E-4
93.0	29.723387917725546	20.229182556643845	20.169759472459617	29.876970360946746	6.99692224242367E-4
94.0	29.735721464341424	20.171073545672826	20.16390868711459	29.928961700339503	3.3460253165367224E-4
95.0	29.76490649517259	20.220957312639996	20.119909716633654	29.893940066704438	2.864088493256312E-4
96.0	29.736303008844583	20.208565100751148	20.154270469142915	29.90065279284005	2.0862842130708892E-4
97.0	29.71827098382119	20.231550335283906	20.09080955293411	29.958653207509027	7.159204517656305E-4
98.0	29.701290991100098	20.255263680545305	20.132622251728456	29.909688599209165	0.00113447741697467
99.0	29.725067296993508	20.22474231173873	20.13712923600315	29.912817256958157	2.4389830645330716E-4
100.0	29.695363778756946	20.194710106148733	20.162981665855643	29.944903373412636	0.0020410758260410913
101.0	29.7080751395158	20.20272291094573	20.168045766985365	29.918580134259543	0.002576048293558652
102.0	29.693035952728913	20.190480538006565	20.185350150007395	29.930707848721	4.255105361261058E-4
103.0	29.73386773563607	20.186276610740396	20.180117229743768	29.899485606477956	2.5281740180754705E-4
104.0	29.672574520642957	20.246978304662456	20.155932448917767	29.924339944796646	1.7478098016835393E-4
105.0	29.716524852834215	20.216158621664153	20.1722836823852	29.894840467076953	1.9237603948129686E-4
106.0	29.712759744207595	20.188530377808792	20.180690371776038	29.917580375015014	4.3913119256372207E-4
107.0	29.680498425798852	20.191954716192665	20.20006363286685	29.926987458626762	4.957665148658723E-4
108.0	29.650766723213312	20.228128877558635	20.22103401868552	29.89989310438047	1.7727616206335118E-4
109.0	29.745495448440128	20.176915013646376	20.162024266159552	29.915350988865786	2.142828881568067E-4
110.0	29.655682229907338	20.21117413939283	20.20561020314897	29.927189642743247	3.437848076115877E-4
111.0	29.71237403845972	20.186803513667417	20.166298135435447	29.93422352832794	3.0078410946752306E-4
112.0	29.69247115997805	20.164689807068697	20.13848436140677	30.003911462753525	4.4320879295278666E-4
113.0	29.678077273454683	20.17096285320767	20.22125496052372	29.929324073922224	3.808388917028651E-4
114.0	29.690349920792116	20.239277853934144	20.18665399168867	29.88343346398212	2.847696029592009E-4
115.0	29.719039903675725	20.191383557225564	20.23811190604373	29.841493516590912	0.009971116464069781
116.0	29.666836019422167	20.254114455109917	20.207859783074476	29.87086929392601	3.204484674335791E-4
117.0	29.625710859740156	20.213796431216032	20.20494300883234	29.952124797684	0.003424902527471469
118.0	29.641966959897847	20.247936824406995	20.206502967190175	29.90272120712091	8.720413840715813E-4
119.0	29.683651218712264	20.227766202654912	20.16153500969754	29.926816701143256	2.3086779202641158E-4
120.0	29.640847589329155	20.22099872821871	20.23237397428435	29.905358032672375	4.216754954057556E-4
121.0	29.67033105983149	20.24838709793958	20.23601559130965	29.844951142784808	3.151081344743432E-4
122.0	29.63545010166507	20.24767916069089	20.215397110641618	29.901272040577737	2.0158642468635422E-4
123.0	29.635244791594005	20.224313354492125	20.234139475480326	29.906110027002697	1.9235143084256383E-4
124.0	29.595345617487624	20.195599236839495	20.218804760734553	29.989898508732367	3.518762059641675E-4
125.0	29.595093486012036	20.245750654389827	20.209302591653394	29.949322074205316	5.311937394323091E-4
126.0	29.624731336464844	20.2397339019285	20.243015774312433	29.892110549142632	4.0843815159610964E-4
127.0	29.675996324318955	20.21708498862871	20.248676545532017	29.850435494797782	0.007806646722533197
128.0	29.69960519722519	20.157133853713834	20.29535739888559	29.846735096219597	0.0011684539557977598
129.0	29.604039494627248	20.164914429515044	20.366809637693624	29.86215467942102	0.002081758743064048
130.0	29.56499126176031	20.126468609383764	20.40545591160502	29.90264072611716	4.434911337545411E-4
131.0	29.487659365996528	20.170507549607983	20.36676723196359	29.97403364805476	0.0010322043771393934
132.0	29.39475824117131	20.260308140501845	20.349661584289887	29.992857133198747	0.00241490083821356
133.0	29.381669141730693	20.237490635433282	20.393489952389505	29.98703601255316	3.142578933620197E-4
134.0	29.365944357175938	20.224697040659365	20.323918222777966	30.084780939357596	6.594400291365787E-4
135.0	29.428809693506253	20.14742761591723	20.38209635908962	30.03887549063615	0.002790840850745252
136.0	29.54549620826291	20.16157503688433	20.40983067391622	29.88196151952438	0.001136561412165693
137.0	29.835016078096288	20.05014192575663	20.314752282139107	29.799580172441008	5.095415669699805E-4
138.0	29.87657084120284	20.071350931773498	20.412181807483247	29.63872132108449	0.001175098455918449
139.0	29.029786464703385	20.675718343775802	21.56218902614733	28.72606627053347	0.006239894840012583
140.0	26.965248897974835	21.64891786581287	21.48923433963225	29.87888887063467	0.017710025945375452
141.0	29.06767865103187	19.608151158463784	19.254694602472703	32.06901407828816	4.615097434802375E-4
142.0	31.56583318498494	19.285794521593672	21.281519363836235	27.866064764775118	7.881648100398891E-4
143.0	31.00071379550531	19.151778063547642	21.524380216106103	28.312942402048268	0.010185522792685649
144.0	33.842070305433346	18.413561707594436	19.350878154714326	28.38918974908981	0.004300083168082545
145.0	27.299676288513332	20.317895939913413	19.07958194641093	33.30260252538799	2.4329977433604856E-4
146.0	27.64873222866222	20.695384907945026	19.071116281440826	32.58451913928903	2.474426628954572E-4
147.0	27.922144302964735	19.88580676344715	19.577820671337946	32.611170005317675	0.0030582569324972067
148.0	30.51048727685206	19.29739810584686	20.4154313075292	29.776443816097785	2.3949367410012405E-4
149.0	33.732487939357334	18.99100305060767	19.119314533479972	28.155314737793297	0.001879738761725485
150.0	23.730842485164892	24.452549684313684	25.83800364149848	25.92957520665633	0.049028982366614245
