# Position (bp)	A	C	G	T	N
0.0	25.87771116737955	24.73021747855093	24.240265041631215	25.092247765830777	0.05955854660752674
1.0	28.564416685298195	18.5692937972742	18.809857894074263	34.05059631857286	0.005835304780488106
2.0	29.884377171734112	20.017166290625717	19.11251765056819	30.981135812948978	0.004803074123003876
3.0	32.91383921191332	19.12455424446225	19.663467771844743	28.294131889697272	0.004006882082418448
4.0	32.86872427282582	18.700571167778214	20.43211075258995	27.997631057756283	9.627490497360989E-4
5.0	33.553111642819744	18.83906371426632	19.923456742974576	27.682195208171635	0.0021726917677286593
6.0	28.260990900606874	19.106470566199746	17.999112064486265	34.6282918753356	0.005134593371515425
7.0	28.430718885384472	21.448340520263272	18.9071091370392	31.189225728543015	0.024605728770044518
8.0	28.106971044316232	21.052326148547962	19.10014391656791	31.73984806920071	7.108213671880672E-4
9.0	32.51830359187018	18.91022939593155	19.46940670709853	29.099481171133025	0.0025791339667139463
10.0	29.952403667495727	21.367456925988055	21.526780071244996	27.141306724076514	0.012052611194707031
11.0	28.818860386502713	21.338450239420244	20.361944100651897	29.463807255525165	0.016938017899980007
12.0	29.79930262868039	20.071801755835157	19.802780946401917	30.32411058201938	0.002004087063149644
13.0	29.946684684558733	20.04158068182019	19.78114331079149	30.229084984081293	0.001506338748292053
14.0	29.933838575751043	20.155351904727752	19.96185995600019	29.9444516014989	0.004497962022111828
15.0	30.120065977222982	20.17239512672217	19.913387990856737	29.793560658038082	5.902471600321533E-4
16.0	30.15949324987803	20.099488808049852	19.988160002259722	29.749385972284188	0.0034719675282129567
17.0	30.106967025648647	20.138254216442604	20.040633487586	29.71211488381586	0.0020303865068875973
18.0	30.08435829862784	20.11002388345344	20.052300120144455	29.748455460965083	0.004862236809179903
19.0	30.026408373503028	20.150319396366754	19.941880154526796	29.880647177925702	7.448976777194149E-4
20.0	29.939908222626872	20.220386193052853	19.93394949128437	29.905182295180268	5.737978556377193E-4
21.0	29.898283359896322	20.204705213108305	19.95100983139642	29.94453459467531	0.0014670009236518765
22.0	29.875704145544756	20.089568897641225	19.955610758864143	30.078467110894813	6.490870550602164E-4
23.0	29.94925545211913	20.019250769923516	20.000512060104263	30.028197250932152	0.0027844669209332765
24.0	29.95739338864144	20.033558249899496	20.02999921168667	29.97649735626333	0.002551793509061714
25.0	29.976596313471514	20.018973330606944	20.07546338108794	29.92381442671379	0.00515254811981077
26.0	29.97058911432694	20.045196980316526	20.04797163772238	29.93516877779093	0.0010734898432168888
27.0	29.915539671499797	20.090973052188964	20.038044173372686	29.95455152323812	8.915797004295431E-4
28.0	29.905500086630493	20.082855508995166	20.089869607219544	29.92007578003943	0.0016990171153686887
29.0	29.878622313629123	20.09643458355179	20.060936793790766	29.962239509282696	0.001766799745626139
30.0	29.881444661037694	20.07184924348679	20.06067591669126	29.984899708646868	0.001130470137390561
31.0	29.918135831170662	20.053600052776158	20.051698004243875	29.975545183195397	0.0010209286139076553
32.0	29.906573685625915	20.09363651307149	20.074288456226462	29.924189640026423	0.0013117050497092218
33.0	29.942515125026098	20.07524712426579	20.07452353454338	29.90466631904959	0.00304789711514578
34.0	29.8447350751913	20.133560479188446	20.077880262943303	29.941911853443408	0.0019123292335428638
35.0	29.83602070036948	20.131979840061458	20.050884015228572	29.978523909916753	0.002591534423734162
36.0	29.85733419826968	20.106193573333428	20.07535257803543	29.959186638707585	0.0019330116538722683
37.0	29.905801310976866	20.105998855978225	20.017056942232045	29.97077684077946	3.660500334004167E-4
38.0	29.930346520709517	20.028731925942125	20.040064734828714	29.99994629392114	9.105245984995513E-4
39.0	29.900414175190875	20.103133541247402	20.035601052893337	29.960071130555203	7.801001131791107E-4
40.0	29.854932784821436	20.10299272772311	20.096991691162323	29.94257945932669	0.0025033369664366756
41.0	29.88058839407717	20.081164699816025	20.034256170549654	30.003396767161462	5.93968395690365E-4
42.0	29.83173791495699	20.14291766737301	20.06605975145544	29.957190072459433	0.00209459375512548
43.0	29.843043328089024	20.090335657882495	20.0686354156545	29.995439806592035	0.002545791781946766
44.0	29.826768193132665	20.110835037463442	20.094549169875606	29.967231078669084	6.165208592042434E-4
45.0	29.80297520823221	20.114298038465638	20.102248480718153	29.97658151578702	0.0038967567969780646
46.0	29.842380450871154	20.075709086396063	20.149713029862987	29.93154963335557	6.477995142277638E-4
47.0	29.867303991804146	20.115933272897212	20.060328984004553	29.955573734695097	8.600165989948834E-4
48.0	29.83357439832035	20.09938949020206	20.060806923255274	30.000524958178275	0.005704230044042741
49.0	29.854692927554765	20.09897053694291	20.088940059775954	29.948599267834457	0.008797207891913706
50.0	29.856020375489724	20.119504023868206	20.07568207856129	29.947832529401836	9.609926789506321E-4
51.0	29.869133588597485	20.08283293857069	20.098069829339675	29.946165481754782	0.003798161737366305
52.0	29.845055277000192	20.100809674623296	20.136663772289403	29.91695961072226	5.116653648478492E-4
53.0	29.877299788190804	20.099879695083505	20.053223314870944	29.966999008122446	0.00259819373229863
54.0	29.82407016048192	20.10037927057111	20.095723310875893	29.97890565898497	9.215990861026044E-4
55.0	29.792288748285834	20.130859132645	20.09875413156985	29.97553247232996	0.002565515169355426
56.0	29.814786333139537	20.13052110606581	20.080888990355934	29.972993004332636	8.105661060801803E-4
57.0	29.835751460593755	20.11579262621529	20.13038942244705	29.911231195521594	0.006835295222316641
58.0	29.834430747287172	20.134921471414398	20.08392713193477	29.94363788991115	0.003082759452504688
59.0	29.870366573139247	20.125787863839825	20.07881965789428	29.924284174178943	7.417309477047795E-4
60.0	29.867851319417404	20.096039669700982	20.0683359188257	29.963603027116314	0.004170064939599797
61.0	29.866017943303053	20.13618581201438	20.10064895197857	29.89605585938328	0.0010914333207177336
62.0	29.862585838928464	20.111668065099416	20.09970043951541	29.92402895453614	0.0020167019205701363
63.0	29.874166031561444	20.135751523094246	20.060787223231383	29.926176153359158	0.003119068753768911
64.0	29.84697897095553	20.097396307485646	20.097985012311025	29.95603653985725	0.0016031693905449065
65.0	29.804956897762686	20.11410349481548	20.088695734502355	29.98348723845634	0.008756634463135253
66.0	29.805239342805418	20.120521162607044	20.08251843932785	29.969526549772436	0.022194505487253602
67.0	29.816004784718952	20.103267279965827	20.105138460194325	29.973339120765036	0.0022503543558580223
68.0	29.799999515805357	20.185956188902566	20.065278626713727	29.94414638101704	0.004619287561306507
69.0	29.795571960437663	20.164253775823838	20.075211789499008	29.961392294358212	0.0035701798812819555
70.0	29.826019495876487	20.103575592741635	20.05653369041736	30.013463055975286	4.08164989232785E-4
71.0	29.76773642392828	20.144230048479837	20.081985485089234	29.993572810018286	0.01247523248436012
72.0	29.814051522139746	20.10308290988245	20.111470051800534	29.964540760502977	0.0068547556742881675
73.0	29.79648693218507	20.15100452815732	20.09415770154325	29.95271169005571	0.005639148058653639
74.0	29.82799305670551	20.131030841979573	20.086851120403786	29.951473338785124	0.0026516421260050676
75.0	29.791814508106334	20.15502891846698	20.10642503655422	29.941269741539095	0.0054617953333674744
76.0	29.780062364310222	20.149348447371192	20.085444858877956	29.984265614667184	8.78714773443342E-4
77.0	29.801044447412856	20.167838866563187	20.074928187622668	29.954825342653596	0.0013631557476930884
78.0	29.79162296538519	20.137285205137236	20.09814197145639	29.970852737935555	0.0020971200856260267
79.0	29.815474468450116	20.162632212037373	20.107052897294928	29.91238964375177	0.0024507784658144892
80.0	29.8536976238222	20.120712412127737	20.071201985826164	29.953762594814016	6.253834098796584E-4
81.0	29.78588562757109	20.151708076568074	20.120976815901674	29.923771176951515	0.01765830300765046
82.0	29.767893507907527	20.133601383016646	20.131626092283437	29.962990333837425	0.003888682954968669
83.0	29.811941947607846	20.164568311883908	20.055861208439683	29.962457650866114	0.005170881202452844
84.0	29.810340748572038	20.15760984089444	20.09450767776816	29.93383123925747	0.003710493507889041
85.0	29.795473078824386	20.168335819695915	20.10866861653214	29.925889348891932	0.001633136055630003
86.0	29.772588594110307	20.174555385131796	20.08698157320099	29.96520028002017	6.74167536731614E-4
87.0	29.788656507284188	20.147640046583284	20.109389622068573	29.95411127524113	2.0254882282859282E-4
88.0	29.7840503983536	20.174705035561235	20.094925063667112	29.942259452957792	0.004060049460260716
89.0	29.745343453887667	20.179740479759143	20.103660049137837	29.970699267978336	5.567492370177129E-4
90.0	29.76697530887083	20.162674095988088	20.083981752852615	29.98619459244147	1.7424984699380457E-4
91.0	29.744576077308288	20.17823870253919	20.114274405422613	29.96265628037691	2.545343529967128E-4
92.0	29.741853664379036	20.190231808414595	20.13412672219152	29.933461937438043	3.2586757680177396E-4
93.0	29.758373050732175	20.18972647098694	20.138525812178752	29.91257593881062	7.987272915112757E-4
94.0	29.76815328114319	20.179799106879813	20.132113580478027	29.91956179520846	3.722362905093625E-4
95.0	29.815634953138897	20.193209417159277	20.07874723595852	29.9121290485023	2.7934524100229447E-4
96.0	29.77511205612978	20.185256263134065	20.10523563233661	29.93424384290243	1.5220549711386433E-4
97.0	29.742994063488087	20.22529825435732	20.053344077244688	29.97754071349431	8.228914155986355E-4
98.0	29.743305513512404	20.24488742563873	20.088968543770413	29.92165516874849	0.001183348329961451
99.0	29.758768931464964	20.22065797431367	20.081405592537273	29.938868628119643	2.988735644516302E-4
100.0	29.745405678115254	20.188095649336578	20.11673764800524	29.947829047941273	0.0019319766016588453
101.0	29.755048160327718	20.197545808933487	20.11728002124307	29.927140745469643	0.0029852640260806043
102.0	29.741765039132616	20.192135246293812	20.131900014810725	29.933754006666653	4.4569309619108395E-4
103.0	29.757303273393497	20.19385724774296	20.137238544211037	29.911352732613754	2.4820203875063876E-4
104.0	29.713604796115444	20.24842746218738	20.116876261181467	29.920886694329518	2.0478618618800237E-4
105.0	29.742795680539437	20.21591278503476	20.137216745676074	29.90383880423461	2.3598451511820407E-4
106.0	29.754568679002364	20.20704201809741	20.127624694650653	29.910256866661655	5.077415879191198E-4
107.0	29.73793069466249	20.190921862771578	20.1384439610055	29.932161776674814	5.417048856170856E-4
108.0	29.697958429696865	20.221547390373583	20.16933766494998	29.91090338862759	2.5312635197972824E-4
109.0	29.77467042275041	20.181952973590295	20.117891927473337	29.92526966723219	2.1500895376701208E-4
110.0	29.67844579844264	20.23180115440111	20.160538613833083	29.92879688696076	4.1754636240600546E-4
111.0	29.731787409984996	20.202249959628325	20.11435625646626	29.951304547835605	3.018260848111436E-4
112.0	29.72359343661176	20.17718231799917	20.079305997367204	30.019488786115183	4.29461906680075E-4
113.0	29.706828145329467	20.185464372077696	20.171141604978594	29.936221410955397	3.4446665884701257E-4
114.0	29.71967497583422	20.233139261528883	20.140286313397752	29.90658553148356	3.139177555885012E-4
115.0	29.741820796382758	20.197940162939776	20.191389982350508	29.858880194895608	0.009968863431350852
116.0	29.690751238137054	20.254778205553738	20.17940112343267	29.87474799122137	3.214416551744701E-4
117.0	29.662176284972258	20.222247131475307	20.153493374779096	29.958852343754312	0.003230865019027007
118.0	29.66673616019142	20.252635955074844	20.15651326755745	29.923208697023767	9.059201525149285E-4
119.0	29.688476155677883	20.252576091915877	20.12161333176489	29.937099869967494	2.3455067385812285E-4
120.0	29.67423434882343	20.243612877428852	20.17270994983027	29.90902631057021	4.165133472399633E-4
121.0	29.686494367071752	20.25535296593589	20.193562322611186	29.864252625073195	3.377193079743702E-4
122.0	29.652760787119448	20.258263662254464	20.18552733446869	29.903215754893807	2.324612635868849E-4
123.0	29.65367421652971	20.2314848512337	20.20772368821962	29.90683389455952	2.833494574581335E-4
124.0	29.631454708139582	20.21492563447768	20.175832452794534	29.977424428246348	3.6277634185527205E-4
125.0	29.61440470178433	20.255619525314113	20.156185568041693	29.97311111608301	6.790887768513673E-4
126.0	29.64664744925684	20.252949749709025	20.188579338725727	29.911383610332987	4.398519754188014E-4
127.0	29.698557239630585	20.227603527442813	20.184959833063264	29.881134132399634	0.007745267463702801
128.0	29.727246833113774	20.169264204220504	20.255204267194284	29.847024648996516	0.0012600464749180408
129.0	29.627252426439654	20.16917355934584	20.332998104734365	29.868410043539633	0.002165865940506424
130.0	29.60592415385841	20.131176778166388	20.374291560606643	29.888098718773893	5.087885946666112E-4
131.0	29.507696619140205	20.182583011514602	20.328292252505584	29.98037241680955	0.0010557000300596693
132.0	29.42215451641416	20.279958873923672	20.29273078063372	30.00303371490239	0.0021221141260591115
133.0	29.37706366813504	20.261927706751955	20.354194094238895	30.006485296474537	3.2923439956963473E-4
134.0	29.377702544040663	20.25665048476636	20.29468901121122	30.070278737672606	6.79222309150215E-4
135.0	29.44733846962459	20.190407401047167	20.322287346037175	30.036741050848192	0.00322573244287281
136.0	29.553780765544076	20.208994733829133	20.36820440489568	29.867746836510108	0.0012732592210049553
137.0	29.869775215793503	20.0679386776793	20.27074401941568	29.79097569721652	5.66389895000124E-4
138.0	29.92459458972475	20.058071099344314	20.368573127932308	29.6476266118278	0.0011345711708286134
139.0	29.105521053408108	20.660978924705887	21.54367576397793	28.683074664404717	0.006749593503354643
140.0	26.954604082431104	21.70045722426057	21.503135755800574	29.82398798642137	0.017814951086382307
141.0	28.872086379597985	19.705880656144707	19.212483549260828	32.209057657082646	4.917579138377548E-4
142.0	31.315704472934314	19.38750913288366	21.24200847964241	28.054046877715006	7.310368246120177E-4
143.0	30.892532177963655	19.188178884717054	21.57761956046545	28.33120567899547	0.010463697858374033
144.0	33.97624072967467	18.424658314527733	19.332173237322053	28.262625472815508	0.004302245660039569
145.0	27.403158703833764	20.299059769098385	19.054210260138138	33.24335427738151	2.16989548199335E-4
146.0	27.74387779776984	20.657255022161735	18.93726102742799	32.661372357163366	2.3379547707136074E-4
147.0	27.89790735777301	19.950572304475838	19.404593042593742	32.743286597480946	0.0036406976764649466
148.0	30.432624560532172	19.46596345022161	20.287230683028255	29.813866795494988	3.145107229773162E-4
149.0	33.26673594518565	19.335379536134052	19.158402613895294	28.23747607124159	0.002005833543407252
150.0	24.330389950304014	24.792931084843836	24.93275136821132	25.894854751844264	0.04907284479656843
