# Position (bp)	A	C	G	T	N
0.0	22.09559669984442	28.902866054328168	27.093685040755915	21.90428138426529	0.003570820806201694
1.0	26.961870368486185	17.898681650364157	17.380658796819013	37.75154296017371	0.007246224156939172
2.0	29.6330216113208	20.541762675216845	19.41919351624578	30.401428106053103	0.004594091163474469
3.0	35.772754741397726	18.618175505598472	19.862305286952324	25.743191305667047	0.00357316038443037
4.0	34.67020206936989	17.900636654882817	21.521699549726634	25.904771530297772	0.00269019572288606
5.0	36.08596340247472	18.16650691638842	20.721423454347445	25.024815565200736	0.0012906615886798
6.0	25.70704879347841	19.12029461175521	16.82361732490973	38.346697128341795	0.0023421415148585905
7.0	26.46270135250107	22.998339293628053	18.940065859479237	31.596849456937758	0.0020440374538758504
8.0	25.693203765090487	22.508621709109065	19.08452183241271	32.711802620620674	0.0018500727670620744
9.0	34.45728174695905	18.12612883893979	19.501959069845586	27.911036399121365	0.003593945134212405
10.0	29.579057840473922	23.012382616540293	23.614302843599024	23.79193633511617	0.00232036427058758
11.0	27.296443606837677	23.158282416319878	21.23172612405841	28.310415937548427	0.00313191523560054
12.0	29.1262480003863	20.717127591191467	19.98574114658252	30.169288443934693	0.0015948179050206198
13.0	29.319663386060384	20.57764668998064	20.070293223498265	30.03105348023931	0.001343220221398118
14.0	29.326833413992137	20.805560145894074	20.480131375488376	29.38182403002868	0.0056510345967256456
15.0	29.611579748154256	20.803659842759384	20.41790323622581	29.16591324539666	9.439274638940371E-4
16.0	29.595031928482086	20.761114147659406	20.484477799129454	29.156958026383517	0.002418098345534163
17.0	29.528622263245786	20.91830740854786	20.470191152147123	29.08128723646214	0.0015919395970948281
18.0	29.430066977176537	20.910477578759817	20.490925271177915	29.150478415771904	0.018051757113829076
19.0	29.388436692030613	20.923444094963795	20.41899865200321	29.26788305575403	0.0012375052483481516
20.0	29.305954207287904	20.919347845041912	20.35748455862773	29.41618239318294	0.0010309958595206283
21.0	29.392886704158595	20.826235062339375	20.445729941791846	29.33296892801665	0.0021793636935384664
22.0	29.403851672038257	20.634375893945705	20.439918088624644	29.52058819069291	0.0012661546984866065
23.0	29.463285011212292	20.476627592685766	20.58331878498045	29.475694044753187	0.0010745663683101251
24.0	29.44575159820335	20.566736147690076	20.535343853063456	29.45032872132988	0.00183967971323367
25.0	29.49433800120517	20.535349693080008	20.561115815852418	29.408240009005638	9.564808567714062E-4
26.0	29.4693668923819	20.57567757606468	20.480115327963897	29.472898060902946	0.0019421426865748063
27.0	29.398597283570123	20.600645087734136	20.53626871545158	29.463282591825703	0.0012063214184574531
28.0	29.336779272587133	20.643657128063616	20.583760153213873	29.43472965459215	0.0010737915432296708
29.0	29.333092323062992	20.662605673026817	20.507762947671306	29.4930533299937	0.003485726245180101
30.0	29.30422805564688	20.651886484517906	20.50191744339307	29.54069896817522	0.0012690482669227587
31.0	29.383126232217467	20.578433246365325	20.51071634093019	29.526599019837025	0.0011251606499934636
32.0	29.422670014712686	20.555175545895636	20.601103488637214	29.4192982026162	0.0017527481382621204
33.0	29.517044036170837	20.507002790683813	20.53992466271475	29.432183402696793	0.003845107733808259
34.0	29.31306839439322	20.65081933727483	20.604404231311115	29.42947999230801	0.00222804471281999
35.0	29.331078054026143	20.72034861775342	20.505621813973978	29.44172081613295	0.0012306981135048857
36.0	29.34960532702314	20.62062736116095	20.519725815339626	29.505943971772876	0.004097524703403989
37.0	29.351732918226283	20.62855756094869	20.457741713798402	29.560652326925535	0.0013154801010954017
38.0	29.42269379409034	20.504223899295464	20.475643632762853	29.596011937232085	0.001426736619259548
39.0	29.4469566563576	20.541501068669906	20.46865140973461	29.541763303062353	0.0011275621755306514
40.0	29.349869649008426	20.5570443536038	20.600367203990352	29.491586769764446	0.0011320236329820286
41.0	29.381714628895917	20.539927394265113	20.47658361371353	29.600699177713558	0.0010751854118843315
42.0	29.30788164461953	20.67024062114566	20.486134513594813	29.53389244298178	0.0018507776582141137
43.0	29.347653041376397	20.528717674883634	20.484209274348913	29.635517393895316	0.0039026154957374766
44.0	29.348367965442012	20.604158341017552	20.518743012285938	29.527191246056166	0.001539435198330568
45.0	29.375590690376114	20.558836040904975	20.56166260952563	29.499522450450723	0.004388208742561127
46.0	29.35925693510039	20.545893159874986	20.585840693252035	29.507817216273313	0.001191995499275941
47.0	29.370498386622394	20.595309003990792	20.485397999295195	29.54712475678823	0.0016698533033872973
48.0	29.368423368099585	20.566812242139218	20.459232933257944	29.5992963509282	0.006235105575054766
49.0	29.402245660534774	20.567119266615116	20.51742272394286	29.511845137560538	0.0013672113467095356
50.0	29.350947235761517	20.615198100496997	20.490784806851117	29.541776048084962	0.0012938088054071624
51.0	29.39297934843777	20.491405160787874	20.521821842034214	29.588946240963676	0.004847407776461951
52.0	29.325298165440973	20.565019921783893	20.55261618782447	29.55600116520903	0.0010645597416410286
53.0	29.432642679798178	20.51797475224021	20.470269878611116	29.57794559764092	0.0011670917095802506
54.0	29.239005673833972	20.573362713990704	20.56430413053484	29.62117688269053	0.0021505989499537703
55.0	29.33042387745432	20.596160022693887	20.51839546227084	29.552842312699685	0.00217832488126901
56.0	29.30572035820298	20.558737639252634	20.5398202070117	29.59491504689926	8.067486334254398E-4
57.0	29.333965915706855	20.519903914136545	20.608533869505386	29.535858133801433	0.0017381668497811647
58.0	29.36042689030758	20.55018820765128	20.519377881081795	29.568159400079164	0.001847620880179955
59.0	29.418365131800826	20.569659289341867	20.53846085609237	29.47251048135132	0.0010042414136103835
60.0	29.39913852451704	20.571909974297125	20.503840281974156	29.52267054033264	0.0024406788790382714
61.0	29.37228169000732	20.609392386878266	20.49576319893928	29.521750119732186	8.126044429486503E-4
62.0	29.371222309281166	20.575994539638792	20.495989621499085	29.555856903251097	9.366263298603798E-4
63.0	29.432326094985417	20.533670274763036	20.498844390480215	29.531579008676832	0.0035802310944954892
64.0	29.347900080154677	20.509946435443428	20.57402192250244	29.56749390912345	6.376527760041265E-4
65.0	29.318179768687084	20.583196968362174	20.542235451377884	29.554584256210298	0.0018035553625597167
66.0	29.329355065789255	20.574007174216945	20.486978208023665	29.568867996816966	0.04079155515316731
67.0	29.337997813107858	20.55599554188826	20.547439818302433	29.55489506853012	0.0036717581713309124
68.0	29.296484615640324	20.629428002979054	20.498758373288652	29.571916391240784	0.003412616851183736
69.0	29.360333165891223	20.54071459925502	20.487527105507397	29.61096231982914	4.6280951721491197E-4
70.0	29.379009201987788	20.51779461989109	20.534964112534375	29.567192576470553	0.0010394891161905088
71.0	29.260362756725854	20.56505273995239	20.579456299905942	29.57325211987733	0.02187608353848178
72.0	29.351048937320073	20.491847233818305	20.58582777130336	29.570494401250357	7.816563079027815E-4
73.0	29.35404405530298	20.542415764184767	20.54508942289626	29.550924225215823	0.007526532400165401
74.0	29.304668689980907	20.501056243830888	20.55568572825475	29.63823879412931	3.505438041382619E-4
75.0	29.264288051886233	20.55004537070094	20.610347494942282	29.574649678686182	6.694037843627276E-4
76.0	29.264056898948816	20.54707586588983	20.562838230162008	29.625672899266686	3.5610573266505407E-4
77.0	29.287117099039268	20.520419180164257	20.564841152242845	29.62726356495112	3.5900360250667654E-4
78.0	29.246642459975032	20.537816112343336	20.61627795536592	29.59890145798414	3.620143315757855E-4
79.0	29.359894871891935	20.46854563240479	20.593365085178323	29.577906188266397	2.882222585595766E-4
80.0	29.35412945321028	20.49393498188945	20.566811333978364	29.58485288280242	2.71348119480004E-4
81.0	29.264253427296715	20.494403076303193	20.623006163168466	29.58749215178881	0.03084518144281906
82.0	29.2878910709002	20.483758678483994	20.61123293344158	29.603221083744348	0.013896233429876625
83.0	29.30864318073355	20.554532112907033	20.498698307151688	29.63778765020778	3.387489999432097E-4
84.0	29.34493357070846	20.52150771164032	20.547662164144135	29.585514296124334	3.822573827480805E-4
85.0	29.299445885612798	20.520011289133276	20.580236254982427	29.599798599911775	5.079703597263218E-4
86.0	29.293093692295475	20.530738496858696	20.566614460435154	29.609307062331204	2.462880794722375E-4
87.0	29.292251067785035	20.54028232130482	20.609604599580873	29.55759235554903	2.69655780247963E-4
88.0	29.32490013231826	20.511720051384184	20.550088362430003	29.605596825368202	0.007694628499352456
89.0	29.259542300285013	20.524030241971815	20.56846257964062	29.647731693124328	2.3318497822370283E-4
90.0	29.32334309470821	20.547390342135582	20.531544279238933	29.59755074331758	1.71540599693071E-4
91.0	29.235254836228002	20.496308095374673	20.62914897226765	29.63885418831686	4.3390781281390514E-4
92.0	29.19419965189126	20.52510610727679	20.647833654537767	29.63250918315242	3.5140314176371434E-4
93.0	29.269092778864568	20.505282878882095	20.654535216078955	29.57071104694143	3.780792329528522E-4
94.0	29.317985242046653	20.52456955969403	20.623068537088592	29.53406132028723	3.1534088349505815E-4
95.0	29.37092066425212	20.523446850974203	20.598768199235465	29.506613214377335	2.510711608708791E-4
96.0	29.26315828443098	20.521287273726838	20.687650137278286	29.52767292366883	2.3138089506459926E-4
97.0	29.258704385435617	20.546295609872367	20.568535745152445	29.62604197848994	4.222810496217769E-4
98.0	29.16801618614254	20.545259016118795	20.689519772552522	29.59475387739454	0.002451147791599131
99.0	29.23230421768589	20.543234136429493	20.65150998067555	29.572758444875806	1.9322033325193928E-4
100.0	29.26748263798184	20.495361747855394	20.632967684190206	29.59994446705172	0.004243462920841756
101.0	29.261347352114207	20.54042320515626	20.6510269601014	29.546604355066464	5.981275616681977E-4
102.0	29.14571247299012	20.511419148737783	20.66643457426754	29.676053740032188	3.800639723678289E-4
103.0	29.207231765351526	20.4835090087885	20.66608093867634	29.643023696218446	1.5459096518869115E-4
104.0	29.2741656533149	20.50477636810356	20.666370681410335	29.554477502541793	2.0979462941483296E-4
105.0	29.281904574213574	20.46228416133187	20.712233890993613	29.543337037182425	2.4033627852090644E-4
106.0	29.266691479023223	20.458549761289895	20.6723114777826	29.60225683618512	1.904457191611247E-4
107.0	29.17149453652033	20.47392229045889	20.729793613591582	29.624428942863634	3.6061656555995295E-4
108.0	29.179569323420623	20.48399466819112	20.75511318773684	29.581011515461963	3.113051894575083E-4
109.0	29.250533426109794	20.497837399238524	20.69404342770487	29.55721009475682	3.7565218999447504E-4
110.0	29.169781307901328	20.414244331943408	20.759659521000653	29.65599008983157	3.2474932304527477E-4
111.0	29.234587208451014	20.479218903076898	20.755102626148574	29.530457255080737	6.340072427779783E-4
112.0	29.182164920264903	20.486798871056696	20.727510346329776	29.6033404857793	1.8537656932851972E-4
113.0	29.16409601720006	20.453369183671466	20.754471505597078	29.62781005356342	2.532399679778061E-4
114.0	29.178490572895843	20.520373033964574	20.749689744162257	29.550927392345116	5.192566322053348E-4
115.0	29.21534069124582	20.47718393126782	20.713990437800568	29.574730956962775	0.01875398272301833
116.0	29.186468773355305	20.525807528998225	20.766649510924466	29.520731984417477	3.422023045271996E-4
117.0	29.118626002993313	20.460711665908715	20.823999752199583	29.58860202548684	0.008060553411550033
118.0	29.191307845915766	20.51680335740975	20.75570712543535	29.53581925654249	3.624146966407782E-4
119.0	29.198462654563357	20.46390217082953	20.735213814430907	29.602271856584196	1.4950359201067754E-4
120.0	29.06487159724101	20.48041084560136	20.87088553267548	29.583484661411706	3.47363070442529E-4
121.0	29.05232517757476	20.523467332390737	20.862609784195865	29.56135819845741	2.395073812183102E-4
122.0	29.105328290599143	20.468901484694772	20.792551378645147	29.632970680008075	2.4816605286929593E-4
123.0	29.097624314871336	20.42577470466538	20.87019873292786	29.606101728969175	3.0051856625167917E-4
124.0	29.047674944332293	20.465586890941285	20.818137875598016	29.668377127345487	2.2316178291982198E-4
125.0	29.06374813128947	20.468609381856588	20.860387799272598	29.607115231571353	1.394560099962068E-4
126.0	29.12781090072579	20.46488603521952	20.90201188543585	29.50495145607509	3.39722543745344E-4
127.0	29.19576628762046	20.457323405311996	20.843563586173556	29.490296007446524	0.013050713447465292
128.0	29.12760418054302	20.458796159629646	20.861365784725695	29.55180759356613	4.26281535508719E-4
129.0	29.145041036123565	20.443644377896852	20.89828032425127	29.512809944004687	2.2431772362374068E-4
130.0	29.03543825763923	20.45679950215557	20.90538054486965	29.602144852123978	2.3684321157026457E-4
131.0	29.03604452414863	20.574811705133282	20.84679492289624	29.542034996889736	3.1385093210588327E-4
132.0	29.111459188119287	20.41810226157987	20.757098677158872	29.701913027673015	0.011426845468955065
133.0	29.53534305465636	20.22905563678096	20.580278091007706	29.654894461761415	4.2875579356266053E-4
134.0	29.551228618730622	20.29423853295587	20.76709445210557	29.387284746843466	1.536493644678162E-4
135.0	29.29265712631978	20.362303654471788	20.59191399051288	29.752626256578115	4.989721174380776E-4
136.0	29.10632596038954	20.51662584017653	20.356704459123044	30.019799790035194	5.439502756921314E-4
137.0	28.196650392435572	20.860587188080007	20.48848609779291	30.453877606352332	3.987153391771712E-4
138.0	28.734515316082778	20.922736307812446	20.78463866112945	29.557666027757072	4.436872182586164E-4
139.0	28.60221421022254	21.213643052921675	21.765446627339575	28.417946546136875	7.495633793315393E-4
140.0	27.95821437989429	22.058697072885494	22.205167452046	27.7575700248799	0.020351070294316605
141.0	28.88192749192869	21.000052154397206	20.94133639754437	29.176515716138756	1.682399909823365E-4
142.0	28.840577937092455	21.6748838783608	23.442094145185692	26.042444039361058	0.0
143.0	30.513229479595733	19.688335552871465	21.924649261358358	27.87120484788421	0.002580858290233
144.0	33.734005226607806	18.74993492769165	19.955854946016014	27.558643164284153	0.001561735400376899
145.0	26.722127073854978	20.951057547833944	19.093387830582202	33.23342754772887	0.0
146.0	27.15560564874362	21.219386063780416	19.016110853278526	32.608632234966514	2.651992309222303E-4
147.0	27.176226490864064	20.199986614015124	19.582089552238806	33.039823304999665	0.001874037882337193
148.0	29.666471146334807	20.1214748900536	20.619916583998506	29.59213737961309	0.0
149.0	33.371244974661934	19.261295759896573	19.532404907239215	27.833690630096935	0.0013637281053452688
150.0	24.60813122356724	24.652394047649643	25.74725641882341	24.97936781264546	0.012850497314246062
