# Position (bp)	A	C	G	T	N
0.0	22.003192095601165	31.8320516018259	28.677362274613817	17.434742083050732	0.05265194490838559
1.0	26.67087296712143	16.966141326380058	17.13750859214042	39.22478387376263	6.93240595459066E-4
2.0	30.037500015071128	20.575439200067887	18.743448917617325	30.6433859411379	2.2592610575701295E-4
3.0	36.05018384821709	19.00619567689171	19.44674311530262	25.496030052620235	8.473069683501445E-4
4.0	35.56210415390357	17.930652610626627	21.11070333289992	25.39612571497806	4.141875918318451E-4
5.0	37.18985354728853	17.8815005426398	20.521813922807553	24.40597754159415	8.544456699663132E-4
6.0	25.965550915683842	18.40353249770178	16.192422675118255	39.43830564898923	1.8826250688643703E-4
7.0	26.100685397255454	23.16753801940015	18.134380936859873	32.583125680857464	0.01426996562706097
8.0	25.265978632250658	22.497201106793746	18.61479867010172	33.62200941507555	1.2175778324591983E-5
9.0	35.01607646961699	17.79846220343616	18.910635594621652	28.27481688833367	8.843991530617841E-6
10.0	30.07832956694378	23.029370772058886	23.570386583166066	23.321908109222388	4.968608881156507E-6
11.0	27.35852658459147	23.2843561741136	21.202940409174705	28.14533223451358	0.008844597606638537
12.0	29.44333702039412	20.59647203505084	19.75343433721263	30.206752748700676	3.8586417252591305E-6
13.0	29.80089933912205	20.33831405160986	19.697538989590154	30.163233848690506	1.3770987432404077E-5
14.0	29.90854143988112	20.566310709346492	20.1054596896993	29.41955935178188	1.288092912057372E-4
15.0	30.27049996108338	20.55228109341194	20.024610904082984	29.152581636760992	2.6404660699862466E-5
16.0	30.303924956159616	20.473756150284363	20.289818959136728	28.932466944751607	3.298966768556538E-5
17.0	30.232583726193912	20.612489847430645	20.24654038856422	28.90838328999319	2.7478180277735046E-6
18.0	30.15093037092101	20.57453430478694	20.32275059929982	28.94795389059629	0.0038308343959403655
19.0	30.039155635869356	20.679479218265005	20.09010251190113	29.191191702431464	7.093153304630293E-5
20.0	29.867259780296624	20.7825051955652	20.003312567585834	29.34691585123313	6.6053192140231584E-6
21.0	29.865376738303382	20.696038707065114	20.054753047219947	29.38370971665248	1.2179075907821016E-4
22.0	29.860557548005705	20.444561267662866	20.05873235809855	29.6359479903473	2.0083588557673362E-4
23.0	29.94005992891192	20.27713829258684	20.254466405876624	29.527974080862705	3.6129176190258586E-4
24.0	29.950946285269563	20.314000755583216	20.287465722008776	29.447586683921863	5.53216586561827E-7
25.0	30.06614430583166	20.289061571670675	20.248156632283315	29.394291216619813	0.0023462735945372413
26.0	30.025947031587357	20.330519285350817	20.210187750717168	29.433332616301396	1.3316043264912046E-5
27.0	29.961521403938896	20.393676472207034	20.247336104141656	29.397463797028944	2.2226834660861596E-6
28.0	29.931802262594694	20.378055993161457	20.32217814897376	29.367763256420297	2.003388497915566E-4
29.0	29.875631801130726	20.373378017580244	20.255657080476844	29.494346087884814	9.87012927372557E-4
30.0	29.93301676732083	20.360088126537505	20.25198512462557	29.454751870030076	1.5811148601784094E-4
31.0	30.002095162961435	20.278934509359075	20.265327234901303	29.453636932346072	6.160432112421748E-6
32.0	30.048884893454066	20.317684861531106	20.30989218798821	29.323305079609984	2.3297741663446292E-4
33.0	30.13781055141414	20.2689958634182	20.266430637353714	29.326712858932915	5.008888103100026E-5
34.0	29.91844013746123	20.358704599287943	20.31959572558582	29.403190147677915	6.938998709481635E-5
35.0	29.891532727441987	20.447496498839055	20.241404495760996	29.419308378048235	2.578999097237202E-4
36.0	29.971555207643142	20.328870907130483	20.28990200486905	29.409552803041176	1.1907731614721805E-4
37.0	29.952110661030474	20.384523643039046	20.194323604241994	29.469035270428346	6.821260144364923E-6
38.0	30.07204839040174	20.217764808572618	20.195085212631056	29.515063978069396	3.761032518764731E-5
39.0	30.038038842588975	20.29379076265122	20.21841554432077	29.449727999477883	2.6850961152149375E-5
40.0	29.975058652304902	20.292712951406706	20.350020456083843	29.380636906550773	0.0015710336537745609
41.0	30.00236698963392	20.271777444319277	20.22054778729071	29.50527964541983	2.8133336259200304E-5
42.0	29.914371890881046	20.401954840890383	20.313135430850807	29.37033235547161	2.0548190615261462E-4
43.0	29.990084210061013	20.287842980699267	20.240140661911727	29.481898100211286	3.404711670838016E-5
44.0	29.9572537199645	20.30816167206227	20.302214266944336	29.430082788515637	0.0022875525132585624
45.0	29.981525028865345	20.315269273462576	20.310741569029545	29.392461808824706	2.3198178214587356E-6
46.0	29.987984682864578	20.24418464458854	20.39069103594062	29.377109985091277	2.9651514988634427E-5
47.0	29.932102989717258	20.352897148333962	20.246896428229434	29.46808070204322	2.273167612847428E-5
48.0	29.972798511954824	20.312017886853884	20.245614429580247	29.46899357953629	5.755920747527797E-4
49.0	30.032573009012886	20.316444689417107	20.263452375276877	29.382566839718184	0.004963086574941032
50.0	30.013162225420842	20.302285779988946	20.24941041727102	29.43513805354791	3.523771284738468E-6
51.0	30.014533045381764	20.235787470865958	20.29733702425353	29.451267869808294	0.0010745896904489245
52.0	29.94793275594811	20.26882194526503	20.359869876104803	29.42330812625702	6.729642503798677E-5
53.0	30.05372982518548	20.244084961958045	20.27976035567109	29.422318324605197	1.0653258018429141E-4
54.0	29.979638363333223	20.26015040491401	20.331071039368588	29.428860699275972	2.794931082132456E-4
55.0	29.958484467513202	20.307800201313473	20.279974360973032	29.453339266878224	4.017033220650493E-4
56.0	29.959842727687878	20.316904321129147	20.290839414523315	29.432406376298882	7.160360772629421E-6
57.0	29.943013703671824	20.312086076922046	20.36908248366329	29.373385852362592	0.0024318833802499376
58.0	29.98894522031809	20.338747677698368	20.27301112353085	29.399282180225484	1.3798227203768861E-5
59.0	30.028116032593378	20.329308673066446	20.26841760271626	29.37415167596804	6.015655876763706E-6
60.0	30.03650403028016	20.315712064411624	20.262984623796793	29.383854790616443	9.444908949811164E-4
61.0	30.029173553345668	20.358956386344172	20.239146056984538	29.372583703118615	1.4030020700509378E-4
62.0	30.01217587205833	20.316135882894663	20.255312606906912	29.416324707528997	5.0930611098637495E-5
63.0	30.09480750845081	20.288394155757892	20.23794936743889	29.37838208961742	4.6687873498428627E-4
64.0	30.037381597360657	20.24394922383311	20.3108605093891	29.407750764482284	5.7904934847500647E-5
65.0	29.989016101167532	20.312254954659213	20.303092384760237	29.39059778773353	0.00503877167948476
66.0	29.967196756127613	20.34070851148035	20.264189100975038	29.412501358614694	0.01540427280230444
67.0	29.9836022607916	20.311716884708424	20.288369588534202	29.415289299406034	0.0010219665597424167
68.0	30.00429541142105	20.342519471073476	20.26629887116514	29.386718644574945	1.6760176538883057E-4
69.0	29.978799331383442	20.313676083046804	20.292871015917534	29.41462082425346	3.274539876021348E-5
70.0	30.020032451487317	20.256381927089308	20.27691584806187	29.44657623180218	9.354155932230689E-5
71.0	29.91356720742188	20.326758778913486	20.343302265870026	29.40829445085849	0.008077296936121366
72.0	30.039392045443325	20.254005635753508	20.300372156170706	29.402454738372036	0.0037754242604203314
73.0	29.979737699922154	20.30639815117928	20.31311543617725	29.399439363762355	0.0013093489589638791
74.0	30.034305142845056	20.28080924880401	20.253005627294147	29.431866827436476	1.315362030474007E-5
75.0	29.95309781838612	20.315821494927487	20.32189460106706	29.406949815671368	0.0022362699479597996
76.0	29.933281360096377	20.337263299169773	20.281447751452028	29.448006329507802	1.259774019720704E-6
77.0	29.990084068867652	20.322054373328527	20.289409979861762	29.398298074688924	1.5350325313822242E-4
78.0	29.97828982551401	20.315006153798823	20.306959599671483	29.39974252040452	1.9006111630597419E-6
79.0	30.063549453449156	20.261652729285036	20.30823880306068	29.36618541066749	3.7360353764427336E-4
80.0	30.10827304708516	20.259820665710905	20.27742857832671	29.353888144004653	5.895648725699825E-4
81.0	29.97839980709141	20.29804778496926	20.346523598336365	29.36548789292382	0.011540916679145781
82.0	29.965823337129887	20.27231950613214	20.37408685035337	29.384878092143918	0.0028922142406897357
83.0	30.03953932287941	20.329927962480173	20.207601785432725	29.42024054055523	0.002690388652464206
84.0	30.03639864505068	20.339056555755157	20.265209842581957	29.35931495654136	2.0000070838960584E-5
85.0	30.056124965412774	20.311288983866255	20.28762545905106	29.344796872796085	1.6371887383080053E-4
86.0	29.97445737880882	20.31009653161781	20.320641334854997	29.39446529072151	3.394639968638979E-4
87.0	30.015056077030483	20.306082021435202	20.331120787766704	29.34772353310784	1.7580659774032264E-5
88.0	29.996095979070077	20.34062051900859	20.28194099881236	29.37871082107872	0.002631682030261757
89.0	29.949753865745464	20.389728630454943	20.27686170901025	29.383611233089663	4.456169967392173E-5
90.0	30.05890019709537	20.3422536887684	20.240929093961416	29.357891378032964	2.564214185812783E-5
91.0	30.00356277730891	20.311333020754855	20.330856533851684	29.354214689177294	3.297890725815489E-5
92.0	29.994345954217415	20.331232655762115	20.340342521557517	29.33405438491284	2.4483550114766643E-5
93.0	29.99912247901259	20.327557247389937	20.355463583224243	29.317759763406855	9.692696638060289E-5
94.0	30.047860398880932	20.29782076024355	20.334441119060717	29.319859736045377	1.798576941942509E-5
95.0	30.06649738884013	20.364418589008313	20.295328535461213	29.27374947200228	6.014688068753498E-6
96.0	30.011641757804647	20.32218516614048	20.357856535009997	29.30831251788254	4.023162337959677E-6
97.0	29.996238656299067	20.34361208553607	20.27912594863251	29.38069632392486	3.269856074862749E-4
98.0	29.940848894756062	20.40064352204736	20.305430798684977	29.352880317884892	1.9646662671035084E-4
99.0	29.96986365578348	20.362602270085016	20.32956235899966	29.337958844110773	1.2871021069482135E-5
100.0	29.976731538223117	20.351819114875312	20.324182739423172	29.347261169254224	5.4382241696502975E-6
101.0	30.049149111209434	20.36581432838888	20.293410685220483	29.290697448431573	9.284267496295894E-4
102.0	29.997331705888218	20.321993052548933	20.31795771385424	29.362593605702536	1.2392200606367492E-4
103.0	29.99009559652422	20.327199953872856	20.31283572745925	29.369749844839347	1.1887730432230526E-4
104.0	29.997740092358825	20.365553440539724	20.323036721099122	29.313667676995088	2.069007239842547E-6
105.0	30.065018718042534	20.34440517124771	20.336417719196394	29.25414523945608	1.3152057281833448E-5
106.0	30.052529298346986	20.318199170020577	20.322463196008446	29.306686744529344	1.2159109465155237E-4
107.0	30.00348672724602	20.3299430736957	20.35670868515217	29.309682964903278	1.7854900283659962E-4
108.0	29.990282688165802	20.341026414666636	20.33753051533974	29.3311218730229	3.850880492271916E-5
109.0	30.058510194040856	20.340200570510838	20.312176066174974	29.28910332846818	9.840805154433792E-6
110.0	29.9599165791641	20.339583590382407	20.37026501488932	29.330006118356174	2.2869720800236943E-4
111.0	30.016529534166008	20.35093135566408	20.32341284836568	29.309014265406486	1.1199639774219232E-4
112.0	29.947611064960753	20.35848935375731	20.31523602598536	29.378654303400086	9.2518964893266E-6
113.0	29.988807799540755	20.32378858129426	20.317268325573888	29.37012243030712	1.2863283972672612E-5
114.0	30.03116191473084	20.390328477385253	20.31001838465999	29.26849050565055	7.175733586366922E-7
115.0	30.079533550423708	20.34457688876295	20.28837861339679	29.280496069997064	0.007014877419484252
116.0	29.984740216461546	20.376664094040184	20.346551469960737	29.292043495954672	7.235828546579496E-7
117.0	29.97759705492975	20.37384053793814	20.37674043090738	29.270486135804312	0.0013358404204161622
118.0	30.02131457857188	20.3726941684556	20.350097067508134	29.25532250436449	5.716810998986656E-4
119.0	30.015174623247187	20.401980273994617	20.293840427296665	29.28900320854192	1.4669196095708377E-6
120.0	29.99843967649617	20.394487865039725	20.330800815441837	29.276253957292557	1.7685729711881483E-5
121.0	29.975486672002354	20.41036446814985	20.348070155695062	29.266076483004888	2.221147844783227E-6
122.0	29.978990349193623	20.40092305300301	20.32176700307746	29.298318106732335	1.487993569606029E-6
123.0	29.989789746174374	20.387823567866263	20.33398067186678	29.288382096539735	2.3917552846879405E-5
124.0	29.918158857526656	20.411800393674127	20.32879928309705	29.341240714622067	7.510800982460837E-7
125.0	29.948346523083615	20.45515496854388	20.31942869668885	29.276804153802477	2.656578811768901E-4
126.0	29.973438846959088	20.397538397964414	20.36596360744886	29.263031845603837	2.7302023792090782E-5
127.0	30.03381897470046	20.354256222393417	20.385628648001234	29.22141784640313	0.004878308501759622
128.0	29.9754689693984	20.413198466726488	20.379712543668617	29.231620020206496	0.0
129.0	30.004452131734045	20.39115082544159	20.342146870706195	29.26086278082271	0.0013873912954654136
130.0	29.98392032501456	20.373290590885354	20.371677002151586	29.27110201637579	1.0065572715447157E-5
131.0	30.02999258971989	20.407167852719134	20.32966712605738	29.23316620391955	6.22758405446097E-6
132.0	30.048773183113315	20.414250528798526	20.34349878694246	29.19346184550774	1.565563796118036E-5
133.0	30.023256904723432	20.471555925627555	20.345090696434482	29.160096473214526	0.0
134.0	29.952425843509527	20.42979861732686	20.35687621831163	29.260879534232476	1.978661951225033E-5
135.0	29.92594974617958	20.424814781620725	20.368666409040664	29.280568267066975	7.960920541622183E-7
136.0	29.955816397377543	20.38144536485352	20.400930227812395	29.260988699059798	8.193108967460278E-4
137.0	29.974253362292803	20.44743818984648	20.39340972649164	29.184897109781797	1.6115872738206763E-6
138.0	30.012826222754935	20.464705619084995	20.34426284538836	29.178197206350546	8.106421161864325E-6
139.0	29.96401603592112	20.466439560779833	20.355174708438057	29.213496060086623	8.736347743641199E-4
140.0	29.931970935351398	20.459239216461942	20.32534568300981	29.27068657636294	0.012757588813908427
141.0	29.94307812753582	20.469627060926584	20.386781538914008	29.200513272623592	0.0
142.0	29.94102024379775	20.401117602277484	20.398351268246394	29.2594792609211	3.162475727478647E-5
143.0	29.947858441749904	20.45503599755926	20.326810861642386	29.270183221524587	1.114775238555405E-4
144.0	30.1112553002094	20.38069763940976	20.34305680046473	29.162009199974552	0.0029810599415551935
145.0	30.082796793663253	20.37954208670679	20.483726031861423	29.053933388332194	1.6994363453981675E-6
146.0	30.25497271109952	20.284538890764985	20.410552025385368	29.049932086268328	4.286481798650971E-6
147.0	30.156965729914642	20.291222871867333	20.416342155637857	29.13311904069151	0.0023502018886544036
148.0	30.073035963833807	20.471719037294886	20.40635632290531	29.048831103042605	5.757292339132223E-5
149.0	30.066742307132976	20.388539981167963	20.543341720670576	29.00130210334229	7.388768619575974E-5
150.0	29.730388184054462	20.421444800410093	20.774042398089538	29.074124617445907	0.0
