# Position (bp)	A	C	G	T	N
0.0	23.177303031752196	27.342868579087664	29.7450665814159	19.731433883379836	0.0033279243644024773
1.0	27.33831735537623	18.668883534515402	19.418570067829343	34.567127728011805	0.00710131426722167
2.0	29.49723246930812	20.635980737353314	18.80459835063882	31.057885124422796	0.0043033182769513624
3.0	33.52802550207171	19.29059601314061	20.26308639875148	26.91464960435991	0.0036424816762935675
4.0	33.88637337233742	18.532764641094804	21.053316135462815	26.525043584403214	0.0025022667017505313
5.0	34.81692333487823	18.77296937789172	20.39503199989698	26.01378751277531	0.0012877745577632579
6.0	26.933007963257584	18.79760802046941	17.39321487460771	36.873777733993066	0.0023914076722336645
7.0	26.727321079178658	23.163383073310413	18.6150163171156	31.4919551919488	0.0023243384465316454
8.0	26.57718625850799	22.24206158708576	18.995933809581885	32.18275540839654	0.002062936427824471
9.0	33.401289560811165	18.880630517635367	19.705970697409537	28.008997912698934	0.0031113114449980417
10.0	28.974908635557394	23.056443555602417	22.893760248666208	25.07302225272921	0.0018653074447658503
11.0	27.439988627338973	22.95217656211604	20.91860131805827	28.685841373647587	0.0033921188391288935
12.0	29.125972872414213	20.75198456655286	20.129517037043172	29.990752665240787	0.0017728587489673421
13.0	29.346081900602673	20.632149371500738	20.16547337476333	29.85498897076989	0.0013063823633724533
14.0	29.348635950333033	20.820269537708736	20.45826918062124	29.367847826427035	0.004977504909953058
15.0	29.67521374148394	20.83563357421249	20.294585904950946	29.19364926754128	9.175118113492334E-4
16.0	29.726481644419806	20.76274169697413	20.44234145633161	29.066329515667537	0.002105686606915979
17.0	29.79440976278884	20.785429839091783	20.504359273398045	28.914470995235163	0.0013301294861683968
18.0	29.757927965005464	20.6686079386284	20.631505511659768	28.924698339453382	0.017260245252980717
19.0	29.5633607521292	20.774035498168924	20.444344008664437	29.216917538152114	0.001342202885323218
20.0	29.417545625205626	20.87986168901963	20.331662505725326	29.369923812841503	0.0010063672079115946
21.0	29.26555994171113	20.960814444722637	20.370083005016625	29.401749620731483	0.001792987818131183
22.0	29.322333967488866	20.718895599565858	20.293045886173896	29.664589669730145	0.0011348770412311145
23.0	29.414767396942775	20.575858958496546	20.477725796527704	29.53044874357061	0.0011991044623705547
24.0	29.38554962839629	20.635727041403328	20.538309414214158	29.43858338759389	0.0018305283923332832
25.0	29.42755101646266	20.61871920420376	20.553734677017104	29.398964011048147	0.0010310912683324804
26.0	29.44878186132852	20.63396948065044	20.483415259932514	29.43211947945843	0.00171391863010221
27.0	29.405182954719688	20.648378281221614	20.483507082014274	29.462068414589993	8.632674544304304E-4
28.0	29.356922499383884	20.64258151852197	20.58646468729875	29.412897621437352	0.001133673358044836
29.0	29.3656860943041	20.682288655095622	20.434409455888154	29.514356938060725	0.0032588566513972704
30.0	29.324330997048424	20.66709891944561	20.48728228045398	29.520253705494703	0.0010340975572806026
31.0	29.34157872099557	20.636228410918008	20.46558587874678	29.555530421220894	0.0010765681187452042
32.0	29.388932232382565	20.581755591115442	20.557025069199906	29.470725179602162	0.001561927699928698
33.0	29.472336751468013	20.547432741598293	20.519532089342174	29.456557730903693	0.0041406866878229195
34.0	29.264348129964908	20.682767589282943	20.54724383697249	29.50354316160831	0.0020972821713581774
35.0	29.24674680042441	20.720782723364305	20.51223475700306	29.51894611164238	0.001289607565838085
36.0	29.358871383239844	20.610862896684377	20.539736472900884	29.48652640423165	0.0040028429432388945
37.0	29.301595330785744	20.666541024657885	20.441976933241254	29.588772644242177	0.0011140670729386344
38.0	29.36463350898626	20.49954228153514	20.465108537531247	29.66918439562854	0.0015312763188117294
39.0	29.40838633061238	20.570323849905236	20.434924608638305	29.58545613220998	9.090786340986572E-4
40.0	29.306476433424745	20.58453521236049	20.56586146712273	29.541972363662527	0.0011545234295091624
41.0	29.328731707566963	20.586891972157296	20.468732769853915	29.61459204810812	0.0010515023137095143
42.0	29.2156356538134	20.722557590750878	20.5150098155707	29.545267170209076	0.001529769655949389
43.0	29.300130767255357	20.550293733517297	20.498878642576347	29.646808777325482	0.0038880793255188376
44.0	29.288438560122675	20.58978044470269	20.554857150346557	29.5655039767229	0.0014198681051750916
45.0	29.32277699320099	20.573043184815894	20.541175609128004	29.558424277278622	0.00457993557648705
46.0	29.301983033891858	20.545039908465824	20.612351742139616	29.539344365936167	0.0012809495665363083
47.0	29.326200497409317	20.637020990318867	20.473952981619323	29.561178938116623	0.0016465925358715027
48.0	29.330115864734534	20.55932130114252	20.48286495014281	29.621219945877243	0.006477938102884392
49.0	29.359816370125646	20.542481866410245	20.544213696682498	29.55214729495793	0.0013407718236801253
50.0	29.33929114252345	20.558750212969365	20.492915663570436	29.60766762688834	0.0013753540484107783
51.0	29.41661504078151	20.46527179706451	20.527307472584223	29.585700685128263	0.0051050044414948864
52.0	29.31784554221747	20.53863570242139	20.58977953733606	29.55256300902039	0.001176209004687689
53.0	29.39250439723989	20.551367595012426	20.477508206994283	29.577224077647777	0.0013957231056263308
54.0	29.307137442256202	20.502310896944074	20.570275086057435	29.618430032957193	0.0018465417850934552
55.0	29.277851088955163	20.59392269764413	20.51416531663306	29.61208962467699	0.001971272090657796
56.0	29.2769134699379	20.527715011733285	20.568737750857448	29.62551996249515	0.0011138049762202638
57.0	29.356905565688056	20.509159753482816	20.596680130184016	29.535407576926094	0.0018469737190182883
58.0	29.320782483753334	20.567309202393343	20.52247568739605	29.587326942778336	0.0021056836789335415
59.0	29.338135819875287	20.620261221587548	20.51607370994438	29.524573534754683	9.557138381041343E-4
60.0	29.34227174512692	20.59893056668019	20.50768436176673	29.548762306075936	0.0023510203502251433
61.0	29.336689930268676	20.62390291981701	20.538991664718615	29.49952324783915	8.92237356550539E-4
62.0	29.34673926033373	20.5595920547417	20.522378851054302	29.57022788151424	0.0010619523560310444
63.0	29.409868138759116	20.532779954636027	20.492203330262125	29.562109466916137	0.003039109426595277
64.0	29.302057221009512	20.49233873689736	20.561115589611667	29.643837615186847	6.508372946116424E-4
65.0	29.292553626508482	20.619273910926548	20.50511193158688	29.581583248161124	0.00147728281696207
66.0	29.255559906899965	20.602130694119477	20.49203231371371	29.611053675068	0.03922341019885303
67.0	29.233691508782844	20.600271693772797	20.572426630185777	29.590154602580753	0.0034555646778349288
68.0	29.32692807829151	20.57544819576604	20.493576242383217	29.60050741047536	0.0035400730838772185
69.0	29.347910011669136	20.541869318798124	20.539634271188486	29.569836172573183	7.502257710679808E-4
70.0	29.384940632565502	20.481580005397397	20.50296502785639	29.629821956705953	6.923774747577268E-4
71.0	29.26248254741849	20.547894193818692	20.58880901888246	29.580800520261636	0.020013719618722003
72.0	29.29966421951063	20.49791322048309	20.608132583665064	29.59344422185321	8.457544880041694E-4
73.0	29.276759099945732	20.550378580375032	20.55187348419967	29.61372328140713	0.007265554072439503
74.0	29.30675243906764	20.489398846684423	20.54628573020136	29.657336278561452	2.2670548512301932E-4
75.0	29.27728094916792	20.537227606609648	20.594747495845105	29.590189146608814	5.548017685122256E-4
76.0	29.260823545973512	20.557320357489157	20.501618910665865	29.679924718351646	3.124675198235973E-4
77.0	29.28510379279501	20.545947383182963	20.571873203509732	29.59689327778621	1.8234272608343076E-4
78.0	29.260516853339162	20.58480018906252	20.525601157640235	29.628881238586807	2.005613712782077E-4
79.0	29.335879367850865	20.503824950576483	20.552296234374502	29.6076286654723	3.7078172585410413E-4
80.0	29.32205821897896	20.515833251443166	20.537816086130547	29.623935413649622	3.570297977069166E-4
81.0	29.247055017102834	20.489038626722827	20.616518597648266	29.618378388207823	0.029009370318250464
82.0	29.215009088548427	20.50423266683978	20.618263654462044	29.64923396520384	0.013260624945901498
83.0	29.276566475845033	20.492981411623383	20.500093753598765	29.730008858098643	3.4950083417111596E-4
84.0	29.28436138951451	20.5193609087228	20.565887431222528	29.62996682096111	4.2344957906465284E-4
85.0	29.27437537073984	20.518509239607567	20.571929632619867	29.634865020850526	3.207361821952574E-4
86.0	29.24858073609674	20.54087629432854	20.58409182499312	29.62623515692313	2.159876584651953E-4
87.0	29.273012544690737	20.501714872756004	20.584329977314496	29.640633389743943	3.0921549482482396E-4
88.0	29.28045700956846	20.510922255133526	20.55353618396863	29.64806189351445	0.007022657814931274
89.0	29.19741297875117	20.568952845266107	20.54952825190928	29.683734161521162	3.7176255228375593E-4
90.0	29.209172258666626	20.578058503737985	20.534196116947314	29.67821590446761	3.572161804641103E-4
91.0	29.256023706814567	20.54356013055486	20.612356302162983	29.587831617708595	2.2824275899847076E-4
92.0	29.242406826919765	20.5426009581608	20.605944386010613	29.608759029085803	2.8879982302346845E-4
93.0	29.288055289348158	20.490643838938503	20.655625276333673	29.565246717721305	4.288776583591765E-4
94.0	29.193041411145902	20.51683969025553	20.624424954884873	29.665496503330818	1.9744038287639048E-4
95.0	29.304296249471136	20.549081346977683	20.559503650306716	29.586718664824925	4.000884195407185E-4
96.0	29.22288105836187	20.513140726480376	20.64441013306562	29.619304529615594	2.6355247654180223E-4
97.0	29.211066207688415	20.5387287053323	20.555419321937535	29.694292446324354	4.933187173960008E-4
98.0	29.155931254160983	20.527797603149097	20.643851608503095	29.670209378856693	0.002210155330133612
99.0	29.186561158940176	20.51446337082332	20.60951258079553	29.689357091121764	1.0579831920326249E-4
100.0	29.176637632417684	20.49642355953432	20.629601354038705	29.693190420395325	0.004147033613963599
101.0	29.21299339879535	20.55970549949057	20.621387169688763	29.60525913722491	6.547948004054489E-4
102.0	29.116418996570037	20.509923813158093	20.67035102743525	29.703062116458934	2.440463776861741E-4
103.0	29.178982952650866	20.506700766478705	20.61366125223859	29.700429421195096	2.2560743674305886E-4
104.0	29.151908293013996	20.538582006811257	20.68651205378473	29.62274508849514	2.525578948794346E-4
105.0	29.213935381088525	20.496608993692934	20.684741126072137	29.604550885663155	1.6361348324691425E-4
106.0	29.150326641751327	20.478645951773462	20.696026126577696	29.674858407617	1.4287228051543556E-4
107.0	29.127814895050154	20.46926750529452	20.707530052854185	29.695120545168784	2.670016323508887E-4
108.0	29.149093454991615	20.482450884957068	20.714595528127205	29.653637320599746	2.2281132436080382E-4
109.0	29.189872937846324	20.466193632360095	20.688599788966886	29.655156726838484	1.7691398820994636E-4
110.0	29.092553107437702	20.464844030386796	20.755652339608748	29.68656322569751	3.8729686924702774E-4
111.0	29.14553693628238	20.48965180034807	20.733044117398578	29.631239122721055	5.280232499197405E-4
112.0	29.10400121460957	20.45993071646566	20.739809612111085	29.695988303439513	2.7015337417512044E-4
113.0	29.097546480085974	20.467119468678856	20.749309120931784	29.68577591502049	2.490152828979624E-4
114.0	29.125733088965617	20.551761654122117	20.678852152426916	29.643199311141704	4.5379334364578704E-4
115.0	29.129611647094166	20.478356142691805	20.719170107281997	29.655659026288394	0.017203076643636083
116.0	28.999019628654825	20.54710640960746	20.751014081887767	29.70253099650756	3.288833423875914E-4
117.0	29.05384085956428	20.450694315024723	20.85494514551492	29.632585353972424	0.007934325923657023
118.0	29.055609971058832	20.51419801432306	20.716235356091605	29.71364008481643	3.1657371007293226E-4
119.0	29.078032009499772	20.50751178413482	20.769845671164454	29.64441469056711	1.9584463384071237E-4
120.0	29.011568632407336	20.515693064718622	20.75528930006825	29.717280486674586	1.6851613120665975E-4
121.0	29.00604015851495	20.57557517435599	20.86182919560982	29.556067518725186	4.8795279405255254E-4
122.0	29.043056965460607	20.6024775567793	20.765021402268392	29.589299624173783	1.4445131791965545E-4
123.0	28.980128400184068	20.490067197995003	20.861057690145742	29.66822207865598	5.246330192030675E-4
124.0	28.937209381165268	20.588545881975193	20.74503631895214	29.729013584196025	1.9483371137567798E-4
125.0	28.975762523805713	20.585635821171834	20.820333480975115	29.618146379724656	1.2179432267944262E-4
126.0	28.981854710527323	20.53884855189485	20.88636835658185	29.592674067198182	2.543137977950994E-4
127.0	29.01037773721414	20.548097119118857	20.92310626811779	29.506885592045585	0.011533283503634093
128.0	29.03615708780329	20.54394168454958	20.90729581002036	29.512279497729505	3.259198972700484E-4
129.0	28.999785810877377	20.551470822491133	20.935344783220515	29.513251542823365	1.470405876133989E-4
130.0	28.894627446553567	20.566791598530642	20.9408104656931	29.597615144268858	1.5534495382630155E-4
131.0	28.887810219018185	20.623081936751753	20.874732933115087	29.6138807241267	4.941869882762374E-4
132.0	28.810981137063035	20.68618655675081	20.751979339311802	29.739682814457336	0.011170152417022142
133.0	29.250829100163315	20.503571893754945	20.550161812297734	29.695249331209233	1.8786257476930475E-4
134.0	29.288253419738076	20.5495859491809	20.72216613422409	29.439927056378217	6.744047871949415E-5
135.0	28.968925097486093	20.737976837319422	20.618792642167367	29.673720469922078	5.849531050407603E-4
136.0	28.789455594721403	20.90792828653414	20.32459695145833	29.977779376383793	2.3979090233316547E-4
137.0	27.955549487092522	21.287796369786687	20.563075066398284	30.19340289553777	1.7618118473037672E-4
138.0	28.147461756914545	21.406291037971098	20.92035227609191	29.525009615488656	8.85313533787991E-4
139.0	28.15682797202174	21.740743257468832	21.78619289136535	28.31567889833652	5.569808075553333E-4
140.0	27.544089839076914	22.52601654253335	22.082609758293778	27.828760339083342	0.01852352101261915
141.0	27.825354335747114	22.100068711349866	21.059343143871818	29.015233809031198	0.0
142.0	27.793492047457097	22.533888570862	23.032816633180307	26.6388673753054	9.353731951974198E-4
143.0	30.372057339377378	19.64984547023275	22.10296014656731	27.872716843865643	0.0024201999569204405
144.0	33.081566200018074	19.10409333297506	19.643210470646576	28.168198684329447	0.0029313120308374027
145.0	27.18886056476227	20.752079522313878	19.47675421944569	32.58230569347816	0.0
146.0	27.25993835060479	21.126122312798472	19.54753925293681	32.06615109579559	2.489878643314925E-4
147.0	27.755606018312452	20.67656977314392	19.923903503808596	31.64190890047353	0.002011804261504377
148.0	30.174752349504697	19.951485902971804	20.552959105918212	29.320548641097282	2.5400050800101603E-4
149.0	32.025047265040804	20.438250180209995	19.655843806035048	27.880089168673987	7.695800401720781E-4
150.0	23.11580326953084	26.652557963405105	24.461053801964297	25.76037943101462	0.010205534085141011
