# Position (bp)	A	C	G	T	N
0.0	26.762238636331954	23.858326032526968	27.51910346319099	21.806925014534126	0.053406853415960895
1.0	27.995982695248635	18.502239792203387	19.609881419214133	33.88645887514073	0.005437218193111213
2.0	29.984466781947216	19.8419247185594	18.80330379510342	31.3658067065693	0.004497997820661371
3.0	32.1611459522409	19.348919515123892	19.96008822516189	28.52613952011677	0.0037067873565451884
4.0	33.11672540020027	18.74395661930577	20.32022321411579	27.81802177303651	0.0010729933416661493
5.0	33.31263218534191	18.967959084551435	19.87000670537422	27.847452303451874	0.001949721280560594
6.0	28.229341144961285	18.716557636243465	17.950494329581097	35.09868984156868	0.004917047645474343
7.0	27.7789368510989	21.978642760441865	18.50454782142124	31.716596047786094	0.021276519251898777
8.0	28.09518012206115	21.203333102237533	19.117231811795236	31.583450705032014	8.042588740664971E-4
9.0	32.454373105825454	19.091495979144327	19.619818873287333	28.831884291611154	0.0024277501317370898
10.0	29.570347854350615	21.721892943263715	21.65830161304221	27.03844488261855	0.0110127067249092
11.0	28.441427437178373	21.66050272264817	20.45293266701161	29.430476579272067	0.014660593889774781
12.0	29.60780447525267	20.199686550672766	19.924049289909945	30.266464294566504	0.001995389598119796
13.0	29.809748362124306	20.142443575441508	19.89006377243647	30.156329324004282	0.0014149659934350107
14.0	29.840620644303772	20.30072016817013	20.043106798589065	29.811444640265446	0.004107748671582844
15.0	30.04024818511113	20.350183093611317	19.924825743878806	29.684119658009518	6.233193892264475E-4
16.0	30.187227855581263	20.185969841389344	20.056408097544434	29.567114815057792	0.003279390427165618
17.0	30.12629932653607	20.219157075861727	20.21751832051061	29.435170386684327	0.001854890407268125
18.0	30.227820714292413	20.056298688848567	20.31222893100002	29.397895189968704	0.005756475890295981
19.0	30.06356160296392	20.155989414938308	20.06391874862098	29.715723671468968	8.065620078257809E-4
20.0	29.863176835158395	20.38913482920556	20.032669750516256	29.714432596551987	5.859885677989015E-4
21.0	29.679545319678784	20.461554739425054	20.0171248139242	29.84026291652694	0.0015122104450217232
22.0	29.6700906646501	20.275025397343025	19.982656009408807	30.071506771471384	7.211571266849287E-4
23.0	29.764970471797604	20.164548197149777	20.120912157645662	29.946853653666274	0.002715519740687608
24.0	29.814184330967	20.212876297719173	20.165788487400516	29.8047178490274	0.002433034885913585
25.0	29.823798395875933	20.199431789962475	20.21962088317254	29.75274984578474	0.004399085204313347
26.0	29.8290992603768	20.214375857943548	20.192403348592894	29.76303889559419	0.0010826374925674176
27.0	29.75062333645132	20.255899531615988	20.18156694515606	29.81102953053239	8.806562442354184E-4
28.0	29.773564460727282	20.24841798522714	20.229594941534305	29.746831932762586	0.0015906797486901654
29.0	29.72707825212394	20.25321793759079	20.190937191631868	29.826975585201865	0.0017910334515388276
30.0	29.70967049238544	20.250600481495194	20.210504992103083	29.82821850450175	0.0010055295145357372
31.0	29.735451536293322	20.22150690377392	20.16970845186937	29.872344756619682	9.883514437008262E-4
32.0	29.75348277263754	20.262007626226737	20.193635644920985	29.789622389069777	0.0012515671449616081
33.0	29.818412776678073	20.236858004929438	20.208407378113666	29.733434186346198	0.0028876539326335663
34.0	29.688050454227515	20.290393377000676	20.210378711684264	29.809309673421406	0.0018677836661411705
35.0	29.640922786607533	20.30899188221607	20.185732249128556	29.86183245205497	0.002520629992872154
36.0	29.712286747905843	20.233558974637035	20.23032590817889	29.821755295911174	0.0020730733670607402
37.0	29.749958628167345	20.2601199672667	20.14799860426447	29.841492509982942	4.302903185392711E-4
38.0	29.77548982426602	20.17016607980084	20.17238118109234	29.881076874324197	8.860405166009267E-4
39.0	29.75496863093607	20.244589717062368	20.155977127001467	29.843739848369932	7.246766301688459E-4
40.0	29.6719927667468	20.2756375318894	20.23544032904284	29.814769762489124	0.0021596098318296757
41.0	29.712436297913136	20.22782792921845	20.162671702058063	29.89639270319407	6.713676162842699E-4
42.0	29.67195647097494	20.318814660559052	20.19890331962601	29.80834817457896	0.001977374261042617
43.0	29.686598722578427	20.250163270783965	20.18439938843099	29.876280683948426	0.002557934258187423
44.0	29.649961021218864	20.282497919110117	20.225266786382154	29.841572227234003	7.020460548640364E-4
45.0	29.650124195182837	20.274843458814853	20.244183676686543	29.827046300053034	0.003802369262732302
46.0	29.702890128356213	20.218831155272586	20.26807480505051	29.809528874928237	6.75036392453168E-4
47.0	29.6982325903129	20.294319271165975	20.17440577526854	29.83217974981892	8.626134336665271E-4
48.0	29.68452277506485	20.249767439340175	20.171889681403904	29.888512587984046	0.005307516207026362
49.0	29.693509767724013	20.2538609184449	20.22127707185728	29.823438948633367	0.007913293340436615
50.0	29.70437560943251	20.292177026117137	20.193930576335404	29.808520042660707	9.967454542392444E-4
51.0	29.718742657047763	20.255502514171702	20.19839765193712	29.8235627078902	0.0037944689532138872
52.0	29.694822109183516	20.257066788936093	20.257407181375054	29.79012680845146	5.771120538733757E-4
53.0	29.703184093594455	20.262118948707215	20.15672786007096	29.875637198735248	0.002331898892121073
54.0	29.658578416565174	20.256251268687155	20.21790100337065	29.866355630810098	9.13680566921074E-4
55.0	29.62782020202971	20.26367513391652	20.21872058772532	29.887262495201238	0.0025215811272112413
56.0	29.65320015921989	20.263021739602582	20.200603363078994	29.88241117315324	7.635649452959882E-4
57.0	29.660692061842685	20.2581361333312	20.267138188893995	29.80789266522219	0.006140950709926316
58.0	29.663737372700698	20.27264548747811	20.195688079469548	29.864983692220697	0.0029453681309481146
59.0	29.700232271590423	20.26111101760758	20.19566539743697	29.842288127625217	7.031857398161654E-4
60.0	29.69530160761449	20.238947349968093	20.1933490983623	29.868637874918956	0.003764069136159917
61.0	29.686246191114563	20.29580253958184	20.22363595605572	29.793275096556744	0.0010402166911362728
62.0	29.703967932139758	20.24408598673032	20.19330381909337	29.856653835779092	0.001988426257461929
63.0	29.730965823312722	20.278671463838613	20.15531739568196	29.83217292983419	0.002872387332522401
64.0	29.70742713819635	20.228073276845855	20.198082819118035	29.864964144920325	0.001452620919435071
65.0	29.65706570271634	20.235908369271872	20.18801818805621	29.911559669196723	0.007448070758858075
66.0	29.619488653936376	20.255465144039363	20.208903314020375	29.893505221244247	0.0226376667596382
67.0	29.66446937704158	20.230051640053862	20.22704629443047	29.87610841038405	0.0023242780900358307
68.0	29.625295327211234	20.347149922932513	20.160193135627196	29.862843375947435	0.00451823828162564
69.0	29.645680461199696	20.314633751898985	20.18192146600074	29.85423351503608	0.003530805864500062
70.0	29.66798364833047	20.227263355216824	20.14960327963495	29.954706463988707	4.432528290520984E-4
71.0	29.594085357560434	20.282098440065592	20.195875057033202	29.915209210160583	0.012731935180185937
72.0	29.646100753496736	20.25777731341179	20.227682013455208	29.86280664062036	0.005633279015907803
73.0	29.628218804889073	20.324371947457216	20.191468511704645	29.8504432416597	0.005497494289365604
74.0	29.67184487548955	20.269549697086504	20.19212491773307	29.864083315521235	0.002397194169641698
75.0	29.621787132180515	20.304621981490527	20.23302810414321	29.83588344379704	0.004679338388713671
76.0	29.621623956595027	20.289313161845644	20.188319370149934	29.899882527418136	8.60983991259054E-4
77.0	29.647524578125374	20.293948090919173	20.205445606101577	29.85182735600948	0.0012543688443979722
78.0	29.635606941176967	20.268354122318964	20.224471315689573	29.86968326552008	0.001884355294410259
79.0	29.673091403934805	20.297043376845277	20.21990150068999	29.807531484937687	0.002432233592236057
80.0	29.70326970687343	20.256598259793083	20.165635931637528	29.87399137854343	5.047231525277293E-4
81.0	29.5975213100886	20.304940880722	20.229468743953454	29.849663193355962	0.01840587187998254
82.0	29.586960281387114	20.270533607709176	20.2434271057836	29.8945245862742	0.0045544188459068794
83.0	29.643204846059064	20.301252775680677	20.148769410902595	29.902510125428467	0.004262841929200043
84.0	29.64139359228058	20.288532642954	20.21123126771758	29.85526653270486	0.0035759643429810707
85.0	29.631614688008955	20.27646222056315	20.205279119463615	29.885211009923747	0.0014329620405318722
86.0	29.578643957761592	20.3268764879635	20.180003484012097	29.913922055224447	5.540150383669693E-4
87.0	29.623101430230424	20.26393175844997	20.202629347228164	29.910100620377726	2.3684371370943095E-4
88.0	29.626656764496584	20.294123958768036	20.183448813943052	29.891534066109248	0.00423639668307959
89.0	29.558616191683196	20.297339940836316	20.195124747167366	29.94835594590696	5.631744061566149E-4
90.0	29.593140192659927	20.31866695598961	20.17518293268186	29.91284409914049	1.6581952811849942E-4
91.0	29.55696218079858	20.33468841259352	20.207735447592523	29.900385706362364	2.2825265301637136E-4
92.0	29.5706203293191	20.349354311900004	20.212210953960145	29.867517486316665	2.969185040795535E-4
93.0	29.582958019530757	20.35808562946854	20.229145442961144	29.828997085913233	8.138221263244688E-4
94.0	29.583371694585942	20.327869499345557	20.18198050801023	29.90646574297654	3.125550817285632E-4
95.0	29.637295940257	20.34715758407141	20.147728758294832	29.86753156187397	2.861555027801183E-4
96.0	29.583501975666813	20.33738246673231	20.203193576804683	29.875746963779225	1.7501701696355387E-4
97.0	29.58099262213591	20.385240452429453	20.10799103089224	29.925069622089396	7.062724530029935E-4
98.0	29.56191297265552	20.36969395455913	20.179911590620563	29.88721259765957	0.0012688845052217469
99.0	29.563253261234074	20.381647558354192	20.177335955868536	29.87750103193647	2.62192606728629E-4
100.0	29.551964088465077	20.345060846437775	20.179403400387617	29.921482783533033	0.0020888811765057153
101.0	29.559396295520703	20.353359010714776	20.195814534821974	29.888848020023477	0.0025821389190738464
102.0	29.563470072248847	20.328437861804733	20.196924142143043	29.91069021760882	4.777061945527123E-4
103.0	29.560748626137734	20.341277565249783	20.213040281393617	29.884711942216917	2.2158500195065307E-4
104.0	29.514189238191612	20.398480195208336	20.18549296617273	29.901671809128604	1.6579129871865768E-4
105.0	29.56245189284226	20.350450434179464	20.218854211036525	29.86802632655012	2.171353916280304E-4
106.0	29.569221868521424	20.336203237601374	20.195057867035505	29.899081141519297	4.3588532240094926E-4
107.0	29.53167713603705	20.337837770153616	20.235473591434086	29.89459445707131	4.1704530393801777E-4
108.0	29.500707275105185	20.3745377679161	20.243036305147246	29.881505258704284	2.1339312718189344E-4
109.0	29.582652201049964	20.339731313306117	20.174861032948577	29.90252888633551	2.265663598347112E-4
110.0	29.491186358230042	20.36575100707749	20.23261822280988	29.91009080829603	3.5360358655775345E-4
111.0	29.555624640463435	20.34185942781585	20.17329714306547	29.928863767708176	3.550209470663353E-4
112.0	29.563604494040487	20.32613251363794	20.112001063476946	29.997797137061866	4.6479178276474114E-4
113.0	29.538076201959417	20.31992259966808	20.225756688192615	29.915867821421404	3.766887584857514E-4
114.0	29.547799976801713	20.408766784908188	20.179059189439364	29.86404210449444	3.3194435629360934E-4
115.0	29.590437711755964	20.335905196443804	20.25884760540303	29.804688149327653	0.01012133706955101
116.0	29.540120880337717	20.38847077875123	20.23011811245435	29.8409852275345	3.0500092220417727E-4
117.0	29.483249400415605	20.357879159271448	20.236838202362808	29.918602514101643	0.0034307238484886002
118.0	29.485360133176254	20.37818273086923	20.226177601398227	29.909380399216946	8.991353393462778E-4
119.0	29.545823125701393	20.378313105247056	20.174775693059217	29.90084141337508	2.4666261725295185E-4
120.0	29.482717201796916	20.387256627545913	20.235489604702046	29.894092853115133	4.43712839992002E-4
121.0	29.512416100289784	20.429843777918027	20.234780622692476	29.8226393155809	3.2018351880865075E-4
122.0	29.453642728778362	20.43122038321245	20.21470879340027	29.900189054583226	2.390400256876758E-4
123.0	29.466734817524546	20.379143174321577	20.264266848373182	29.88962595285956	2.292069211321905E-4
124.0	29.43770546092645	20.342936288902667	20.21441983041652	30.00459192554006	3.4649421430320656E-4
125.0	29.422202527633168	20.39118086211159	20.23293996980277	29.953055370851466	6.212696010008344E-4
126.0	29.451097527379915	20.39697640610631	20.264035010947893	29.88745722140642	4.338341594553912E-4
127.0	29.575032891010274	20.331347989446233	20.23953915979509	29.846096003097866	0.00798395665054026
128.0	29.681762113734145	20.207552024544995	20.346533385672483	29.762941280291123	0.0012111957572572415
129.0	29.492675006114705	20.254688932353783	20.45192488024415	29.798532771159792	0.0021784101275679215
130.0	29.361287633902826	20.259247298469994	20.412694076261456	29.96625412276067	5.168686050488268E-4
131.0	29.27183071222582	20.332050708586237	20.218514576538517	30.176560492874167	0.0010435097752592997
132.0	29.028937977357415	20.541083777396555	20.150802040951	30.27677512302862	0.0024010812664082438
133.0	29.102689087282602	20.447067708205008	20.3102130997531	30.139679436455406	3.506683038827347E-4
134.0	29.2032161789108	20.321463531154258	20.23678213649251	30.237849293473886	6.888599685455941E-4
135.0	29.306749459389103	20.21436914939446	20.375925302734807	30.100039970961124	0.002916117520508888
136.0	29.385772727431526	20.28297569320311	20.402072360261826	29.927937852482327	0.0012413666212119977
137.0	29.701181579063107	20.198951858944753	20.283790310149573	29.815572738702585	5.035131399833508E-4
138.0	29.81583353242237	20.195365226015674	20.4014671292064	29.58622012439736	0.001113987958190548
139.0	29.07167309215129	20.75114291487064	21.6500245576595	28.521061773085048	0.006097662233527245
140.0	26.941101273512384	21.76968579608406	21.666030748566563	29.605710917907462	0.017471263929525815
141.0	28.569494382764915	19.901362271518565	19.35619415045224	32.172476698157595	4.7249710667476033E-4
142.0	30.960623326241272	19.51432970181482	21.26513178312239	28.25916442951659	7.507593049253094E-4
143.0	31.297860558541746	18.88278383427501	21.895444140758997	27.91407768550849	0.009833780915753657
144.0	34.15046034335945	18.496508168601896	18.906114513552932	28.442695916893022	0.004221057592701281
145.0	27.596386795106547	20.25797114961104	19.179480581809578	32.96591793969439	2.4353377844256213E-4
146.0	27.5640811093669	20.557966425791204	19.030540097243694	32.84715452935273	2.5783824547420746E-4
147.0	28.159847992783344	20.319836277783683	19.577266775368155	31.939968820454467	0.003080133610350508
148.0	30.77832628273881	19.256815729223746	19.884149033342336	30.080394321489845	3.146332052658725E-4
149.0	32.815133408501616	20.281848126102275	18.924505545498484	27.976366340726234	0.002146579171390028
150.0	21.445932442633204	27.86901464780766	23.46691677336567	27.169075781384826	0.04906035480864178
