# Position (bp)	A	C	G	T	N
0.0	25.847936355870267	24.678730586921922	24.69285903060878	24.725493718807098	0.05498030779193182
1.0	28.522977591197535	18.679468889656885	18.867109749842292	33.92506440171649	0.005379367586790791
2.0	29.8808835503099	19.97905199420014	19.043939112348205	31.09162269921768	0.004502643924074465
3.0	32.788340773364524	19.163381270962734	19.72356852032996	28.320807304562063	0.0039021307807162176
4.0	32.89660314686566	18.714595312292186	20.394575177656886	27.99318270787485	0.0010436553104158682
5.0	33.59327519991672	18.839952756552552	19.875699767651113	27.68913246725855	0.001939808621072864
6.0	28.32168570786937	19.059095741042718	17.990699931372532	34.624042548617155	0.004476071098228223
7.0	28.433190198538544	21.524148562797652	18.85804523593962	31.163664791930017	0.020951210794162605
8.0	28.157566024868892	21.074910508691726	19.038363011460767	31.72836962155686	7.908334217645883E-4
9.0	32.55078754109261	18.94923064373099	19.44653653456216	29.051114036664526	0.0023312439497167868
10.0	29.874680159451657	21.452792383362613	21.512244169322972	27.14910889792948	0.01117438993327637
11.0	28.77687880939949	21.38647450867806	20.32871947466967	29.49384106858407	0.014086138668717189
12.0	29.812912659348502	20.095895211220842	19.78968401458224	30.299662233555892	0.0018458812925300837
13.0	29.961650885803504	20.044350976534965	19.7859382357022	30.206759079132983	0.001300822826346955
14.0	29.951218274549486	20.184551247114875	19.952990384093614	29.907173537808905	0.004066556433119965
15.0	30.106807096167355	20.203075090264335	19.89155897060531	29.798003957376967	5.548855860369187E-4
16.0	30.156457939554866	20.122040409409607	19.970852932209837	29.747491727883315	0.0031569909423770598
17.0	30.1493181723955	20.144173658944847	20.0240351459999	29.680662412955822	0.0018106097039301433
18.0	30.131250743528497	20.104465579850846	20.053631716416763	29.704939056939377	0.005712903264512165
19.0	30.0545451880322	20.142535350963726	19.931412154212243	29.87083306551489	6.742412769429469E-4
20.0	29.945182324051572	20.241587827790916	19.919739512213297	29.892945797521932	5.445384222860779E-4
21.0	29.882562613566225	20.227378197360597	19.93688729696261	29.95183115051389	0.001340741596668627
22.0	29.876017191969577	20.11329102418576	19.916027799236346	30.093981490536386	6.82494071931285E-4
23.0	29.935038357233424	20.03656725416432	19.99598003611414	30.02986793847564	0.0025464140124669436
24.0	29.954861564858465	20.06161069464331	20.021716867914378	29.95942193085634	0.002388941727504518
25.0	29.972612576257507	20.033780088719073	20.06791248764661	29.921289091784846	0.004405755591966786
26.0	29.972793571105562	20.065322965113857	20.039538277095698	29.92137090202565	9.742846592316209E-4
27.0	29.90930630233085	20.097939661550473	20.037257421979675	29.954673401811917	8.232123270865583E-4
28.0	29.914091442792294	20.103100456441386	20.074814240231724	29.906409092868614	0.0015847676659853107
29.0	29.88653068625771	20.105489296024114	20.046428094560355	29.95983611541732	0.0017158077404924694
30.0	29.88184311383754	20.099089730125343	20.048447303072912	29.969640495786592	9.793571776055149E-4
31.0	29.920843770087203	20.07223352020093	20.048979974989386	29.95705033933999	8.923953824956608E-4
32.0	29.90736899239205	20.102679529790063	20.07367584076442	29.91503289368511	0.0012427433683559856
33.0	29.963129208477085	20.072044470900774	20.06581765655559	29.896322587290197	0.0026860767763537945
34.0	29.856960183024878	20.123106565830117	20.077558781004438	29.940536801841418	0.001837668299150982
35.0	29.829713992412156	20.136392665742296	20.03602190735572	29.995590280890138	0.002281153599694885
36.0	29.874310296843763	20.1066575122565	20.05970823891535	29.9574409083618	0.0018830436225885608
37.0	29.89926579346573	20.10332551011944	20.022443327535786	29.97461292848062	3.5244039842867046E-4
38.0	29.91281614063318	20.053835722869717	20.02906855710152	30.003451497865335	8.28081530243709E-4
39.0	29.912840822014502	20.0926557689576	20.03341215327413	29.96041216267696	6.790930768066653E-4
40.0	29.852871785161568	20.108139379472277	20.09942046359034	29.937417731715083	0.0021506400607345408
41.0	29.893283298842977	20.090089139242753	20.02971133156925	29.986321451696853	5.947786481695949E-4
42.0	29.84111273980713	20.150274436459174	20.060623524015202	29.945951291885564	0.002038007832925287
43.0	29.83390824227855	20.096703681127448	20.074755577358268	29.992263478958815	0.0023690202769191355
44.0	29.83316097781214	20.105974959210585	20.081924532163793	29.978324860937793	6.146698756871285E-4
45.0	29.833356823398237	20.102811933413356	20.10665130343179	29.953715285974013	0.00346465378260149
46.0	29.85486151200251	20.075031336301162	20.12952318150893	29.939897734342217	6.862358451813394E-4
47.0	29.864320702483827	20.118675634594517	20.057020605097062	29.959092277152294	8.907806722981873E-4
48.0	29.862728015254998	20.09486253205747	20.054537106226583	29.982467704300014	0.005404642160933966
49.0	29.867990677222135	20.092083272156028	20.08700625706468	29.945088438375304	0.007831355181857236
50.0	29.856932589774114	20.113805232125475	20.073897841406517	29.95439379339745	9.705432964425658E-4
51.0	29.877713522294506	20.085691926277107	20.07397251869545	29.959094871021463	0.003527161711471965
52.0	29.85645446226826	20.096508886632815	20.12627470361406	29.92021556617228	5.463813125786072E-4
53.0	29.88747400846423	20.098651314208958	20.061312402970195	29.95043770189934	0.002124572457274508
54.0	29.84517481111671	20.104024575950792	20.08026580973525	29.96959334631155	9.414568857014853E-4
55.0	29.802947720964095	20.119368211354967	20.097459946675496	29.977914605524514	0.0023095154809232615
56.0	29.82858172974684	20.11474153324628	20.084176452843213	29.971691119703863	8.091644597980829E-4
57.0	29.837094193115217	20.102986522397707	20.120776699185825	29.933447227048493	0.0056953582527617345
58.0	29.838778330443596	20.13306048934943	20.07456387183614	29.95075762747088	0.0028396808999604085
59.0	29.88011763512302	20.119304537441636	20.07863156838748	29.921295442883846	6.508161640189734E-4
60.0	29.886399632077804	20.085915165419085	20.06963608752328	29.95444012205224	0.003608992927593116
61.0	29.862661586391187	20.122235972741098	20.10288562029072	29.911263561108914	9.532594680816243E-4
62.0	29.888087923034274	20.100221074578794	20.079566596075594	29.930231878726833	0.001892527584508247
63.0	29.882908025822726	20.138221445287748	20.046584692940247	29.929521366118735	0.0027644698305488444
64.0	29.86101174436189	20.086046471993953	20.089057126408704	29.962506483007452	0.0013781742280065798
65.0	29.821951530904062	20.106090601936454	20.090842477771254	29.97389421653944	0.007221172848792977
66.0	29.804256797013583	20.11344634713736	20.091905040811966	29.969417114090895	0.020974700946195957
67.0	29.84703129443208	20.092417689462767	20.103358628834727	29.95503848018003	0.002153907090401938
68.0	29.819864237311872	20.167001223344766	20.063015573095456	29.94563627307565	0.0044826931722560534
69.0	29.841765713092467	20.143435325135233	20.0601695148523	29.951428830476708	0.003200616443290397
70.0	29.83642521548189	20.09312703419659	20.05263982136813	30.0174066949572	4.0123399619476337E-4
71.0	29.788838153521947	20.133953759577928	20.075625752437126	29.989657525229735	0.011924809233265396
72.0	29.827212010324804	20.09949983220828	20.112396125691166	29.955352221767633	0.005539810008112596
73.0	29.81136484953291	20.129665343677917	20.096730157178026	29.95676021911694	0.005479430494198585
74.0	29.84993395682875	20.117602403412647	20.073774287320642	29.956442886186007	0.0022464662519520763
75.0	29.808520040658582	20.134307374959583	20.115503190330493	29.936972552765408	0.004696841285932912
76.0	29.813344671448867	20.124467372059186	20.091082702227077	29.970409828116367	6.9542614850366E-4
77.0	29.826603914215937	20.13734125100603	20.078143309920854	29.95667167787331	0.0012398469838726112
78.0	29.804564691768597	20.129623957978133	20.092079781586563	29.97189797647433	0.0018335921923696523
79.0	29.85420915303203	20.13763571450962	20.10346586868545	29.902475652021675	0.0022136117512179697
80.0	29.890050848618372	20.09961484469808	20.060379582967165	29.94942497747568	5.297462407004803E-4
81.0	29.81291743810168	20.13883121831433	20.114947602986284	29.916739400901932	0.016564339695771493
82.0	29.79291190316188	20.12021565605645	20.12784729672751	29.95465565566995	0.004369488384215356
83.0	29.82308607372335	20.13959771872456	20.04881773433852	29.984383896833855	0.00411457637971711
84.0	29.832469949351946	20.14005610545698	20.094660073091696	29.929483827131737	0.0033300449676381934
85.0	29.818046493643745	20.141717404589865	20.102935152654446	29.935909560977414	0.0013913881345262971
86.0	29.789779826365244	20.147670428460895	20.085470473018063	29.97649197087901	5.873012767886573E-4
87.0	29.784337257193368	20.138190420346152	20.111358548091324	29.965869139742335	2.4463462681907763E-4
88.0	29.809621706760332	20.155776409367522	20.087926939781436	29.942842106675027	0.003832837415681375
89.0	29.767498332186644	20.16303664315409	20.093954573681668	29.97502087758533	4.89573392273618E-4
90.0	29.79188821966843	20.159149075925477	20.07294408994025	29.9758070229873	2.1159147854366426E-4
91.0	29.756217567605514	20.158004629228277	20.120699092376277	29.964860012602262	2.1869818766561468E-4
92.0	29.768501907890826	20.175802717358927	20.123379929637075	29.932004083399242	3.113617139243217E-4
93.0	29.785464353131864	20.1852980726723	20.119583876774836	29.9088688993768	7.847980442041346E-4
94.0	29.803461440509533	20.161641397450595	20.098027697572448	29.936576303619063	2.931608483642925E-4
95.0	29.813302394974944	20.184920723919042	20.092138357510336	29.90935342700031	2.850965953676179E-4
96.0	29.789928111246745	20.167419407906984	20.10656959888586	29.93588787893077	1.9500302963797864E-4
97.0	29.766976403909993	20.205045675942905	20.06439186967061	29.96291292757633	6.731229001564578E-4
98.0	29.75004884360115	20.209727996996254	20.10000336130403	29.938956803144595	0.0012629949539676207
99.0	29.785128607569096	20.193528652552903	20.088334887701855	29.932724190623688	2.8366155245734104E-4
100.0	29.761387288436165	20.17234720500528	20.116467109401267	29.947919302960425	0.0018790941968643898
101.0	29.770120949365413	20.178069851946674	20.115663904130738	29.933652470241796	0.0024928243153766816
102.0	29.750463000977824	20.172816463426088	20.131438362078498	29.94479346465173	4.887088658589653E-4
103.0	29.77901121499338	20.16447678233246	20.13464767800739	29.921633949211245	2.303754555279381E-4
104.0	29.742913011628264	20.216563311791607	20.117872149867406	29.922447656795054	2.0386991767302331E-4
105.0	29.76734088037557	20.19444271019207	20.137848526792745	29.900165679415103	2.0220322450982984E-4
106.0	29.78167467502613	20.172404411032833	20.12972840486532	29.915725369965063	4.671391106546365E-4
107.0	29.75370991459943	20.1724511666604	20.133261771016507	29.940158926391558	4.182213320989329E-4
108.0	29.73131213973323	20.20489115343699	20.15957599811781	29.904030472614078	1.9023609789549598E-4
109.0	29.78678700633241	20.17390212815264	20.115716345632144	29.92338990750601	2.0461237679576097E-4
110.0	29.71476770734044	20.192444478148285	20.163833883357892	29.928529557961813	4.243731915705461E-4
111.0	29.77583563073653	20.168971389592972	20.11281928655707	29.94204048740868	3.3320570475008104E-4
112.0	29.756181710451816	20.14605110809266	20.107627112133102	29.989710660161347	4.294091610800341E-4
113.0	29.746878627884527	20.16139000764106	20.170008671293157	29.921401327176394	3.2136600486073065E-4
114.0	29.745295479403506	20.208480255248116	20.138261420523826	29.9076264559826	3.3638884195408E-4
115.0	29.761508257511597	20.169079450724983	20.194780502215796	29.86545384703093	0.009177942516689803
116.0	29.71949926697243	20.217311376962215	20.17829683463957	29.88461505541843	2.774660073572698E-4
117.0	29.694625781545465	20.184916300227187	20.175051461262008	29.941978183581845	0.0034282733834965465
118.0	29.695140169247498	20.223599053813164	20.163207121035295	29.917094903492337	9.587524117061824E-4
119.0	29.734496258371646	20.20944690188858	20.123013369783145	29.932829666694495	2.1380326213415473E-4
120.0	29.703895801757035	20.20612626991996	20.171396064855617	29.91809797660204	4.8388686534393924E-4
121.0	29.717600472984312	20.22644016271215	20.202094819097017	29.85353920701927	3.253381872515035E-4
122.0	29.676353481153562	20.226797581699746	20.19585394111849	29.90078611204849	2.0888397971520473E-4
123.0	29.679494618995918	20.195682164493086	20.206203384680872	29.918345113758342	2.7471807178373577E-4
124.0	29.669930399255	20.178260424781218	20.176663872135098	29.974753422724635	3.918811040471182E-4
125.0	29.63591482536556	20.21997226423789	20.180568970163296	29.96287135504354	6.725851897129722E-4
126.0	29.679254512103547	20.208923960874138	20.199922568034737	29.911491909812334	4.070491752452483E-4
127.0	29.738932080783346	20.183139972617557	20.18826372042522	29.882323613268913	0.0073406129049638745
128.0	29.788682281630084	20.118381177949864	20.260426210268655	29.831250098724272	0.0012602314271305324
129.0	29.669310204133886	20.128606698767733	20.342220240445474	29.857961054798015	0.0019018018548907425
130.0	29.628914990358936	20.113500715299327	20.349281860877507	29.907755032626206	5.474008380285752E-4
131.0	29.550227119392357	20.1475750613269	20.302507485146297	29.998615830890103	0.0010745032443406697
132.0	29.43554692900402	20.246578567638597	20.262301884027966	30.05336211337158	0.0022105059578380833
133.0	29.416231889627003	20.229489838837505	20.337452213863276	30.016530084801996	2.959728702237472E-4
134.0	29.42977254970082	20.204909081066695	20.287426287622214	30.077209434227136	6.826473831291936E-4
135.0	29.50273217020227	20.136799786822614	20.330659743731715	30.027012521944958	0.002795777298450264
136.0	29.584307770254238	20.160341528655696	20.373522440242436	29.880702309803418	0.0011259510442077608
137.0	29.859038642695484	20.06377237914809	20.263190644239316	29.813554058762488	4.442751546166904E-4
138.0	29.940471728688667	20.045311385457847	20.358100831326116	29.655023237245963	0.0010928172814123017
139.0	29.16300182923937	20.606038655313146	21.510499050321613	28.714454084441982	0.006006380683892176
140.0	27.140326422312466	21.60191531184156	21.486183830640265	29.754470290707243	0.017104144498465652
141.0	28.893154814895922	19.704417741644946	19.279308314678335	32.122728439113516	3.9068966727930283E-4
142.0	31.259146865475284	19.361647750061287	21.227982149524486	28.15044281415649	7.804207824587806E-4
143.0	30.86408231576391	19.161702979728943	21.573526064372864	28.391271951339103	0.00941668879518312
144.0	33.86079438610458	18.446420503824566	19.28958994944604	28.39914576219868	0.0040493984261338115
145.0	27.528319105572972	20.2042615763232	19.110427233074237	33.15673659771428	2.5548731530762093E-4
146.0	27.832996714337437	20.583558729218698	18.9937597786061	32.589457021774365	2.2775606339560552E-4
147.0	28.045566157497436	19.999236670973765	19.464280584645298	32.487809325264344	0.003107261619155728
148.0	30.577071437749204	19.386399382297622	20.220721725143946	29.8155060544543	3.0140035492471343E-4
149.0	33.07254342451964	19.398121399048556	19.266954176330493	28.260361992028223	0.0020190080730816446
150.0	24.25129945021712	25.01120320035792	24.655222599611946	26.03489229081904	0.047382458993978784
