# Position (bp)	A	C	G	T	N
0.0	23.59910278318064	29.46856051644745	28.218020312500187	18.71121507953549	0.003101308336233631
1.0	27.151009321152287	17.610305847153064	18.610210193796078	36.621155076668245	0.007319561230327936
2.0	29.817530699816793	20.714208775362135	18.32838020653661	31.13579950489294	0.004080813391521304
3.0	34.343826670530184	19.118396735323753	19.597104449485535	26.93683547273186	0.0038366719286701116
4.0	34.456011870091494	18.185020830705433	21.059836690484953	26.296257897149122	0.002872711569000581
5.0	35.467416908236615	18.438652954194186	20.218620116571905	25.874259802374816	0.0010502186224766138
6.0	26.830607278284003	18.65092110475975	16.884515252702474	37.631209085592474	0.0027472786613088837
7.0	26.5791200198955	23.254658060205095	17.9384547128176	32.22567021556955	0.0020969915122501415
8.0	26.28206554386277	22.15475887356102	18.523215408435778	33.03781773312554	0.002142441014890789
9.0	33.85567252837735	18.592095512556607	19.35120861024525	28.197471034523318	0.0035523142974769164
10.0	29.231762346938932	23.04362692245713	22.85100361468427	24.871773503763663	0.0018336121560023116
11.0	27.479911423112537	22.913213423940313	20.831322919005295	28.772438955362283	0.0031132785795742845
12.0	29.265221015653815	20.629090574749785	19.929601338457605	30.17457228808919	0.00151478304960116
13.0	29.514533114995455	20.467286406964778	19.993185548386126	30.023445657154447	0.0015492724991925005
14.0	29.552113855169527	20.678858820415694	20.302073498302196	29.461475146739446	0.005478679373135841
15.0	29.824841600858555	20.72274240181317	20.184175939841158	29.26734885710587	8.91200381246142E-4
16.0	29.91392086458698	20.61175230524527	20.304667600764333	29.16720930371588	0.0024499256875411667
17.0	29.895388568547247	20.676357497758026	20.387411380033516	29.03937778503782	0.0014647686233905269
18.0	29.880918702458416	20.553627583799415	20.497434284472575	29.048316046015955	0.019703383253647087
19.0	29.722270658900303	20.683756219689098	20.247287425667913	29.345385810144332	0.0012998855983566637
20.0	29.527336848694567	20.847978558021314	20.174580170876013	29.449238089295292	8.663331128086297E-4
21.0	29.41885760341058	20.83978736289113	20.210673101930087	29.528434677105793	0.00224725466240968
22.0	29.422018165046428	20.616427832632187	20.188671495654038	29.771911263992767	9.712426745776528E-4
23.0	29.580532293911332	20.409856788554315	20.36596127718623	29.642444619646913	0.001205020701202716
24.0	29.557004148882537	20.500848608480936	20.404127126346165	29.536265584627497	0.001754531662863232
25.0	29.620509915424968	20.447173263910372	20.414673643111595	29.516754378999376	8.887985536908587E-4
26.0	29.58023235677882	20.511924365423532	20.338157817349035	29.56773276456486	0.0019526958837521554
27.0	29.538215452847393	20.54499492086451	20.341852883124	29.573907939105553	0.0010288040585384832
28.0	29.492705095509457	20.56393557446708	20.431097978013998	29.51105735056326	0.0012040014462044557
29.0	29.489694031008195	20.56771102215591	20.335285716806958	29.603697673187302	0.003611556841638609
30.0	29.49709295441506	20.517619882658384	20.375767031193327	29.608429857750902	0.0010902739823347477
31.0	29.48084257150413	20.476455496214328	20.36741652662965	29.674297669919646	9.877357322455385E-4
32.0	29.553261807946352	20.431869998793324	20.456557923024867	29.55672967690195	0.0015805933335055473
33.0	29.647367026059957	20.411760112077697	20.407760717903088	29.529041754621787	0.00407038933747314
34.0	29.438507367763588	20.506755044457748	20.4544685706065	29.598120583172825	0.002148433999336003
35.0	29.421466576921144	20.569725228396667	20.369370065788104	29.638151739407032	0.001286389487053383
36.0	29.477660781160512	20.489352858899544	20.39978344595156	29.629054964396367	0.004147949592012699
37.0	29.488094202616004	20.48349024771377	20.30381903307949	29.723336802545823	0.001259714044911805
38.0	29.549344861008368	20.360456195561376	20.341815522117678	29.746854115416355	0.0015293058962208201
39.0	29.49769279659839	20.44073181634337	20.34469403656761	29.715708831341704	0.0011725191489299978
40.0	29.442426362108492	20.416940273810617	20.473552833109697	29.666061140835907	0.0010193901352888472
41.0	29.471417769016867	20.409186512950516	20.351066544074552	29.767013250134454	0.0013159238236067473
42.0	29.398899950019974	20.549229714196223	20.38992985055544	29.660484518732723	0.0014559664956415826
43.0	29.4808230636312	20.404582688712534	20.344367570479086	29.765975620064594	0.004251057112583718
44.0	29.427462708225722	20.46346858478201	20.435741762221582	29.672130014735814	0.0011969300348738522
45.0	29.491298384755932	20.40588203361665	20.446942939346112	29.651452029137502	0.004424613143802902
46.0	29.485986689798604	20.37120658948966	20.48010597365474	29.66167985423642	0.0010208928205712392
47.0	29.492056293297086	20.45977103503516	20.34967993909343	29.697154429090368	0.001338303483954179
48.0	29.445464113479638	20.429576336417473	20.366955183084873	29.751771155688907	0.006233211329112929
49.0	29.447222359728887	20.426799083902527	20.445299343032435	29.67931537170746	0.0013638416286895704
50.0	29.505453895697798	20.419214931410053	20.3527417704247	29.72123151239005	0.0013578900774022726
51.0	29.531802633968933	20.34106285320103	20.383028594869618	29.739297077653713	0.0048088403067045185
52.0	29.40791587609028	20.413500835089717	20.456851646369188	29.72064178177091	0.0010898606799038153
53.0	29.513057879999614	20.400967942542106	20.324924520459227	29.759541677273006	0.0015079797260503498
54.0	29.464157297867562	20.341482717898923	20.444312106890735	29.748389338810654	0.0016585385321260207
55.0	29.43114002223057	20.438234859935815	20.386873410182673	29.742031841753576	0.0017198658973654392
56.0	29.42717760831292	20.392685732314447	20.427170926151504	29.75181273281928	0.0011530004018468446
57.0	29.45054484526015	20.364611296798405	20.479621445682973	29.703865010478353	0.001357401780120416
58.0	29.489951103948947	20.403360939071412	20.397846596013263	29.70683976048133	0.0020016004850500987
59.0	29.490705358456164	20.395789556785417	20.398643353194778	29.71420829219888	6.534393647609219E-4
60.0	29.512480548409403	20.422419180804596	20.38129545245359	29.68137630452114	0.0024285138112666404
61.0	29.467769369877324	20.432980320328316	20.363258024072284	29.735222694148376	7.695915737013547E-4
62.0	29.470610342570225	20.41089513703706	20.385989684006457	29.731512966189182	9.918701970723796E-4
63.0	29.526083409254326	20.382113952332645	20.38564219316544	29.70289203610402	0.003268409143559196
64.0	29.458465734363347	20.340005707417617	20.447036995381893	29.753927153472954	5.644093641845915E-4
65.0	29.453823174025985	20.395657617865826	20.417999879695515	29.730883852670804	0.0016354757418753584
66.0	29.412082463727817	20.42741041248614	20.369790323175003	29.75090757224007	0.03980922837097064
67.0	29.42521780743422	20.400457517920294	20.4556650177052	29.714723293319263	0.003936363621027155
68.0	29.428852827201517	20.369870278468323	20.430861560269424	29.766662677994493	0.0037526560662393357
69.0	29.458100125941623	20.376067468989962	20.40244260270219	29.76287627894079	5.13523425440892E-4
70.0	29.504782209579595	20.315195952954447	20.40976652423112	29.769680416145007	5.74897089827814E-4
71.0	29.37961373651614	20.38293252757018	20.441644252710095	29.774665151998775	0.021144331204803992
72.0	29.41595040301781	20.339109469451596	20.481233420453645	29.762991489494624	7.152175823251928E-4
73.0	29.4193754957822	20.37230585459645	20.44920313610245	29.75099318298095	0.008122330537946955
74.0	29.505007867885396	20.304336660933824	20.43439747218869	29.75603546994352	2.2252904857111874E-4
75.0	29.455199279715117	20.31299418224536	20.456725007787227	29.774527971332233	5.53558920063399E-4
76.0	29.41381800928356	20.37754488225623	20.422275471006763	29.78595417257616	4.074648772821429E-4
77.0	29.45741745483757	20.416420387049545	20.417958207224466	29.707990787695852	2.1316319256340616E-4
78.0	29.44797869574757	20.3342249029404	20.45214993857143	29.765385260707284	2.61202033319546E-4
79.0	29.45196037033137	20.338963338261014	20.45874121883453	29.749962898941057	3.72173632025417E-4
80.0	29.532413550167323	20.310315270357542	20.46656098945185	29.69039707234975	3.1311767353568563E-4
81.0	29.414822860003405	20.304702645806497	20.52669784824351	29.724082415877024	0.029694230069566403
82.0	29.391239489775465	20.288109321508056	20.505768495160247	29.799773684290383	0.015109009265847491
83.0	29.45882097777353	20.342468770933483	20.3934797023776	29.80490779705557	3.227518598172482E-4
84.0	29.46158308301754	20.32302764500717	20.438782560962544	29.776280548950325	3.261620624270926E-4
85.0	29.44514671338958	20.331853814699812	20.461427793461816	29.761093545685835	4.781327629594175E-4
86.0	29.42541255396296	20.347850091793497	20.464623621659765	29.761847012172954	2.667204108294488E-4
87.0	29.496212063729732	20.268148455402173	20.457553699666313	29.77790030468733	1.854765144578943E-4
88.0	29.384195772484556	20.361132053003203	20.46643010432389	29.780957192042866	0.007284878145484988
89.0	29.397771899521537	20.36829602651328	20.455756144958283	29.777985986005344	1.8994300155874134E-4
90.0	29.435294816907415	20.337078455263942	20.441932545849628	29.785362033309266	3.3214866974457766E-4
91.0	29.396565704779785	20.298222231350003	20.510254233026995	29.794639145469958	3.186853732620139E-4
92.0	29.401087008197862	20.33788929523871	20.513364244624384	29.747426226875962	2.3322506308289445E-4
93.0	29.45134079580595	20.268757385755016	20.531757996525933	29.747889258268817	2.545636442749455E-4
94.0	29.427651253483745	20.299170944316714	20.528479903571508	29.74455040934728	1.4748928075561708E-4
95.0	29.45882058120029	20.313023053143603	20.470394841421975	29.75740619874664	3.5532548749721813E-4
96.0	29.401839454600797	20.29294483533951	20.54843940131188	29.756510623245052	2.656855027566769E-4
97.0	29.392884649393352	20.322717856032412	20.441886243313874	29.842087438696474	4.2381256388492793E-4
98.0	29.33489318870761	20.307282379144628	20.595451313046738	29.759810313239438	0.0025628058615869637
99.0	29.366403024084054	20.328163054999177	20.536311352162826	29.769043054553894	7.951420004341475E-5
100.0	29.364598511380883	20.269976415713963	20.53831587584197	29.82250147022863	0.004607726834552292
101.0	29.431512452066517	20.28732644188991	20.528862056623645	29.751805658088443	4.933913314843493E-4
102.0	29.32566550792717	20.26198868492135	20.594334592517384	29.817739177308905	2.720373251950926E-4
103.0	29.302657392545033	20.277456558717883	20.589023065765847	29.830735134589187	1.278483820467631E-4
104.0	29.333491704203745	20.30107547428746	20.579454984165807	29.785825836050538	1.520012924452752E-4
105.0	29.40549211080208	20.316843010318518	20.55886725657448	29.718753348227132	4.427407779309661E-5
106.0	29.370531463039168	20.231270392877846	20.577405938997675	29.820679295525643	1.1290955966852463E-4
107.0	29.34740862563494	20.255824708021137	20.61752763027645	29.779008505205617	2.305308618580695E-4
108.0	29.320938889044562	20.23707459342209	20.623643553137867	29.81817813630765	1.6482808783641707E-4
109.0	29.429956793826534	20.26872179249289	20.60348056685113	29.69745567924785	3.851675816001594E-4
110.0	29.336700947985335	20.200317727692735	20.65710363297894	29.805631352613936	2.463387290547416E-4
111.0	29.34133700384071	20.234226943111842	20.623949253351796	29.799780415394334	7.063843013152876E-4
112.0	29.325788368653487	20.214299750742086	20.636848800769496	29.822830370163516	2.3270967141394397E-4
113.0	29.288014859779793	20.200086096753548	20.67637673244519	29.83520402357767	3.182874437990577E-4
114.0	29.3186731072029	20.27420933412996	20.632309394094698	29.77420906181052	5.991027619181963E-4
115.0	29.33889479170282	20.26630398882185	20.637061660085244	29.739406004001474	0.018333555388609795
116.0	29.31179757485144	20.195547328639076	20.630983248344474	29.861499067560672	1.7278060434047915E-4
117.0	29.286008619290726	20.244267625802813	20.727563782128396	29.73239971033677	0.0097602624412938
118.0	29.3430475134416	20.17084571013141	20.687336072445728	29.798434128508188	3.3657547307212627E-4
119.0	29.3134885472929	20.19461575507222	20.65039191124515	29.840998176010558	5.056103791698636E-4
120.0	29.189065018640285	20.187419105338126	20.80173655780286	29.82161593591754	1.6338230118742987E-4
121.0	29.196129965892855	20.23818145759823	20.828541704599218	29.7368084402157	3.384316939927697E-4
122.0	29.239164907368608	20.251098163738874	20.691276820149103	29.818144014599334	3.1609414407500843E-4
123.0	29.207527524720955	20.24927952733196	20.747860486409405	29.795003895334872	3.2856620280420304E-4
124.0	29.157237851039987	20.17900268196014	20.768098477712886	29.895318757027646	3.422322593451272E-4
125.0	29.14319281436175	20.24270977626247	20.80381985100041	29.810198176600633	7.938177473833783E-5
126.0	29.274756217087226	20.17068956924764	20.79833712643487	29.755967905377346	2.4918185291625825E-4
127.0	29.31627645346002	20.1787741895036	20.79517986263009	29.698449712303383	0.011319782102902043
128.0	29.214296473772723	20.246699012279095	20.86356100560455	29.675260368139284	1.8314020435699702E-4
129.0	29.26335259445637	20.207807636677106	20.836494556096714	29.692248625441586	9.658732822547345E-5
130.0	29.195819570708366	20.209430508543903	20.893147491026596	29.701346777244886	2.55652476249885E-4
131.0	29.05132777598474	20.267804651698558	20.94568381794413	29.734586073158354	5.976812142274209E-4
132.0	29.10754925717574	20.209669681202534	20.742632815840263	29.927153389772005	0.012994856009453758
133.0	29.474529379362714	20.013381839909623	20.61083431103753	29.901005505226696	2.4896446343490044E-4
134.0	29.525662280572117	20.04535671389533	20.78717275587716	29.641606723971613	2.0152568377664504E-4
135.0	29.21203748057623	20.233216693343927	20.643525604327557	29.910855113271257	3.651084810318842E-4
136.0	28.986715482175835	20.426826341173044	20.4321868729378	30.15387126402939	4.0003968393664656E-4
137.0	28.0323333238926	20.852303302367737	20.575807890563045	30.539201455760733	3.54027415883086E-4
138.0	28.43491016712609	21.04017741732592	20.948556701337267	29.575959516519955	3.961976907617594E-4
139.0	28.40334999324598	21.291480931154037	21.825611238687017	28.478544734116802	0.0010131027961637175
140.0	27.683011045216066	22.09056267810917	22.296036854809127	27.909763678588263	0.02062574327737839
141.0	28.06219129570377	21.571557267559253	21.306576372277966	29.05967506445901	0.0
142.0	27.694780689877685	22.101935659812444	23.744529009930844	26.458562591583267	1.920487957580262E-4
143.0	30.71393829382888	19.45454271946407	22.146728911041023	27.681280054555756	0.00351002111026982
144.0	33.163416243770335	18.962949477479665	19.68560281374609	28.186514348132807	0.001517116871098165
145.0	27.17048447357138	20.61641248647435	19.60224372715951	32.61085931279476	0.0
146.0	27.245437234434544	21.05481502858895	19.576022902081235	32.123467160713965	2.5767418130470747E-4
147.0	27.77764769850747	20.387324035267092	20.026223980893956	31.80646285846595	0.002341426865531855
148.0	30.23052998781154	19.69119068633632	20.736666246374984	29.341613079477156	0.0
149.0	32.85733984609102	19.985097028421716	19.359543470536135	27.79748930009069	5.303548604371185E-4
150.0	22.315468825425715	25.856281245318403	25.791085686384392	26.026899410188264	0.010264832683227263
