# Position (bp)	A	C	G	T	N
0.0	27.66265273739111	22.89887362510076	28.82503400501623	20.608361050022708	0.005078582469186482
1.0	27.85799039695882	19.762010908939814	20.80044400553476	31.56262955498536	0.016925133581245796
2.0	29.288746057242047	20.669223378181186	18.998879568785394	31.042827324653572	3.236711377995946E-4
3.0	30.42586454603791	20.312346699643612	20.681699810695918	28.580030073187263	5.887043529682915E-5
4.0	31.8051802011472	19.669806760740173	20.854405811531326	27.67060105633663	6.170244670717257E-6
5.0	32.118375374133514	19.605541851893882	20.666493961115453	27.60883789690093	7.509159562269744E-4
6.0	28.76749938517556	19.04446639330116	19.225312326836693	32.96264842798711	7.346669947362947E-5
7.0	27.908809311348463	21.78480688654739	19.374988734571016	30.931297389300454	9.7678232669886E-5
8.0	27.92763448567997	21.287585733010246	19.739663169967812	31.04494134509196	1.7526625000849658E-4
9.0	31.104794273423796	19.812867031875587	20.101976809181792	28.980226429043743	1.354564750797679E-4
10.0	29.11527477025264	21.815485353757914	21.75793299606898	27.31117768199094	1.291979295256606E-4
11.0	28.296451609454987	21.821736060362824	20.893258998157513	28.988498669639007	5.4662385670583576E-5
12.0	29.213760256936748	20.760066826829433	20.521184832726405	29.504727181041844	2.6090246557228903E-4
13.0	29.4126161943586	20.624141106573653	20.468408838415797	29.494768697536777	6.516311517333593E-5
14.0	29.4108602158824	20.739096094961766	20.547785238453706	29.302229684428987	2.8766273137489418E-5
15.0	29.601993793725434	20.724350145675633	20.437370414896353	29.236231190632722	5.445506985549304E-5
16.0	29.79085429991114	20.588934101361968	20.601803801444905	29.018323158033056	8.46392489306511E-5
17.0	29.772306313316438	20.603748426391075	20.700805577221303	28.92307172328175	6.795978943097208E-5
18.0	29.903811586707885	20.432916216388485	20.84520745873134	28.818045121495434	1.9616676855266828E-5
19.0	29.726235868031914	20.576647185284376	20.57115680788009	29.12591184521458	4.829358904265551E-5
20.0	29.462867927203025	20.844891865749542	20.56109338066568	29.131059282705756	8.754367599276491E-5
21.0	29.292575832487287	20.925235979906326	20.49354654871131	29.2885525685106	8.907038447457909E-5
22.0	29.261311171831938	20.776039113321293	20.47417451641762	29.488259265913403	2.159325157433679E-4
23.0	29.369895965044122	20.649190086973583	20.615863316287818	29.364889019890107	1.6161180436785356E-4
24.0	29.377910551679793	20.704787060240907	20.705154225761618	29.2120559931952	9.216912248271583E-5
25.0	29.398179090003918	20.695463904937604	20.69853996557805	29.207773203726834	4.383575359850347E-5
26.0	29.366378500543362	20.687849987799687	20.700617370947963	29.24497872717764	1.754135313514185E-4
27.0	29.319502168600707	20.727775511474906	20.69074006801087	29.261933839569114	4.8412344397430005E-5
28.0	29.338066147751263	20.706289608556723	20.737408488961158	29.218107101771984	1.286529588704815E-4
29.0	29.30526884826258	20.726202432405113	20.721072175282774	29.246781191429534	6.753526200009615E-4
30.0	29.295615257616102	20.72779585088585	20.739403549100384	29.236783298216924	4.0204418074122196E-4
31.0	29.309438699116463	20.686018655444744	20.730738290314854	29.272858889016216	9.454661077229122E-4
32.0	29.322521565570053	20.715919617683422	20.733520186384187	29.227983804674594	5.482568774142244E-5
33.0	29.361698381180634	20.7013937363627	20.71879009250891	29.218052177868607	6.561207914104572E-5
34.0	29.289191641610618	20.72413020380956	20.726727612045604	29.25986951685057	8.102568364350424E-5
35.0	29.297911823953992	20.717546302569485	20.69851950197273	29.28586764470345	1.547268003439837E-4
36.0	29.30352932255032	20.686594834305428	20.747053384431567	29.262765661293503	5.679741918667477E-5
37.0	29.300833815961152	20.737873837601256	20.707363985717333	29.25385144383455	7.691688570544599E-5
38.0	29.30875113430844	20.690007920774132	20.69504261158199	29.306132046836748	6.628649869503466E-5
39.0	29.314288793239278	20.71664837861228	20.69379345987538	29.275204487800803	6.488047225074559E-5
40.0	29.309594383449312	20.730754720515424	20.735090886883025	29.22449498987789	6.501927434464829E-5
41.0	29.31744763681038	20.714761401180336	20.688383871416534	29.27935899887819	4.809171456084322E-5
42.0	29.277601812293767	20.744358483187288	20.711353133071338	29.266467364930115	2.1920651749170845E-4
43.0	29.274975687023097	20.729310164538063	20.72635010711669	29.269136584278193	2.2745704395828601E-4
44.0	29.256797545724538	20.738485888350127	20.714603296837428	29.289861906256405	2.513628315058111E-4
45.0	29.268821271072692	20.728354516543032	20.72733748715257	29.27489841284584	5.883123858658325E-4
46.0	29.28895001515464	20.698929566073954	20.75218915900633	29.259807382013225	1.2387775185213312E-4
47.0	29.268275741486832	20.72275418765432	20.723766227884365	29.28503097896003	1.728640144486658E-4
48.0	29.279792320616828	20.734869435088804	20.734639483823038	29.250607409968488	9.135050283884287E-5
49.0	29.298926381627005	20.726054629268916	20.700753187107235	29.274145837582072	1.199644147662304E-4
50.0	29.29272670779951	20.743869270026714	20.685218573940638	29.278103186973624	8.226125951385083E-5
51.0	29.28881780783375	20.728118483899692	20.704009398325947	29.277655900531425	0.0013984094091834401
52.0	29.287589506808747	20.721504544817055	20.729888297460374	29.260942966233337	7.468468048447666E-5
53.0	29.29536041788839	20.74589772131897	20.683566564068258	29.274485683542757	6.896131816326609E-4
54.0	29.284151643154548	20.737333338164348	20.70536085119887	29.273058398463313	9.576901891711066E-5
55.0	29.26433985213885	20.717315296708335	20.724844057559306	29.29309417967555	4.0661391795578084E-4
56.0	29.28401383407298	20.70097434747926	20.691609308813135	29.323359190113642	4.331952098428883E-5
57.0	29.292197910684624	20.711415436295486	20.714581738121847	29.28173737570215	6.753919588991188E-5
58.0	29.29822194712029	20.695426384159532	20.695158741817217	29.311115536346144	7.739055681393138E-5
59.0	29.315385244367796	20.679327319143656	20.705646536163513	29.299437288773216	2.036115518205943E-4
60.0	29.304098993193257	20.684467457030166	20.71113602156783	29.29970957261038	5.87955598370673E-4
61.0	29.289409730251435	20.690552866270743	20.711380013078408	29.308434996080422	2.2239431899069082E-4
62.0	29.28749738908159	20.683423524900046	20.68911519280102	29.3399167067196	4.718649774963525E-5
63.0	29.304752693602925	20.71565486558466	20.68203339755323	29.296397882741214	0.0011611605179656565
64.0	29.302998672226956	20.687135914050156	20.699184288592683	29.309865477470904	8.156476593028938E-4
65.0	29.28205763891333	20.715797739329467	20.668850347081392	29.333250038780136	4.4235895679568544E-5
66.0	29.253882324708393	20.700191830206382	20.7017009336884	29.34417729006823	4.762132859467177E-5
67.0	29.29265260162664	20.674612421594638	20.724528776149672	29.30813707352237	6.912710667737894E-5
68.0	29.26910444404966	20.74597276646167	20.6792945267705	29.30558042212461	4.784059355857422E-5
69.0	29.252709803423688	20.72724924093227	20.68594536048404	29.334045988834145	4.9606325851586015E-5
70.0	29.275770485581386	20.705981989477426	20.652624966956402	29.3655628930531	5.966493168779662E-5
71.0	29.237017164476526	20.730812213107903	20.671130849292805	29.360604518639278	4.352544834949672E-4
72.0	29.279758553014045	20.70809878800393	20.696288359765493	29.315721073855695	1.3322536083964085E-4
73.0	29.243126056468604	20.731053027455875	20.701171378983155	29.324507640996266	1.4189609609951504E-4
74.0	29.270438462478097	20.724518122993054	20.674124137607908	29.3302599851743	6.592917466378631E-4
75.0	29.26757000376055	20.713140824040146	20.68312184014006	29.33611198052163	5.535153761539538E-5
76.0	29.269820496346295	20.711040190640535	20.682854975491658	29.33616159572673	1.2274179477827485E-4
77.0	29.263132721958268	20.736761105328725	20.687852560818428	29.312191256491705	6.23554028765727E-5
78.0	29.256873183069153	20.720500204321176	20.678657822485487	29.343794784741068	1.7400538311837952E-4
79.0	29.297711032503386	20.698945393122642	20.691973756912134	29.310829629958523	5.401875033158453E-4
80.0	29.30209957646711	20.683404243530937	20.66679983688233	29.347592798976752	1.0354414287109101E-4
81.0	29.273650492849235	20.71364285303406	20.676650045849268	29.335983449517084	7.3158750353948E-5
82.0	29.239500695317062	20.701571759398636	20.700062239959692	29.358810723830775	5.458149383749349E-5
83.0	29.26045647794083	20.73766865058789	20.63770457322787	29.364110452824804	5.9845418599809045E-5
84.0	29.27763676003729	20.730195167802503	20.667906531944364	29.324186126095046	7.541412079021452E-5
85.0	29.25503262904463	20.70614871438671	20.668278446701198	29.370370118382986	1.7009148447806965E-4
86.0	29.237798251472807	20.724595772354586	20.66420231412383	29.372695805112347	7.078569364296247E-4
87.0	29.23455176467832	20.704317440005656	20.695537975947307	29.365207800590937	3.8501877778016237E-4
88.0	29.27589438113227	20.7138243962328	20.673686004624464	29.336389264724787	2.05953285675743E-4
89.0	29.25720464416095	20.722989253873354	20.668332288741375	29.35143217643133	4.163679299055693E-5
90.0	29.24892623141988	20.728870340169046	20.65893410570251	29.362394576321975	8.747463865887571E-4
91.0	29.22017601372606	20.74202242981843	20.665071689589233	29.372588653654407	1.4121321186626125E-4
92.0	29.246007132285847	20.722890416591436	20.670589573599926	29.360476176403267	3.6701119522211545E-5
93.0	29.21720678660217	20.756532003944972	20.674665983535945	29.351549677639955	4.5548276960362364E-5
94.0	29.256414169289503	20.73095443513358	20.654040422221914	29.3585453155926	4.565776240789205E-5
95.0	29.239861885539923	20.752606176428603	20.651928009776785	29.35535042841209	2.534998425924415E-4
96.0	29.23871465797072	20.752362546733945	20.63486187031142	29.37401680951227	4.411547164706578E-5
97.0	29.227636680576442	20.744693779278155	20.64080652552548	29.386526918684137	3.360959357899682E-4
98.0	29.22671354310953	20.77209123243991	20.622918709025658	29.378228635513683	4.7879911224260605E-5
99.0	29.224680017414563	20.76226759528914	20.635718545342055	29.375636187222483	0.0016976547317628194
100.0	29.225819569024925	20.747307241155152	20.646442114949533	29.380336623525157	9.44513452339771E-5
101.0	29.23996367344174	20.749348891894186	20.627890538372284	29.382745084923478	5.181136831465409E-5
102.0	29.21369441584101	20.78871193239041	20.64511375095562	29.352429749900804	5.0150912154641335E-5
103.0	29.231900826247433	20.774284012650217	20.629936390696084	29.36377821851825	1.0055188801521867E-4
104.0	29.212922921585566	20.778576847675883	20.62239152150998	29.386063701123426	4.500810514959155E-5
105.0	29.22093671111339	20.768952545382387	20.64708938911581	29.362936526658196	8.482773022110619E-5
106.0	29.244718647556027	20.76079723152628	20.635288139046978	29.359150747500678	4.5234370036941465E-5
107.0	29.214003320113825	20.770954227993727	20.64456534515108	29.37036464659217	1.1246014920196826E-4
108.0	29.17097877057367	20.782151364967056	20.667786277055054	29.3789381078839	1.454795203205612E-4
109.0	29.20510404914287	20.752158256743286	20.63893431554703	29.403743214161565	6.0164405253796526E-5
110.0	29.168277351921574	20.77711959538173	20.659931047194863	29.39462448008104	4.752542079921526E-5
111.0	29.212048451266142	20.74611339069913	20.650335143235445	29.39144803933868	5.497546060365035E-5
112.0	29.224597334517338	20.740949645276363	20.63645063216658	29.39795462210134	4.776593837756707E-5
113.0	29.185813311876895	20.769980125696165	20.656830260632965	29.387328412349046	4.7889444932415376E-5
114.0	29.205117806937597	20.803822454224395	20.624313680534804	29.366690660629995	5.539767321278196E-5
115.0	29.210525214756604	20.768016434160778	20.64854131161158	29.372857798056607	5.924141442875744E-5
116.0	29.182770352414483	20.795355709033	20.65650956161175	29.365319830947957	4.4545992809534326E-5
117.0	29.153194129377002	20.78418113760163	20.648025848809862	29.41454677447823	5.21097332718637E-5
118.0	29.15256918488766	20.7930268254939	20.657187581119917	29.397164163352958	5.2245145567663655E-5
119.0	29.184370333346514	20.795918560557514	20.635432549605287	29.384173779846982	1.0477664369950163E-4
120.0	29.137711244315845	20.804796060705097	20.670908114838927	29.38638761989697	1.969602431622391E-4
121.0	29.160992116681605	20.80525538761506	20.693532586246498	29.340167249056215	5.2660400618135305E-5
122.0	29.119452445489408	20.824931458292717	20.662275896755695	29.39328928710232	5.091235985972249E-5
123.0	29.149187348793028	20.79153044331861	20.69011636744797	29.369120464169008	4.537627138640391E-5
124.0	29.142385926750052	20.773035462121285	20.666904585877624	29.417628524339463	4.5500911572845936E-5
125.0	29.11807478533816	20.799884514679807	20.676210809227488	29.405784262417846	4.562833670282756E-5
126.0	29.11476578087545	20.807385273763263	20.67661887482477	29.40117477738405	5.5293152473117805E-5
127.0	29.24856341926865	20.721327124339073	20.63683632234109	29.39319665102232	7.648302887479086E-5
128.0	29.385519925319898	20.57985798163734	20.780235274537294	29.254327378144147	5.9440361328369365E-5
129.0	29.182047935310646	20.62076587848151	20.913106372545485	29.28402596996772	5.384369463894677E-5
130.0	28.997087815054385	20.688745895181555	20.81965381942417	29.494439185507748	7.328483214572048E-5
131.0	28.960088586983307	20.730709156193203	20.537248132601338	29.77190190227905	5.2221943103458013E-5
132.0	28.6399307526791	21.012570556311243	20.409960623482768	29.937479862153378	5.820537350844122E-5
133.0	28.75954361860242	20.854455226853542	20.61920048263452	29.76674617739991	5.449450961003865E-5
134.0	28.86243081969918	20.739141761198688	20.607292872614025	29.791064260401672	7.028608643380717E-5
135.0	29.06134280637428	20.597802458133792	20.774511267238122	29.566271003266586	7.246498721942854E-5
136.0	29.11814566119173	20.71247099093561	20.79865386074541	29.370678405318667	5.1081808577366515E-5
137.0	29.32190038447939	20.647793908101423	20.688572085342923	29.341678431194456	5.519088180403539E-5
138.0	29.339181856632614	20.686025613621368	20.853694442670307	29.121024924509086	7.31625666298415E-5
139.0	28.792931390827608	21.09721659079074	21.908751861265955	28.20104063232	5.9524795698500166E-5
140.0	27.1913659230841	21.90148309514303	21.856496106782657	29.050595139246806	5.973574340774257E-5
141.0	28.78729023881511	20.28248479839912	19.918227621799193	31.01191938867156	7.795231500986216E-5
142.0	30.795896832520388	19.967427795748925	21.339703914919056	27.896909252461633	6.220434999835358E-5
143.0	30.81926954736614	19.559930807901516	21.806669544231518	27.814061606238006	6.849426281981936E-5
144.0	32.686831524499596	19.480371042375005	19.039930042957657	28.79281673542069	5.065474705086037E-5
145.0	27.43419690019358	20.898631096339283	19.71158750911834	31.95504819636565	5.362979831464178E-4
146.0	27.569787004327477	20.98085975443983	19.74220477265988	31.70708682063718	6.164793562640365E-5
147.0	28.472228490043822	20.891145534677385	20.452067725595	30.184475445435105	8.280424868600009E-5
148.0	30.897315084111604	19.276742327442065	20.571943351255463	29.253596748912404	4.024882784673338E-4
149.0	31.249503026793857	21.29565804522745	19.7652377837923	27.673880675659735	0.015720468526654045
150.0	19.767503334598644	29.684940698637796	22.693607586408685	27.850834458827894	0.003113921526980978
